FID,OBJECTID,Name,Address,City,Zip,COUNTY,X,Y,LONGLAT,USNG,FACILITY_T,SHELTER_TY,RPC_Region,Year_Built,Building,AS_IS_A_Re,Generator_,PreMitigat,PreMitig_1,EHPA_Capac,EHPA_Squar,Retrofit_C,Retrofit_S,Risk_Capac,Risk_Squar,Planned_Us,FundingSou,Evacuation,SURGE_ZONE,FLOOD_ZONE,EHPA,General_Po,SPECIAL_NE,Pet_Friend,Does_not_m,Survey_Nee,Asset Elevation,Owned / Maintained,Asset,Asset Sub-Type,Asset Type,Asset Group,Asset Relevancy,Asset ID,Municipality,Water Management District,Souce Dataset Entity,Souce Dataset Name,Source Asset ID,Restricted Public Disclosure,Notes,Regional_Planning_Council,FDEP Regulatory District,RCP Region,FDOT District,Fla House District Number,Fla Senate District Number,Coastal Tidal Flood Risk - 2020,Coastal Tidal Flood Risk - 2040 Intermediate-Low,Coastal Tidal Flood Risk - 2040 Intermediate,Coastal Tidal Flood Risk - 2070 Intermediate-Low,Coastal Tidal Flood Risk - 2070 Intermediate,Storm Surge Flood Risk - 100-Year Current,Storm Surge Flood Risk - 100-Year 2040 Intermediate-Low,Storm Surge Flood Risk - 100-Year 2040 Intermediate,Storm Surge Flood Risk - 100-Year 2070 Intermediate-Low,Storm Surge Flood Risk - 100-Year 2070 Intermediate,Storm Surge Flood Risk - 500-Year Current,Storm Surge Flood Risk - 500-Year 2040 Intermediate-Low,Storm Surge Flood Risk - 500-Year 2040 Intermediate,Storm Surge Flood Risk - 500-Year 2070 Intermediate-Low,Storm Surge Flood Risk - 500-Year 2070 Intermediate,Rainfall-Induced Flood Risk - 100-Year 2020,Rainfall-Induced Flood Risk - 100-Year 2040,Rainfall-Induced Flood Risk - 100-Year 2070,Rainfall-Induced Flood Risk - 500-Year 2020,Rainfall-Induced Flood Risk - 500-Year 2040,Rainfall-Induced Flood Risk - 500-Year 2070,x2,y2
1,1,Easton-Newberry Sports Complex,24880 NW 16th Ave,Newberry,32669,Alachua,-82.60425502,29.66906401,"-82.60425502, 29.66906401",17R LN 44752 83191,SHELTER,RISK,3,2008,1 Main,R, ,0,0,0,0,593,11860,593,11860,0,S-1617-2010,No,No,No,No,Yes, , ,Yes, ,,,SHELTER,,Risk Shelter Inventory,Critical Community and Emergency Facilities,Regionally Significant,RSI_PT_1,Newberry,Suwannee River Water Management District,FDEM,Risk Shelter Inventory - General - FDEM,,,,North Central Florida,Northeast District,Northwest,2,22,6,Not Affected,Not Affected,Not Affected,Not Affected,Not Affected,Not Affected,Not Affected,Not Affected,Not Affected,Not Affected,Not Affected,Not Affected,Not Affected,Not Affected,Not Affected,Not Affected,Not Affected,Not Affected,Not Affected,Not Affected,Not Affected,534895.6543,629905.2537
2,2,University of Florida,3150 Hull Rd,Gainesville,32611,Alachua,-82.36826304,29.63818101,"-82.36826304, 29.63818101",17R LN 67551 79476,SHELTER,RISK,3,2007,110 Steinbrenner Hall 1st Floor,R, ,163,3261,0,0,0,0,163,3261,0,S,No,No,No,No,Yes, , , , ,,,SHELTER,,Risk Shelter Inventory,Critical Community and Emergency Facilities,Regionally Significant,RSI_PT_2,Gainesville,St. Johns River Water Management District,FDEM,Risk Shelter Inventory - General - FDEM,,,,North Central Florida,Northeast District,Northwest,2,22,6,Not Affected,Not Affected,Not Affected,Not Affected,Not Affected,Not Affected,Not Affected,Not Affected,Not Affected,Not Affected,Not Affected,Not Affected,Not Affected,Not Affected,Not Affected,Not Affected,Not Affected,Not Affected,Not Affected,Not Affected,Not Affected,557747.8901,626756.7377
3,3,Meadowbrook ES,11525 NW 39th Ave,Gainesville,32606,Alachua,-82.46277603,29.68814902,"-82.46277603, 29.68814902",17R LN 58471 85125,SHELTER,RISK,3,2011,1 Media / Classroom,A, ,0,0,900,18000,0,0,900,18000,405,L,No,No,No,Yes,Yes, , , , ,,,SHELTER,,Risk Shelter Inventory,Critical Community and Emergency Facilities,Regionally Significant,RSI_PT_3,,Suwannee River Water Management District,FDEM,Risk Shelter Inventory - General - FDEM,,,,North Central Florida,Northeast District,Northwest,2,22,6,Not Affected,Not Affected,Not Affected,Not Affected,Not Affected,Not Affected,Not Affected,Not Affected,Not Affected,Not Affected,Not Affected,Not Affected,Not Affected,Not Affected,Not Affected,Not Affected,Not Affected,Not Affected,Not Affected,Not Affected,Not Affected,548542.1949,632186.5956
4,4,Sidney Lanier Center,312 NW 16th Ave,Gainesville,32601,Alachua,-82.32800802,29.66689901,"-82.32800802, 29.66689901",17R LN 71485 82613,SHELTER,RISK,3,2001,11 Classroom,R, ,0,0,0,0,552,11040,552,11040,0, ,No,No,No,No,Yes, , , , ,,,SHELTER,,Risk Shelter Inventory,Critical Community and Emergency Facilities,Regionally Significant,RSI_PT_4,Gainesville,St. Johns River Water Management District,FDEM,Risk Shelter Inventory - General - FDEM,,,,North Central Florida,Northeast District,Northwest,2,21,6,Not Affected,Not Affected,Not Affected,Not Affected,Not Affected,Not Affected,Not Affected,Not Affected,Not Affected,Not Affected,Not Affected,Not Affected,Not Affected,Not Affected,Not Affected,Not Affected,Not Affected,Not Affected,Not Affected,Not Affected,Not Affected,561596.071,629997.0015
5,5,Lawton M Chiles ES,2525 School House Rd,Gainesville,32608,Alachua,-82.44516599,29.62869098,"-82.44516599, 29.62869098",17R LN 60093 78514,SHELTER,RISK,3,1999,3 Cafeteria,R, ,0,0,0,0,266,5320,266,5320,0,S 12/13 2624,No,No,No,No,Yes, , , , ,,,SHELTER,,Risk Shelter Inventory,Critical Community and Emergency Facilities,Regionally Significant,RSI_PT_5,,St. Johns River Water Management District,FDEM,Risk Shelter Inventory - General - FDEM,,,,North Central Florida,Northeast District,Northwest,2,22,9,Not Affected,Not Affected,Not Affected,Not Affected,Not Affected,Not Affected,Not Affected,Not Affected,Not Affected,Not Affected,Not Affected,Not Affected,Not Affected,Not Affected,Not Affected,Not Affected,Not Affected,Not Affected,Not Affected,Not Affected,Not Affected,550326.9985,625607.1198
6,6,William S Talbot ES,5701 NW 43rd St,Gainesville,32608,Alachua,-82.38745399,29.70747701,"-82.38745399, 29.70747701",17R LN 65785 87177,SHELTER,RISK,3,1984,3 Cafeteria,R, ,0,0,0,0,189,3789,189,3789,172,S-1508-2005,No,No,No,No,Yes, , , , ,,,SHELTER,,Risk Shelter Inventory,Critical Community and Emergency Facilities,Regionally Significant,RSI_PT_6,Gainesville,Suwannee River Water Management District,FDEM,Risk Shelter Inventory - General - FDEM,,,,North Central Florida,Northeast District,Northwest,2,22,6,Not Affected,Not Affected,Not Affected,Not Affected,Not Affected,Not Affected,Not Affected,Not Affected,Not Affected,Not Affected,Not Affected,Not Affected,Not Affected,Not Affected,Not Affected,Not Affected,Not Affected,Not Affected,Not Affected,Not Affected,Not Affected,555792.1109,634425.2232
7,7,Lawton M Chiles ES,2525 School House Rd,Gainesville,32608,Alachua,-82.44516599,29.62869098,"-82.44516599, 29.62869098",17R LN 60093 78514,SHELTER,RISK,3,1999,2 Classroom,R, ,0,0,0,0,589,11780,589,11780,0,S 12/13 2624,No,No,No,No,Yes, , , , ,,,SHELTER,,Risk Shelter Inventory,Critical Community and Emergency Facilities,Regionally Significant,RSI_PT_5,,St. Johns River Water Management District,FDEM,Risk Shelter Inventory - General - FDEM,,,,North Central Florida,Northeast District,Northwest,2,22,9,Not Affected,Not Affected,Not Affected,Not Affected,Not Affected,Not Affected,Not Affected,Not Affected,Not Affected,Not Affected,Not Affected,Not Affected,Not Affected,Not Affected,Not Affected,Not Affected,Not Affected,Not Affected,Not Affected,Not Affected,Not Affected,550326.9985,625607.1198
8,8,Oakview MS,1203 SW 250th St,Newberry,32669,Alachua,-82.60579703,29.640998,"-82.60579703, 29.64099800",17R LN 44559 80083,SHELTER,RISK,3,1993,4 Classroom,R, ,0,0,0,0,457,9148,457,9148,405,S-1508-2005,No,No,No,No,Yes, , ,Yes, ,,,SHELTER,,Risk Shelter Inventory,Critical Community and Emergency Facilities,Regionally Significant,RSI_PT_8,Newberry,Suwannee River Water Management District,FDEM,Risk Shelter Inventory - General - FDEM,,,,North Central Florida,Northeast District,Northwest,2,22,9,Not Affected,Not Affected,Not Affected,Not Affected,Not Affected,Not Affected,Not Affected,Not Affected,Not Affected,Not Affected,Not Affected,Not Affected,Not Affected,Not Affected,Not Affected,Not Affected,Not Affected,Not Affected,Not Affected,Not Affected,Not Affected,534781.8574,626787.7311
9,9,Waldo Community School,13588 NE 148th Ave,Waldo,32694,Alachua,-82.17813032,29.79119606,"-82.17813032, 29.79119606",17R LN 86130 96230,SHELTER,RISK,3,2000,6 Classroom,R, ,0,0,0,0,278,5567,278,5567,0,S-1621X,No,No,No,No,Yes, , ,Yes, ,,,SHELTER,,Risk Shelter Inventory,Critical Community and Emergency Facilities,Regionally Significant,RSI_PT_9,Waldo,Suwannee River Water Management District,FDEM,Risk Shelter Inventory - General - FDEM,,,,North Central Florida,Northeast District,Northwest,2,10,6,Not Affected,Not Affected,Not Affected,Not Affected,Not Affected,Not Affected,Not Affected,Not Affected,Not Affected,Not Affected,Not Affected,Not Affected,Not Affected,Not Affected,Not Affected,Not Affected,Not Affected,Not Affected,Not Affected,Not Affected,Not Affected,575876.6939,644000.3724
10,10,MLK Center,1028 NE 14th St,Gainesville,32602,Alachua,-82.30778501,29.661189,"-82.30778501, 29.66118900",17R LN 73435 81958,SHELTER,RISK,3,1996,1 Gymnasium / Multipurpose,R, ,0,0,0,0,400,8000,400,8000,0, ,No,No,No,No,Yes, , , , ,,,SHELTER,,Risk Shelter Inventory,Critical Community and Emergency Facilities,Regionally Significant,RSI_PT_10,Gainesville,St. Johns River Water Management District,FDEM,Risk Shelter Inventory - General - FDEM,,,,North Central Florida,Northeast District,Northwest,2,21,6,Not Affected,Not Affected,Not Affected,Not Affected,Not Affected,Not Affected,Not Affected,Not Affected,Not Affected,Not Affected,Not Affected,Not Affected,Not Affected,Not Affected,Not Affected,Not Affected,Not Affected,Not Affected,Not Affected,Not Affected,Not Affected,563559.1794,629389.7702
11,11,Joseph Williams ES,1245 SE 7th Ave,Gainesville,32641,Alachua,-82.30905,29.64561002,"-82.30905000, 29.64561002",17R LN 73293 80233,SHELTER,RISK,3,1999,7 Cafeteria,R, ,0,0,0,0,210,4196,210,4196,0,S-1621X,No,No,No,No,Yes, , , , ,,,SHELTER,,Risk Shelter Inventory,Critical Community and Emergency Facilities,Regionally Significant,RSI_PT_11,Gainesville,St. Johns River Water Management District,FDEM,Risk Shelter Inventory - General - FDEM,,,,North Central Florida,Northeast District,Northwest,2,21,9,Not Affected,Not Affected,Not Affected,Not Affected,Not Affected,Not Affected,Not Affected,Not Affected,Not Affected,Not Affected,Not Affected,Not Affected,Not Affected,Not Affected,Not Affected,Not Affected,Not Affected,Not Affected,Not Affected,Not Affected,Not Affected,563460.6375,627658.5936
12,12,University of Florida,3150 Hull Road,Gainesville,32611,Alachua,-82.36826304,29.63818101,"-82.36826304, 29.63818101",17R LN 67551 79476,SHELTER,RISK,3,2011,484 Straughn IFAS Extension 1st Floor,R, ,0,0,0,0,118,2360,118,2360,0,S,No,No,No,No,Yes, , , , ,,,SHELTER,,Risk Shelter Inventory,Critical Community and Emergency Facilities,Regionally Significant,RSI_PT_2,Gainesville,St. Johns River Water Management District,FDEM,Risk Shelter Inventory - General - FDEM,,,,North Central Florida,Northeast District,Northwest,2,22,6,Not Affected,Not Affected,Not Affected,Not Affected,Not Affected,Not Affected,Not Affected,Not Affected,Not Affected,Not Affected,Not Affected,Not Affected,Not Affected,Not Affected,Not Affected,Not Affected,Not Affected,Not Affected,Not Affected,Not Affected,Not Affected,557747.8901,626756.7377
13,13,Alachua County Community Support Services,218 SE 24th St,Gainesville,32641,Alachua,-82.295128,29.64887498,"-82.29512800, 29.64887498",17R LN 74645 80579,SHELTER,RISK,3,2001,1 Main,R, ,0,0,0,0,94,5640,94,5640,0,S 17-SR-3D-03-11-02-,No,No,No,No,Yes, , , , ,,,SHELTER,,Risk Shelter Inventory,Critical Community and Emergency Facilities,Regionally Significant,RSI_PT_13,Gainesville,St. Johns River Water Management District,FDEM,Risk Shelter Inventory - General - FDEM,,,,North Central Florida,Northeast District,Northwest,2,21,9,Not Affected,Not Affected,Not Affected,Not Affected,Not Affected,Not Affected,Not Affected,Not Affected,Not Affected,Not Affected,Not Affected,Not Affected,Not Affected,Not Affected,Not Affected,Not Affected,Not Affected,Not Affected,Not Affected,Not Affected,Not Affected,564801.3521,628039.5838
14,14,Archer Community School,14533 SW 170 St,Archer,32618,Alachua,-82.523042,29.52002501,"-82.52304200, 29.52002501",17R LN 52395 66568,SHELTER,RISK,3,2000,6 Cafeteria,R, ,0,0,0,0,211,4221,211,4221,0,S-1621X,No,No,No,No,Yes, , , , ,,,SHELTER,,Risk Shelter Inventory,Critical Community and Emergency Facilities,Regionally Significant,RSI_PT_14,,Suwannee River Water Management District,FDEM,Risk Shelter Inventory - General - FDEM,,,,North Central Florida,Northeast District,Northwest,2,22,9,Not Affected,Not Affected,Not Affected,Not Affected,Not Affected,Not Affected,Not Affected,Not Affected,Not Affected,Not Affected,Not Affected,Not Affected,Not Affected,Not Affected,Not Affected,Not Affected,Not Affected,Not Affected,Not Affected,Not Affected,Not Affected,542942.5343,613450.3631
15,15,Sidney Lanier Center,312 NW 16th Ave,Gainesville,32601,Alachua,-82.32800802,29.66689901,"-82.32800802, 29.66689901",17R LN 71485 82613,SHELTER,RISK,3,2001,12 Gym,R, ,0,0,0,0,408,8166,408,8166,0, ,No,No,No,No,Yes, , , , ,,,SHELTER,,Risk Shelter Inventory,Critical Community and Emergency Facilities,Regionally Significant,RSI_PT_4,Gainesville,St. Johns River Water Management District,FDEM,Risk Shelter Inventory - General - FDEM,,,,North Central Florida,Northeast District,Northwest,2,21,6,Not Affected,Not Affected,Not Affected,Not Affected,Not Affected,Not Affected,Not Affected,Not Affected,Not Affected,Not Affected,Not Affected,Not Affected,Not Affected,Not Affected,Not Affected,Not Affected,Not Affected,Not Affected,Not Affected,Not Affected,Not Affected,561596.071,629997.0015
16,16,University of Florida,3150 Hull Road,Gainesville,32611,Alachua,-82.36826304,29.63818101,"-82.36826304, 29.63818101",17R LN 67551 79476,SHELTER,RISK,3,1997,316 SW Rec Center,R, ,0,0,0,0,1837,36737,1837,36737,0,S,No,No,No,No,Yes, , , , ,,,SHELTER,,Risk Shelter Inventory,Critical Community and Emergency Facilities,Regionally Significant,RSI_PT_2,Gainesville,St. Johns River Water Management District,FDEM,Risk Shelter Inventory - General - FDEM,,,,North Central Florida,Northeast District,Northwest,2,22,6,Not Affected,Not Affected,Not Affected,Not Affected,Not Affected,Not Affected,Not Affected,Not Affected,Not Affected,Not Affected,Not Affected,Not Affected,Not Affected,Not Affected,Not Affected,Not Affected,Not Affected,Not Affected,Not Affected,Not Affected,Not Affected,557747.8901,626756.7377
17,17,Eastside HS,1201 SE 43rd St,Gainesville,32641,Alachua,-82.26966897,29.63981599,"-82.26966897, 29.63981599",17R LN 77098 79548,SHELTER,RISK,3,2002,15 Classroom,R, ,0,0,0,0,842,16834,842,16834,501,S-1508-2005,No,No,No,No,Yes, , , , ,,,SHELTER,,Risk Shelter Inventory,Critical Community and Emergency Facilities,Regionally Significant,RSI_PT_17,,St. Johns River Water Management District,FDEM,Risk Shelter Inventory - General - FDEM,,,,North Central Florida,Northeast District,Northwest,2,21,9,Not Affected,Not Affected,Not Affected,Not Affected,Not Affected,Not Affected,Not Affected,Not Affected,Not Affected,Not Affected,Not Affected,Not Affected,Not Affected,Not Affected,Not Affected,Not Affected,Not Affected,Not Affected,Not Affected,Not Affected,Not Affected,567276.2994,627068.1794
18,18,Kanapaha MS,5005 SW 75th St,Gainesville,32608,Alachua,-82.42086602,29.607684,"-82.42086602, 29.60768400",17R LN 62417 76157,SHELTER,RISK,3,1995,4 Classroom,R, ,0,0,0,0,450,8995,450,8995,405,S-1508-2005,No,No,No,No,Yes, , , , ,,,SHELTER,,Risk Shelter Inventory,Critical Community and Emergency Facilities,Regionally Significant,RSI_PT_18,,St. Johns River Water Management District,FDEM,Risk Shelter Inventory - General - FDEM,,,,North Central Florida,Northeast District,Northwest,2,21,9,Not Affected,Not Affected,Not Affected,Not Affected,Not Affected,Not Affected,Not Affected,Not Affected,Not Affected,Not Affected,Not Affected,Not Affected,Not Affected,Not Affected,Not Affected,Not Affected,Not Affected,Not Affected,Not Affected,Not Affected,Not Affected,552706.1474,623304.8244
19,19,Santa Fe HS,16213 NW US HWY 441,Alachua,32615,Alachua,-82.52386401,29.80616102,"-82.52386401, 29.80616102",17R LN 52733 98280,SHELTER,RISK,3,2008,34 Classroom,A, ,0,0,546,10919,0,0,546,10919,527,L,No,No,No,Yes,Yes, , , , ,,,SHELTER,,Risk Shelter Inventory,Critical Community and Emergency Facilities,Regionally Significant,RSI_PT_19,Alachua,Suwannee River Water Management District,FDEM,Risk Shelter Inventory - General - FDEM,,,,North Central Florida,Northeast District,Northwest,2,10,6,Not Affected,Not Affected,Not Affected,Not Affected,Not Affected,Not Affected,Not Affected,Not Affected,Not Affected,Not Affected,Not Affected,Not Affected,Not Affected,Not Affected,Not Affected,Not Affected,Not Affected,Not Affected,Not Affected,Not Affected,Not Affected,542482.7102,645215.3189
20,20,Lawton M Chiles ES,2525 School House Rd,Gainesville,32608,Alachua,-82.44516599,29.62869098,"-82.44516599, 29.62869098",17R LN 60093 78514,SHELTER,RISK,3,1999,1 Admin / Classroom,R, ,0,0,0,0,666,13320,666,13320,0,S 12/13 2624,No,No,No,No,Yes, , , , ,,,SHELTER,,Risk Shelter Inventory,Critical Community and Emergency Facilities,Regionally Significant,RSI_PT_5,,St. Johns River Water Management District,FDEM,Risk Shelter Inventory - General - FDEM,,,,North Central Florida,Northeast District,Northwest,2,22,9,Not Affected,Not Affected,Not Affected,Not Affected,Not Affected,Not Affected,Not Affected,Not Affected,Not Affected,Not Affected,Not Affected,Not Affected,Not Affected,Not Affected,Not Affected,Not Affected,Not Affected,Not Affected,Not Affected,Not Affected,Not Affected,550326.9985,625607.1198
21,21,Kanapaha MS,5005 SW 75th St,Gainesville,32608,Alachua,-82.42086602,29.607684,"-82.42086602, 29.60768400",17R LN 62417 76157,SHELTER,RISK,3,1995,3 Classroom,R, ,0,0,0,0,467,9332,467,9332,407,S-1508-2005,No,No,No,No,Yes, , ,Yes, ,,,SHELTER,,Risk Shelter Inventory,Critical Community and Emergency Facilities,Regionally Significant,RSI_PT_18,,St. Johns River Water Management District,FDEM,Risk Shelter Inventory - General - FDEM,,,,North Central Florida,Northeast District,Northwest,2,21,9,Not Affected,Not Affected,Not Affected,Not Affected,Not Affected,Not Affected,Not Affected,Not Affected,Not Affected,Not Affected,Not Affected,Not Affected,Not Affected,Not Affected,Not Affected,Not Affected,Not Affected,Not Affected,Not Affected,Not Affected,Not Affected,552706.1474,623304.8244
22,22,Chester Shell ES,21633 SE 65th Ave,Hawthorne,32640,Alachua,-82.09070503,29.594143,"-82.09070503, 29.59414300",17R LN 94375 74311,SHELTER,RISK,3,2005,2 Cafeteria,R, ,0,0,0,0,184,3681,184,3681,214,S,No,No,No,No,Yes, , , , ,,,SHELTER,,Risk Shelter Inventory,Critical Community and Emergency Facilities,Regionally Significant,RSI_PT_22,Hawthorne,St. Johns River Water Management District,FDEM,Risk Shelter Inventory - General - FDEM,,,,North Central Florida,Northeast District,Northwest,2,21,9,Not Affected,Not Affected,Not Affected,Not Affected,Not Affected,Not Affected,Not Affected,Not Affected,Not Affected,Not Affected,Not Affected,Not Affected,Not Affected,Not Affected,Not Affected,Not Affected,Not Affected,Not Affected,Not Affected,Not Affected,Not Affected,584654.4746,622253.1695
23,23,University of Florida,686 Museum Rd,Gainesville,32611,Alachua,-82.34848194,29.64494386,"-82.34848194, 29.64494386",17R LN 69475 80203,SHELTER,RISK,3,1995,686 Reitz Union,R, ,699,13971,0,0,0,0,699,13971,0,S,No,No,No,No,Yes, , , , ,,,SHELTER,,Risk Shelter Inventory,Critical Community and Emergency Facilities,Regionally Significant,RSI_PT_23,Gainesville,St. Johns River Water Management District,FDEM,Risk Shelter Inventory - General - FDEM,,,,North Central Florida,Northeast District,Northwest,2,22,6,Not Affected,Not Affected,Not Affected,Not Affected,Not Affected,Not Affected,Not Affected,Not Affected,Not Affected,Not Affected,Not Affected,Not Affected,Not Affected,Not Affected,Not Affected,Not Affected,High,Medium,Medium,Medium,Medium,559650.0543,627532.9794
24,24,High Springs Community School,1015 N Main St,High Springs,32643,Alachua,-82.59185006,29.83557492,"-82.59185006, 29.83557492",17R LP 46207 01629,SHELTER,RISK,3,2003,5 Classroom Addition (2003),R, ,0,0,0,0,296,5920,296,5920,296,S-1508-2005,No,No,No,No,Yes, , , , ,,,SHELTER,,Risk Shelter Inventory,Critical Community and Emergency Facilities,Regionally Significant,RSI_PT_24,High Springs,Suwannee River Water Management District,FDEM,Risk Shelter Inventory - General - FDEM,,,,North Central Florida,Northeast District,Northwest,2,10,6,Not Affected,Not Affected,Not Affected,Not Affected,Not Affected,Not Affected,Not Affected,Not Affected,Not Affected,Not Affected,Not Affected,Not Affected,Not Affected,Not Affected,Not Affected,Not Affected,Not Affected,Not Affected,Not Affected,Not Affected,Not Affected,535883.4219,648403.8049
25,25,Oakview MS,1203 SW 250th St,Newberry,32669,Alachua,-82.60579703,29.640998,"-82.60579703, 29.64099800",17R LN 44559 80083,SHELTER,RISK,3,1993,3 Classroom,R, ,0,0,0,0,447,8935,447,8935,405,S-1508-2005,No,No,No,No,Yes, , ,Yes, ,,,SHELTER,,Risk Shelter Inventory,Critical Community and Emergency Facilities,Regionally Significant,RSI_PT_8,Newberry,Suwannee River Water Management District,FDEM,Risk Shelter Inventory - General - FDEM,,,,North Central Florida,Northeast District,Northwest,2,22,9,Not Affected,Not Affected,Not Affected,Not Affected,Not Affected,Not Affected,Not Affected,Not Affected,Not Affected,Not Affected,Not Affected,Not Affected,Not Affected,Not Affected,Not Affected,Not Affected,Not Affected,Not Affected,Not Affected,Not Affected,Not Affected,534781.8574,626787.7311
26,26,Baker MS,211 E Jonathan St,Macclenny,32063,Baker,-82.11830806,30.27471835,"-82.11830806, 30.27471835",17R LP 92436 49756,SHELTER,RISK,4,1995,19 Voc Classroom,R, ,0,0,0,0,30,595,30,595,0,1621X 09-SR-18-04-12-01-315,No,No,No,No,Yes, , , , ,,,SHELTER,,Risk Shelter Inventory,Critical Community and Emergency Facilities,Regionally Significant,RSI_PT_26,Macclenny,St. Johns River Water Management District,FDEM,Risk Shelter Inventory - General - FDEM,,,,Northeast Florida,Northeast District,Northwest,2,10,6,Not Affected,Not Affected,Not Affected,Not Affected,Not Affected,Not Affected,Not Affected,Not Affected,Not Affected,Not Affected,Not Affected,Not Affected,Not Affected,Not Affected,Not Affected,Not Affected,Not Affected,Not Affected,Not Affected,Not Affected,Not Affected,580832.2922,697754.1034
27,27,New Macclenny ES,1 Wildkitten Dr,Macclenny,32063,Baker,-82.12961109,30.29911681,"-82.12961109, 30.29911681",17R LP 91376 52470,SHELTER,RISK,4,2002,1F Classroom,A, ,0,0,306,6127,0,0,306,6127,216,HB7121,No,No,No,Yes,Yes, , , , ,,,SHELTER,,Risk Shelter Inventory,Critical Community and Emergency Facilities,Regionally Significant,RSI_PT_27,Macclenny,St. Johns River Water Management District,FDEM,Risk Shelter Inventory - General - FDEM,,,,Northeast Florida,Northeast District,Northwest,2,10,6,Not Affected,Not Affected,Not Affected,Not Affected,Not Affected,Not Affected,Not Affected,Not Affected,Not Affected,Not Affected,Not Affected,Not Affected,Not Affected,Not Affected,Not Affected,Not Affected,Not Affected,Not Affected,Not Affected,Not Affected,Not Affected,579705.073,700445.2187
28,28,New Macclenny ES,1 Wildkitten Dr,Macclenny,32063,Baker,-82.12961109,30.29911681,"-82.12961109, 30.29911681",17R LP 91376 52470,SHELTER,RISK,4,2002,1D Classroom,A, ,0,0,311,6217,0,0,311,6217,309,HB7121,No,No,No,Yes,Yes, , , , ,,,SHELTER,,Risk Shelter Inventory,Critical Community and Emergency Facilities,Regionally Significant,RSI_PT_27,Macclenny,St. Johns River Water Management District,FDEM,Risk Shelter Inventory - General - FDEM,,,,Northeast Florida,Northeast District,Northwest,2,10,6,Not Affected,Not Affected,Not Affected,Not Affected,Not Affected,Not Affected,Not Affected,Not Affected,Not Affected,Not Affected,Not Affected,Not Affected,Not Affected,Not Affected,Not Affected,Not Affected,Not Affected,Not Affected,Not Affected,Not Affected,Not Affected,579705.073,700445.2187
29,29,Westside ES,1 Panther Cir,Glen Saint Mary,32040,Baker,-82.15856261,30.27982736,"-82.15856261, 30.27982736",17R LP 88570 50361,SHELTER,RISK,4,2000,7 Classroom,R, ,0,0,0,0,285,5706,285,5706,0,1621X,No,No,No, ,Yes, , , , ,,,SHELTER,,Risk Shelter Inventory,Critical Community and Emergency Facilities,Regionally Significant,RSI_PT_29,,St. Johns River Water Management District,FDEM,Risk Shelter Inventory - General - FDEM,,,,Northeast Florida,Northeast District,Northwest,2,10,6,Not Affected,Not Affected,Not Affected,Not Affected,Not Affected,Not Affected,Not Affected,Not Affected,Not Affected,Not Affected,Not Affected,Not Affected,Not Affected,Not Affected,Not Affected,Not Affected,Not Affected,Not Affected,Not Affected,Not Affected,Not Affected,576955.6177,698262.6864
30,30,J Franklin Keller Intermediate School,420 S 8th St,Macclenny,32063,Baker,-82.12698371,30.27648753,"-82.12698371, 30.27648753",17R LP 91604 49960,SHELTER,RISK,4,2000,18 Classroom,A, ,0,0,0,0,0,0,125,2499,0, ,No,No,No,No,Yes, , , , ,,,SHELTER,,Risk Shelter Inventory,Critical Community and Emergency Facilities,Regionally Significant,RSI_PT_30,Macclenny,St. Johns River Water Management District,FDEM,Risk Shelter Inventory - General - FDEM,,,,Northeast Florida,Northeast District,Northwest,2,10,6,Not Affected,Not Affected,Not Affected,Not Affected,Not Affected,Not Affected,Not Affected,Not Affected,Not Affected,Not Affected,Not Affected,Not Affected,Not Affected,Not Affected,Not Affected,Not Affected,Not Affected,Not Affected,Not Affected,Not Affected,Not Affected,579995.6366,697937.7479
31,31,New Macclenny ES,1 Wildkitten Dr,Macclenny,32063,Baker,-82.12961109,30.29911681,"-82.12961109, 30.29911681",17R LP 91376 52470,SHELTER,RISK,4,2002,1B Cafeteria,A, ,0,0,311,6215,0,0,311,6215,296,HB7121,No,No,No,Yes,Yes, , , , ,,,SHELTER,,Risk Shelter Inventory,Critical Community and Emergency Facilities,Regionally Significant,RSI_PT_27,Macclenny,St. Johns River Water Management District,FDEM,Risk Shelter Inventory - General - FDEM,,,,Northeast Florida,Northeast District,Northwest,2,10,6,Not Affected,Not Affected,Not Affected,Not Affected,Not Affected,Not Affected,Not Affected,Not Affected,Not Affected,Not Affected,Not Affected,Not Affected,Not Affected,Not Affected,Not Affected,Not Affected,Not Affected,Not Affected,Not Affected,Not Affected,Not Affected,579705.073,700445.2187
32,32,New Macclenny ES,1 Wildkitten Dr,Macclenny,32063,Baker,-82.12961109,30.29911681,"-82.12961109, 30.29911681",17R LP 91376 52470,SHELTER,RISK,4,2002,1E Classroom,A, ,0,0,311,6217,0,0,311,6217,309,HB7121,No,No,No,Yes,Yes, , , , ,,,SHELTER,,Risk Shelter Inventory,Critical Community and Emergency Facilities,Regionally Significant,RSI_PT_27,Macclenny,St. Johns River Water Management District,FDEM,Risk Shelter Inventory - General - FDEM,,,,Northeast Florida,Northeast District,Northwest,2,10,6,Not Affected,Not Affected,Not Affected,Not Affected,Not Affected,Not Affected,Not Affected,Not Affected,Not Affected,Not Affected,Not Affected,Not Affected,Not Affected,Not Affected,Not Affected,Not Affected,Not Affected,Not Affected,Not Affected,Not Affected,Not Affected,579705.073,700445.2187
33,33,Baker MS,211 E Jonathan St,Macclenny,32063,Baker,-82.11830806,30.27471835,"-82.11830806, 30.27471835",17R LP 92436 49756,SHELTER,RISK,4,2009,20 Classroom,A, ,0,0,0,0,836,16714,836,16714,0,1621X,No,No,No,No,Yes, , , , ,,,SHELTER,,Risk Shelter Inventory,Critical Community and Emergency Facilities,Regionally Significant,RSI_PT_26,Macclenny,St. Johns River Water Management District,FDEM,Risk Shelter Inventory - General - FDEM,,,,Northeast Florida,Northeast District,Northwest,2,10,6,Not Affected,Not Affected,Not Affected,Not Affected,Not Affected,Not Affected,Not Affected,Not Affected,Not Affected,Not Affected,Not Affected,Not Affected,Not Affected,Not Affected,Not Affected,Not Affected,Not Affected,Not Affected,Not Affected,Not Affected,Not Affected,580832.2922,697754.1034
34,34,Phoenix Center,523 W Minnesota Ave,Macclenny,32063,Baker,-82.12945106,30.27684566,"-82.12945106, 30.27684566",17R LP 91367 50002,SHELTER,RISK,4,1995,Main,R, ,0,0,0,0,207,4140,207,4140,0,1621X,No,No,No, ,Yes, , , , ,,,SHELTER,,Risk Shelter Inventory,Critical Community and Emergency Facilities,Regionally Significant,RSI_PT_34,Macclenny,St. Johns River Water Management District,FDEM,Risk Shelter Inventory - General - FDEM,,,,Northeast Florida,Northeast District,Northwest,2,10,6,Not Affected,Not Affected,Not Affected,Not Affected,Not Affected,Not Affected,Not Affected,Not Affected,Not Affected,Not Affected,Not Affected,Not Affected,Not Affected,Not Affected,Not Affected,Not Affected,Not Affected,Not Affected,Not Affected,Not Affected,Not Affected,579757.9406,697973.8932
35,35,New Macclenny ES,1 Wildkitten Dr,Macclenny,32063,Baker,-82.12961109,30.29911681,"-82.12961109, 30.29911681",17R LP 91376 52470,SHELTER,RISK,4,2002,1C Classroom,A, ,0,0,316,6327,0,0,316,6327,239,HB7121,No,No,No,Yes,Yes, , , , ,,,SHELTER,,Risk Shelter Inventory,Critical Community and Emergency Facilities,Regionally Significant,RSI_PT_27,Macclenny,St. Johns River Water Management District,FDEM,Risk Shelter Inventory - General - FDEM,,,,Northeast Florida,Northeast District,Northwest,2,10,6,Not Affected,Not Affected,Not Affected,Not Affected,Not Affected,Not Affected,Not Affected,Not Affected,Not Affected,Not Affected,Not Affected,Not Affected,Not Affected,Not Affected,Not Affected,Not Affected,Not Affected,Not Affected,Not Affected,Not Affected,Not Affected,579705.073,700445.2187
36,36,New Macclenny ES,1 Wildkitten Dr,Macclenny,32063,Baker,-82.12961109,30.29911681,"-82.12961109, 30.29911681",17R LP 91376 52470,SHELTER,RISK,4,2002,1A Admin / Media,A, ,0,0,274,5471,0,0,274,5471,306,L,No,No,No,Yes,Yes, , , , ,,,SHELTER,,Risk Shelter Inventory,Critical Community and Emergency Facilities,Regionally Significant,RSI_PT_27,Macclenny,St. Johns River Water Management District,FDEM,Risk Shelter Inventory - General - FDEM,,,,Northeast Florida,Northeast District,Northwest,2,10,6,Not Affected,Not Affected,Not Affected,Not Affected,Not Affected,Not Affected,Not Affected,Not Affected,Not Affected,Not Affected,Not Affected,Not Affected,Not Affected,Not Affected,Not Affected,Not Affected,Not Affected,Not Affected,Not Affected,Not Affected,Not Affected,579705.073,700445.2187
37,37,Rutherford HS,1000 School Ave,Springfield,32401,Bay,-85.61524301,30.16608099,"-85.61524301, 30.16608099",16R FU 33340 37998,SHELTER,RISK,1,1986,13 Cafeteria,R, ,0,0,0,0,552,11031,552,11031,0,F-HB7121,No,No,No,No,Yes, ,Yes, , ,,,SHELTER,,Risk Shelter Inventory,Critical Community and Emergency Facilities,Regionally Significant,RSI_PT_37,Springfield,Northwest Florida Water Management District,FDEM,Risk Shelter Inventory - General - FDEM,,,,Emerald Coast,Northwest District,Northwest,3,6,2,Not Affected,Not Affected,Not Affected,Not Affected,Not Affected,Not Affected,Not Affected,Not Affected,Not Affected,Not Affected,Not Affected,Not Affected,Not Affected,Not Affected,Not Affected,Not Affected,Not Affected,Not Affected,Not Affected,Not Affected,Not Affected,244614.1666,685334.0667
38,38,Moore ES,1900 Michigan Ave,Panama City,32405,Bay,-85.70702904,30.18332398,"-85.70702904, 30.18332398",16R FU 24479 39805,SHELTER,RISK,1,1996,2 Classroom (10),R, ,0,0,0,0,168,3357,168,3357,0,HMGP,D,5,No,No,Yes, ,Yes, , ,,,SHELTER,,Risk Shelter Inventory,Critical Community and Emergency Facilities,Regionally Significant,RSI_PT_38,Panama City,Northwest Florida Water Management District,FDEM,Risk Shelter Inventory - General - FDEM,,,,Emerald Coast,Northwest District,Northwest,3,6,2,Not Affected,Not Affected,Not Affected,Not Affected,Not Affected,Not Affected,Not Affected,Not Affected,Not Affected,Not Affected,Not Affected,Not Affected,Not Affected,Not Affected,Not Affected,Not Affected,Not Affected,Not Affected,Not Affected,Not Affected,Not Affected,235811.4234,687366.7341
39,39,Moore ES,1900 Michigan Ave,Panama City,32405,Bay,-85.70702904,30.18332398,"-85.70702904, 30.18332398",16R FU 24479 39805,SHELTER,RISK,1,1996,4 Classroom (12),R, ,0,0,0,0,393,7862,393,7862,0,HMGP,D,5,No,No,Yes, ,Yes, , ,,,SHELTER,,Risk Shelter Inventory,Critical Community and Emergency Facilities,Regionally Significant,RSI_PT_38,Panama City,Northwest Florida Water Management District,FDEM,Risk Shelter Inventory - General - FDEM,,,,Emerald Coast,Northwest District,Northwest,3,6,2,Not Affected,Not Affected,Not Affected,Not Affected,Not Affected,Not Affected,Not Affected,Not Affected,Not Affected,Not Affected,Not Affected,Not Affected,Not Affected,Not Affected,Not Affected,Not Affected,Not Affected,Not Affected,Not Affected,Not Affected,Not Affected,235811.4234,687366.7341
40,40,Tommy Smith ES,5044 Tommy Smith Way,Panama City,32404,Bay,-85.56411399,30.241872,"-85.56411399, 30.24187200",16R FU 38157 46459,SHELTER,RISK,1,1991,2 Classroom,R, ,0,0,0,0,400,8007,400,8007,0,HMGP,No,No,No,No,Yes, ,Yes, , ,,,SHELTER,,Risk Shelter Inventory,Critical Community and Emergency Facilities,Regionally Significant,RSI_PT_40,,Northwest Florida Water Management District,FDEM,Risk Shelter Inventory - General - FDEM,,,,Emerald Coast,Northwest District,Northwest,3,6,2,Not Affected,Not Affected,Not Affected,Not Affected,Not Affected,Not Affected,Not Affected,Not Affected,Not Affected,Not Affected,Not Affected,Not Affected,Not Affected,Not Affected,Not Affected,Not Affected,Not Affected,Not Affected,Not Affected,Not Affected,Not Affected,249639.1924,693682.3503
41,41,Cedar Grove ES,2826 East 15th St,Panama City,32405,Bay,-85.62116198,30.17427002,"-85.62116198, 30.17427002",16R FU 32759 38899,SHELTER,RISK,1,1999,13 Music,R, ,0,0,0,0,142,2137,107,2137,206,HMGP,No,No,No,No,Yes, ,Yes, , ,,,SHELTER,,Risk Shelter Inventory,Critical Community and Emergency Facilities,Regionally Significant,RSI_PT_41,,Northwest Florida Water Management District,FDEM,Risk Shelter Inventory - General - FDEM,,,,Emerald Coast,Northwest District,Northwest,3,6,2,Not Affected,Not Affected,Not Affected,Not Affected,Not Affected,Not Affected,Not Affected,Not Affected,Not Affected,Not Affected,Not Affected,Not Affected,Not Affected,Not Affected,Not Affected,Not Affected,Not Affected,Not Affected,Not Affected,Not Affected,Not Affected,244056.7462,686250.4144
42,42,Bozeman Learning Center,13410 SR 77,Panama City,32409,Bay,-85.68895471,30.39417873,"-85.68895471, 30.39417873",16R FU 25949 63194,SHELTER,RISK,1,2000,2 Classroom,R, ,0,0,0,0,436,6541,327,6541,587,HMGP,No,No,No,No,Yes, ,Yes, , ,,,SHELTER,,Risk Shelter Inventory,Critical Community and Emergency Facilities,Regionally Significant,RSI_PT_42,,Northwest Florida Water Management District,FDEM,Risk Shelter Inventory - General - FDEM,,,,Emerald Coast,Northwest District,Northwest,3,6,2,Not Affected,Not Affected,Not Affected,Not Affected,Not Affected,Not Affected,Not Affected,Not Affected,Not Affected,Not Affected,Not Affected,Not Affected,Not Affected,Not Affected,Not Affected,Medium,Medium,Medium,Medium,Medium,Medium,237870.2902,710743.0443
43,43,Oakland Terrace ES,2010 W 12th St,Panama City,32401,Bay,-85.69123301,30.17070302,"-85.69123301, 30.17070302",16R FU 26016 38424,SHELTER,RISK,1,1986,14 Classroom,R, ,0,0,0,0,258,4159,208,4159,258,HMGP,No,No,No,No,Yes, ,Yes, , ,,,SHELTER,,Risk Shelter Inventory,Critical Community and Emergency Facilities,Regionally Significant,RSI_PT_43,Panama City,Northwest Florida Water Management District,FDEM,Risk Shelter Inventory - General - FDEM,,,,Emerald Coast,Northwest District,Northwest,3,6,2,Not Affected,Not Affected,Not Affected,Not Affected,Not Affected,Not Affected,Not Affected,Not Affected,Not Affected,Not Affected,Not Affected,Not Affected,Not Affected,Not Affected,Not Affected,Not Affected,Not Affected,Not Affected,Not Affected,Not Affected,Not Affected,237311.4382,685945.054
44,44,Waller ES,11332 Highway 388,Fountain,32466,Bay,-85.44058896,30.36635101,"-85.44058896, 30.36635101",16R FU 49855 60412,SHELTER,RISK,1,2000,5 Classroom,R, ,0,0,0,0,288,5757,288,5757,0,F-HB7121,No,No,No,No,Yes, ,Yes, , ,,,SHELTER,,Risk Shelter Inventory,Critical Community and Emergency Facilities,Regionally Significant,RSI_PT_44,,Northwest Florida Water Management District,FDEM,Risk Shelter Inventory - General - FDEM,,,,Emerald Coast,Northwest District,Northwest,3,6,2,Not Affected,Not Affected,Not Affected,Not Affected,Not Affected,Not Affected,Not Affected,Not Affected,Not Affected,Not Affected,Not Affected,Not Affected,Not Affected,Not Affected,Not Affected,Not Affected,Not Affected,Not Affected,Medium,Medium,Medium,261674.6834,707352.3435
45,45,Mowat MS,1903 Hwy 390,Lynn Haven,33444,Bay,-85.65584604,30.228498,"-85.65584604, 30.22849800",16R FU 29348 44869,SHELTER,RISK,1,2000,11 Classroom,R, ,0,0,0,0,139,2782,139,2782,139,HMGP,No,No,No,No,Yes, ,Yes, , ,,,SHELTER,,Risk Shelter Inventory,Critical Community and Emergency Facilities,Regionally Significant,RSI_PT_45,Lynn Haven,Northwest Florida Water Management District,FDEM,Risk Shelter Inventory - General - FDEM,,,,Emerald Coast,Northwest District,Northwest,3,6,2,Not Affected,Not Affected,Not Affected,Not Affected,Not Affected,Not Affected,Not Affected,Not Affected,Not Affected,Not Affected,Not Affected,Not Affected,Not Affected,Not Affected,Not Affected,Not Affected,Not Affected,Not Affected,Not Affected,Not Affected,Not Affected,240801.4254,692313.2062
46,46,Bozeman Learning Center,13410 SR 77,Panama City,32409,Bay,-85.68895471,30.39417873,"-85.68895471, 30.39417873",16R FU 25949 63194,SHELTER,RISK,1,2000,7 Classroom,R, ,0,0,0,0,510,7647,382,7647,826,L,No,No,No,No,Yes, ,Yes, , ,,,SHELTER,,Risk Shelter Inventory,Critical Community and Emergency Facilities,Regionally Significant,RSI_PT_42,,Northwest Florida Water Management District,FDEM,Risk Shelter Inventory - General - FDEM,,,,Emerald Coast,Northwest District,Northwest,3,6,2,Not Affected,Not Affected,Not Affected,Not Affected,Not Affected,Not Affected,Not Affected,Not Affected,Not Affected,Not Affected,Not Affected,Not Affected,Not Affected,Not Affected,Not Affected,Medium,Medium,Medium,Medium,Medium,Medium,237870.2902,710743.0443
47,47,Waller ES,11332 Hwy 338,Youngstown,32466,Bay,-85.57356,30.312275,"-85.57356000, 30.31227500",16R FU 37151 54250,SHELTER,RISK,1,1998,4 Classroom,R, ,0,0,0,0,207,4141,207,4141,0,L,No,No,No,No,Yes, ,Yes, , ,,,SHELTER,,Risk Shelter Inventory,Critical Community and Emergency Facilities,Regionally Significant,RSI_PT_47,,Northwest Florida Water Management District,FDEM,Risk Shelter Inventory - General - FDEM,,,,Emerald Coast,Northwest District,Northwest,3,6,2,Not Affected,Not Affected,Not Affected,Not Affected,Not Affected,Not Affected,Not Affected,Not Affected,Not Affected,Not Affected,Not Affected,Not Affected,Not Affected,Not Affected,Not Affected,Not Affected,Not Affected,Not Affected,Not Affected,Not Affected,Not Affected,248830.8891,701507.2482
48,48,Bay County Sheriff Office,3421 Highway 77,Panama City,32404,Bay,-85.650792,30.21048001,"-85.65079200, 30.21048001",16R FU 29858 42878,SHELTER,RISK,1,1994,1 Main,R, ,0,0,0,0,494,9880,494,9880,494,S FY 11-12 1515A,No,No,No,No,Yes, ,Yes, , ,,,SHELTER,,Risk Shelter Inventory,Critical Community and Emergency Facilities,Regionally Significant,RSI_PT_48,Lynn Haven,Northwest Florida Water Management District,FDEM,Risk Shelter Inventory - General - FDEM,,,,Emerald Coast,Northwest District,Northwest,3,6,2,Not Affected,Not Affected,Not Affected,Not Affected,Not Affected,Not Affected,Not Affected,Not Affected,Not Affected,Not Affected,Not Affected,Not Affected,Not Affected,Not Affected,Not Affected,Not Affected,Not Affected,Not Affected,Not Affected,Not Affected,Not Affected,241260.5371,690306.9955
49,49,Rutherford HS,1000 School Ave,Panama City,32401,Bay,-85.61524301,30.16608099,"-85.61524301, 30.16608099",16R FU 33340 37998,SHELTER,RISK,1,1995,2  Media / Classroom 1st Floor,R, ,0,0,0,0,237,4740,237,4740,237,HMGP,No,No,No,No,Yes, ,Yes, , ,,,SHELTER,,Risk Shelter Inventory,Critical Community and Emergency Facilities,Regionally Significant,RSI_PT_37,Springfield,Northwest Florida Water Management District,FDEM,Risk Shelter Inventory - General - FDEM,,,,Emerald Coast,Northwest District,Northwest,3,6,2,Not Affected,Not Affected,Not Affected,Not Affected,Not Affected,Not Affected,Not Affected,Not Affected,Not Affected,Not Affected,Not Affected,Not Affected,Not Affected,Not Affected,Not Affected,Not Affected,Not Affected,Not Affected,Not Affected,Not Affected,Not Affected,244614.1666,685334.0667
50,50,Bozeman Learning Center,13410 SR 77,Panama City,32409,Bay,-85.68895471,30.39417873,"-85.68895471, 30.39417873",16R FU 25949 63194,SHELTER,RISK,1,2000,6 Music,R, ,0,0,0,0,319,4791,240,4791,604,HMGP,No,No,No,No,Yes, ,Yes, , ,,,SHELTER,,Risk Shelter Inventory,Critical Community and Emergency Facilities,Regionally Significant,RSI_PT_42,,Northwest Florida Water Management District,FDEM,Risk Shelter Inventory - General - FDEM,,,,Emerald Coast,Northwest District,Northwest,3,6,2,Not Affected,Not Affected,Not Affected,Not Affected,Not Affected,Not Affected,Not Affected,Not Affected,Not Affected,Not Affected,Not Affected,Not Affected,Not Affected,Not Affected,Not Affected,Medium,Medium,Medium,Medium,Medium,Medium,237870.2902,710743.0443
51,51,Pattersen ES,1025 Redwood Ave,Panama City,32401,Bay,-85.63851796,30.16655301,"-85.63851796, 30.16655301",16R FU 31098 38023,SHELTER,RISK,1,2000,16 Classroom,R, ,0,0,0,0,265,5294,265,5294,0,F-HB7121,No,No,No,No,Yes, ,Yes, , ,,,SHELTER,,Risk Shelter Inventory,Critical Community and Emergency Facilities,Regionally Significant,RSI_PT_51,Panama City,Northwest Florida Water Management District,FDEM,Risk Shelter Inventory - General - FDEM,,,,Emerald Coast,Northwest District,Northwest,3,6,2,Not Affected,Not Affected,Not Affected,Not Affected,Not Affected,Not Affected,Not Affected,Not Affected,Not Affected,Not Affected,Not Affected,Not Affected,Not Affected,Not Affected,Not Affected,Not Affected,Not Affected,Not Affected,Low,Low,Low,242375.9509,685415.9951
52,52,Merritt Brown MS,5601 Merritt Brown Rd,Panama City,32404,Bay,-85.56317597,30.24219998,"-85.56317597, 30.24219998",16R FU 38247 46496,SHELTER,RISK,1,1988,4 Classroom 1st Floor,R, ,0,0,0,0,877,17538,877,17538,0,HMGP,No,No,No,No,Yes, ,Yes, , ,,,SHELTER,,Risk Shelter Inventory,Critical Community and Emergency Facilities,Regionally Significant,RSI_PT_52,,Northwest Florida Water Management District,FDEM,Risk Shelter Inventory - General - FDEM,,,,Emerald Coast,Northwest District,Northwest,3,6,2,Not Affected,Not Affected,Not Affected,Not Affected,Not Affected,Not Affected,Not Affected,Not Affected,Not Affected,Not Affected,Not Affected,Not Affected,Not Affected,Not Affected,Not Affected,Not Affected,Not Affected,Not Affected,Not Affected,Not Affected,Not Affected,249729.8223,693717.6074
53,53,Jinks MS,600 W 11th St,Panama City,32401,Bay,-85.66797901,30.16873,"-85.66797901, 30.16873000",16R FU 28258 38231,SHELTER,RISK,1,2003,10 Cafeteria,R, ,0,0,0,0,76,1836,92,1836,76,HMGP,No,No,No,No,Yes, ,Yes, , ,,,SHELTER,,Risk Shelter Inventory,Critical Community and Emergency Facilities,Regionally Significant,RSI_PT_53,Panama City,Northwest Florida Water Management District,FDEM,Risk Shelter Inventory - General - FDEM,,,,Emerald Coast,Northwest District,Northwest,3,6,2,Not Affected,Not Affected,Not Affected,Not Affected,Not Affected,Not Affected,Not Affected,Not Affected,Not Affected,Not Affected,Not Affected,Not Affected,Not Affected,Not Affected,Not Affected,Not Affected,Not Affected,Not Affected,Not Affected,Not Affected,Not Affected,239545.2626,685695.6081
54,54,Tommy Smith ES,5044 Tommy Smith Way,Panama City,32404,Bay,-85.56411399,30.241872,"-85.56411399, 30.24187200",16R FU 38157 46459,SHELTER,RISK,1,1991,4 Classroom,R, ,0,0,0,0,438,8764,438,8764,0,HMGP,No,No,No,No,Yes, ,Yes, , ,,,SHELTER,,Risk Shelter Inventory,Critical Community and Emergency Facilities,Regionally Significant,RSI_PT_40,,Northwest Florida Water Management District,FDEM,Risk Shelter Inventory - General - FDEM,,,,Emerald Coast,Northwest District,Northwest,3,6,2,Not Affected,Not Affected,Not Affected,Not Affected,Not Affected,Not Affected,Not Affected,Not Affected,Not Affected,Not Affected,Not Affected,Not Affected,Not Affected,Not Affected,Not Affected,Not Affected,Not Affected,Not Affected,Not Affected,Not Affected,Not Affected,249639.1924,693682.3503
55,55,Bozeman Learning Center,13410 SR 77,Panama City,32409,Bay,-85.68895471,30.39417873,"-85.68895471, 30.39417873",16R FU 25949 63194,SHELTER,RISK,1,2000,3 Classroom,R, ,0,0,0,0,526,7894,395,7894,641, ,No,No,No,No,Yes, ,Yes, , ,,,SHELTER,,Risk Shelter Inventory,Critical Community and Emergency Facilities,Regionally Significant,RSI_PT_42,,Northwest Florida Water Management District,FDEM,Risk Shelter Inventory - General - FDEM,,,,Emerald Coast,Northwest District,Northwest,3,6,2,Not Affected,Not Affected,Not Affected,Not Affected,Not Affected,Not Affected,Not Affected,Not Affected,Not Affected,Not Affected,Not Affected,Not Affected,Not Affected,Not Affected,Not Affected,Medium,Medium,Medium,Medium,Medium,Medium,237870.2902,710743.0443
56,56,Moore ES,1900 Michigan Ave,Panama City,32405,Bay,-85.70702904,30.18332398,"-85.70702904, 30.18332398",16R FU 24479 39805,SHELTER,RISK,1,1996,3 Cafeteria (11),R, ,0,0,0,0,483,9661,483,9661,0,HMGP,D,5,No,No,Yes, ,Yes, , ,,,SHELTER,,Risk Shelter Inventory,Critical Community and Emergency Facilities,Regionally Significant,RSI_PT_38,Panama City,Northwest Florida Water Management District,FDEM,Risk Shelter Inventory - General - FDEM,,,,Emerald Coast,Northwest District,Northwest,3,6,2,Not Affected,Not Affected,Not Affected,Not Affected,Not Affected,Not Affected,Not Affected,Not Affected,Not Affected,Not Affected,Not Affected,Not Affected,Not Affected,Not Affected,Not Affected,Not Affected,Not Affected,Not Affected,Not Affected,Not Affected,Not Affected,235811.4234,687366.7341
57,57,Bozeman Learning Center,13410 SR 77,Panama City,32409,Bay,-85.68895471,30.39417873,"-85.68895471, 30.39417873",16R FU 25949 63194,SHELTER,RISK,1,2000,4 Classroom,R, ,0,0,0,0,580,9401,470,9401,580,HMGP,No,No,No,No,Yes, ,Yes, , ,,,SHELTER,,Risk Shelter Inventory,Critical Community and Emergency Facilities,Regionally Significant,RSI_PT_42,,Northwest Florida Water Management District,FDEM,Risk Shelter Inventory - General - FDEM,,,,Emerald Coast,Northwest District,Northwest,3,6,2,Not Affected,Not Affected,Not Affected,Not Affected,Not Affected,Not Affected,Not Affected,Not Affected,Not Affected,Not Affected,Not Affected,Not Affected,Not Affected,Not Affected,Not Affected,Medium,Medium,Medium,Medium,Medium,Medium,237870.2902,710743.0443
58,58,Cedar Grove ES,2826 East 15th St,Panama City,32405,Bay,-85.62116198,30.17427002,"-85.62116198, 30.17427002",16R FU 32759 38899,SHELTER,RISK,1,1999,12 Classroom,R, ,0,0,0,0,306,4865,243,4865,306,HMGP,No,No,No,No,Yes, ,Yes, , ,,,SHELTER,,Risk Shelter Inventory,Critical Community and Emergency Facilities,Regionally Significant,RSI_PT_41,,Northwest Florida Water Management District,FDEM,Risk Shelter Inventory - General - FDEM,,,,Emerald Coast,Northwest District,Northwest,3,6,2,Not Affected,Not Affected,Not Affected,Not Affected,Not Affected,Not Affected,Not Affected,Not Affected,Not Affected,Not Affected,Not Affected,Not Affected,Not Affected,Not Affected,Not Affected,Not Affected,Not Affected,Not Affected,Not Affected,Not Affected,Not Affected,244056.7462,686250.4144
59,59,Parker ES,640 S Hwy 22A,Panama City,32404,Bay,-85.600514,30.13559902,"-85.60051400, 30.13559902",16R FU 34800 34637,SHELTER,RISK,1,2007,2 Multipurpose,A, ,0,0,180,3600,0,0,180,3600,0,L,No,No,No,Yes,Yes, ,Yes, ,Yes,,,SHELTER,,Risk Shelter Inventory,Critical Community and Emergency Facilities,Regionally Significant,RSI_PT_59,Parker,Northwest Florida Water Management District,FDEM,Risk Shelter Inventory - General - FDEM,,,,Emerald Coast,Northwest District,Northwest,3,6,2,Not Affected,Not Affected,Not Affected,Not Affected,Not Affected,Not Affected,Not Affected,Not Affected,Not Affected,Not Affected,Not Affected,Not Affected,Not Affected,Not Affected,Not Affected,Not Affected,Not Affected,Not Affected,Not Affected,Not Affected,Not Affected,245987.1003,681932.4477
60,60,Oakland Terrace ES,2010 W 12th St,Panama City,32401,Bay,-85.69123301,30.17070302,"-85.69123301, 30.17070302",16R FU 26016 38424,SHELTER,RISK,1,2000,13 Classroom,R, ,0,0,0,0,224,3365,168,3365,294,HMGP,No,No,No,No,Yes, ,Yes, , ,,,SHELTER,,Risk Shelter Inventory,Critical Community and Emergency Facilities,Regionally Significant,RSI_PT_43,Panama City,Northwest Florida Water Management District,FDEM,Risk Shelter Inventory - General - FDEM,,,,Emerald Coast,Northwest District,Northwest,3,6,2,Not Affected,Not Affected,Not Affected,Not Affected,Not Affected,Not Affected,Not Affected,Not Affected,Not Affected,Not Affected,Not Affected,Not Affected,Not Affected,Not Affected,Not Affected,Not Affected,Not Affected,Not Affected,Not Affected,Not Affected,Not Affected,237311.4382,685945.054
61,61,Tommy Smith ES,5044 Tommy Smith Way,Panama City,32404,Bay,-85.56411399,30.241872,"-85.56411399, 30.24187200",16R FU 38157 46459,SHELTER,RISK,1,1991,1 Classroom,R, ,0,0,0,0,235,4708,235,4708,0,HMGP,No,No,No,No,Yes, ,Yes, , ,,,SHELTER,,Risk Shelter Inventory,Critical Community and Emergency Facilities,Regionally Significant,RSI_PT_40,,Northwest Florida Water Management District,FDEM,Risk Shelter Inventory - General - FDEM,,,,Emerald Coast,Northwest District,Northwest,3,6,2,Not Affected,Not Affected,Not Affected,Not Affected,Not Affected,Not Affected,Not Affected,Not Affected,Not Affected,Not Affected,Not Affected,Not Affected,Not Affected,Not Affected,Not Affected,Not Affected,Not Affected,Not Affected,Not Affected,Not Affected,Not Affected,249639.1924,693682.3503
62,62,Bozeman Learning Center,13410 SR 77,Panama City,32409,Bay,-85.68895471,30.39417873,"-85.68895471, 30.39417873",16R FU 25949 63194,SHELTER,RISK,1,2000,1 Admin / Clinic,R, ,0,0,0,0,267,5340,267,5340,267, ,No,No,No,No,Yes, ,Yes, , ,,,SHELTER,,Risk Shelter Inventory,Critical Community and Emergency Facilities,Regionally Significant,RSI_PT_42,,Northwest Florida Water Management District,FDEM,Risk Shelter Inventory - General - FDEM,,,,Emerald Coast,Northwest District,Northwest,3,6,2,Not Affected,Not Affected,Not Affected,Not Affected,Not Affected,Not Affected,Not Affected,Not Affected,Not Affected,Not Affected,Not Affected,Not Affected,Not Affected,Not Affected,Not Affected,Medium,Medium,Medium,Medium,Medium,Medium,237870.2902,710743.0443
63,63,Moore ES,1900 Michigan Ave,Panama City,32405,Bay,-85.70702904,30.18332398,"-85.70702904, 30.18332398",16R FU 24479 39805,SHELTER,RISK,1,1996,5 Media (13),R, ,0,0,0,0,46,925,46,925,0,HMGP,D,5,No,No,Yes, ,Yes, , ,,,SHELTER,,Risk Shelter Inventory,Critical Community and Emergency Facilities,Regionally Significant,RSI_PT_38,Panama City,Northwest Florida Water Management District,FDEM,Risk Shelter Inventory - General - FDEM,,,,Emerald Coast,Northwest District,Northwest,3,6,2,Not Affected,Not Affected,Not Affected,Not Affected,Not Affected,Not Affected,Not Affected,Not Affected,Not Affected,Not Affected,Not Affected,Not Affected,Not Affected,Not Affected,Not Affected,Not Affected,Not Affected,Not Affected,Not Affected,Not Affected,Not Affected,235811.4234,687366.7341
64,64,Bozeman Learning Center,13410 SR 77,Panama City,32409,Bay,-85.68895471,30.39417873,"-85.68895471, 30.39417873",16R FU 25949 63194,SHELTER,RISK,1,2000,5 Classroom,R, ,0,0,0,0,686,11518,576,11518,686,HMGP,No,No,No,No,Yes, ,Yes, , ,,,SHELTER,,Risk Shelter Inventory,Critical Community and Emergency Facilities,Regionally Significant,RSI_PT_42,,Northwest Florida Water Management District,FDEM,Risk Shelter Inventory - General - FDEM,,,,Emerald Coast,Northwest District,Northwest,3,6,2,Not Affected,Not Affected,Not Affected,Not Affected,Not Affected,Not Affected,Not Affected,Not Affected,Not Affected,Not Affected,Not Affected,Not Affected,Not Affected,Not Affected,Not Affected,Medium,Medium,Medium,Medium,Medium,Medium,237870.2902,710743.0443
65,65,Tommy Smith ES,5044 Tommy Smith Way,Panama City,32404,Bay,-85.56411399,30.241872,"-85.56411399, 30.24187200",16R FU 38157 46459,SHELTER,RISK,1,1991,3 Classroom,R, ,0,0,0,0,426,8515,426,8515,0,HMGP,No,No,No,No,Yes, ,Yes, , ,,,SHELTER,,Risk Shelter Inventory,Critical Community and Emergency Facilities,Regionally Significant,RSI_PT_40,,Northwest Florida Water Management District,FDEM,Risk Shelter Inventory - General - FDEM,,,,Emerald Coast,Northwest District,Northwest,3,6,2,Not Affected,Not Affected,Not Affected,Not Affected,Not Affected,Not Affected,Not Affected,Not Affected,Not Affected,Not Affected,Not Affected,Not Affected,Not Affected,Not Affected,Not Affected,Not Affected,Not Affected,Not Affected,Not Affected,Not Affected,Not Affected,249639.1924,693682.3503
66,66,Merriam-Cherry St. ES,1125 Cherry St,Panama City,32401,Bay,-85.64585699,30.14689699,"-85.64585699, 30.14689699",16R FU 30417 35837,SHELTER,RISK,1,1996,11 Multipurpose / Cafeteria,A, ,0,0,253,5054,0,0,253,5054,0,L,C,No,No,Yes,Yes, ,Yes, ,Yes,,,SHELTER,,Risk Shelter Inventory,Critical Community and Emergency Facilities,Regionally Significant,RSI_PT_66,Panama City,Northwest Florida Water Management District,FDEM,Risk Shelter Inventory - General - FDEM,,,,Emerald Coast,Northwest District,Northwest,3,6,2,Not Affected,Not Affected,Not Affected,Not Affected,Not Affected,Not Affected,Not Affected,Not Affected,Not Affected,Not Affected,Not Affected,Not Affected,Not Affected,Not Affected,Not Affected,Not Affected,Not Affected,Not Affected,Not Affected,Not Affected,Not Affected,241640.8658,683243.8247
67,67,Bay HS,1204 Harrison Ave,Panama City,32405,Bay,-85.65870603,30.170614,"-85.65870603, 30.17061400",16R FU 29148 38450,SHELTER,RISK,1,2001,7 Cafeteria,R, ,0,0,0,0,680,13609,680,13609,967, ,No,No,No,No,Yes, ,Yes, , ,,,SHELTER,,Risk Shelter Inventory,Critical Community and Emergency Facilities,Regionally Significant,RSI_PT_67,Panama City,Northwest Florida Water Management District,FDEM,Risk Shelter Inventory - General - FDEM,,,,Emerald Coast,Northwest District,Northwest,3,6,2,Not Affected,Not Affected,Not Affected,Not Affected,Not Affected,Not Affected,Not Affected,Not Affected,Not Affected,Not Affected,Not Affected,Not Affected,Not Affected,Not Affected,Not Affected,Not Affected,Not Affected,Not Affected,Not Affected,Not Affected,Not Affected,240440.0554,685892.6743
68,68,New Horizons Learning Center,3100 Minnesota Ave,Panama City,32405,Bay,-85.64554131,30.202286,"-85.64554131, 30.20228600",16R FU 30374 41975,SHELTER,RISK,1,0,2,A, ,0,0,222,4443,0,0,222,4443,0,L,No,No,No,Yes,Yes, ,Yes, ,Yes,,,SHELTER,,Risk Shelter Inventory,Critical Community and Emergency Facilities,Regionally Significant,RSI_PT_68,Lynn Haven,Northwest Florida Water Management District,FDEM,Risk Shelter Inventory - General - FDEM,,,,Emerald Coast,Northwest District,Northwest,3,6,2,Not Affected,Not Affected,Not Affected,Not Affected,Not Affected,Not Affected,Not Affected,Not Affected,Not Affected,Not Affected,Not Affected,Not Affected,Not Affected,Not Affected,Not Affected,Not Affected,Not Affected,Not Affected,Not Affected,Not Affected,Not Affected,241753.2753,689390.8416
69,69,Waller ES,11332 Hwy 338,Youngstown,32466,Bay,-85.57356,30.312275,"-85.57356000, 30.31227500",16R FU 37151 54250,SHELTER,RISK,1,1996,3 Cafeteria,R, ,0,0,0,0,82,1638,82,1638,0,L,No,No,No,No,Yes, ,Yes, , ,,,SHELTER,,Risk Shelter Inventory,Critical Community and Emergency Facilities,Regionally Significant,RSI_PT_47,,Northwest Florida Water Management District,FDEM,Risk Shelter Inventory - General - FDEM,,,,Emerald Coast,Northwest District,Northwest,3,6,2,Not Affected,Not Affected,Not Affected,Not Affected,Not Affected,Not Affected,Not Affected,Not Affected,Not Affected,Not Affected,Not Affected,Not Affected,Not Affected,Not Affected,Not Affected,Not Affected,Not Affected,Not Affected,Not Affected,Not Affected,Not Affected,248830.8891,701507.2482
70,70,Jinks MS,600 W 11th St,Panama City,32401,Bay,-85.66797901,30.16873,"-85.66797901, 30.16873000",16R FU 28258 38231,SHELTER,RISK,1,2003,6 Band / Classroom,R, ,0,0,0,0,125,2769,138,2769,125,HMGP,No,No,No,No,Yes, ,Yes, , ,,,SHELTER,,Risk Shelter Inventory,Critical Community and Emergency Facilities,Regionally Significant,RSI_PT_53,Panama City,Northwest Florida Water Management District,FDEM,Risk Shelter Inventory - General - FDEM,,,,Emerald Coast,Northwest District,Northwest,3,6,2,Not Affected,Not Affected,Not Affected,Not Affected,Not Affected,Not Affected,Not Affected,Not Affected,Not Affected,Not Affected,Not Affected,Not Affected,Not Affected,Not Affected,Not Affected,Not Affected,Not Affected,Not Affected,Not Affected,Not Affected,Not Affected,239545.2626,685695.6081
71,71,Rosenwald HS,1310 E 11th St,Panama City,32401,Bay,-85.64126698,30.16684701,"-85.64126698, 30.16684701",16R FU 30833 38053,SHELTER,RISK,1,2002,13 Classroom,R, ,0,0,0,0,175,3493,175,3493,202, ,No,No,No,No,Yes, ,Yes, , ,,,SHELTER,,Risk Shelter Inventory,Critical Community and Emergency Facilities,Regionally Significant,RSI_PT_71,Panama City,Northwest Florida Water Management District,FDEM,Risk Shelter Inventory - General - FDEM,,,,Emerald Coast,Northwest District,Northwest,3,6,2,Not Affected,Not Affected,Not Affected,Not Affected,Not Affected,Not Affected,Not Affected,Not Affected,Not Affected,Not Affected,Not Affected,Not Affected,Not Affected,Not Affected,Not Affected,Not Affected,Not Affected,Not Affected,Not Affected,Not Affected,Not Affected,242111.9482,685452.1415
72,72,Starke ES,1000 Weldon St,Starke,32091,Bradford,-82.12257998,29.9512,"-82.12257998, 29.95120000",17R LP 91673 13907,SHELTER,RISK,3,1996,5 Classroom / Music,R, ,0,0,0,0,230,4609,230,4609,307,"L, S, HMGP",No,No,No,No,Yes, , , , ,,,SHELTER,,Risk Shelter Inventory,Critical Community and Emergency Facilities,Regionally Significant,RSI_PT_72,Starke,Suwannee River Water Management District,FDEM,Risk Shelter Inventory - General - FDEM,,,,North Central Florida,Northeast District,Northwest,2,10,6,Not Affected,Not Affected,Not Affected,Not Affected,Not Affected,Not Affected,Not Affected,Not Affected,Not Affected,Not Affected,Not Affected,Not Affected,Not Affected,Not Affected,Not Affected,Not Affected,Not Affected,Not Affected,Not Affected,Not Affected,Not Affected,580968.493,661841.4746
73,73,Bradford MS,58 North Orange St,Starke,32091,Bradford,-82.11490652,29.94560105,"-82.11490652, 29.94560105",17R LP 92407 13280,SHELTER,RISK,3,1999,6 Music,R, ,0,0,0,0,52,1040,52,1040,0,1621X,No,No,No,No,Yes, , , , ,,,SHELTER,,Risk Shelter Inventory,Critical Community and Emergency Facilities,Regionally Significant,RSI_PT_73,Starke,Suwannee River Water Management District,FDEM,Risk Shelter Inventory - General - FDEM,,,,North Central Florida,Northeast District,Northwest,2,10,6,Not Affected,Not Affected,Not Affected,Not Affected,Not Affected,Not Affected,Not Affected,Not Affected,Not Affected,Not Affected,Not Affected,Not Affected,Not Affected,Not Affected,Not Affected,Not Affected,Not Affected,Not Affected,Not Affected,Not Affected,Not Affected,581717.5977,661231.2915
74,74,Hampton ES,10501 Hampton Ave,Hampton,32044,Bradford,-82.12928997,29.86913462,"-82.12928997, 29.86913462",17R LP 90936 04819,SHELTER,RISK,3,2000,5 Classroom,R, ,0,0,0,0,124,1900,95,1900,0,1621X,No,No,No,No,Yes, , , , ,,,SHELTER,,Risk Shelter Inventory,Critical Community and Emergency Facilities,Regionally Significant,RSI_PT_74,,Suwannee River Water Management District,FDEM,Risk Shelter Inventory - General - FDEM,,,,North Central Florida,Northeast District,Northwest,2,10,6,Not Affected,Not Affected,Not Affected,Not Affected,Not Affected,Not Affected,Not Affected,Not Affected,Not Affected,Not Affected,Not Affected,Not Affected,Not Affected,Not Affected,Not Affected,Not Affected,Not Affected,Not Affected,Not Affected,Not Affected,Not Affected,580459.9521,652722.4363
75,75,Starke ES,1000 Weldon St,Starke,32091,Bradford,-82.12257998,29.9512,"-82.12257998, 29.95120000",17R LP 91673 13907,SHELTER,RISK,3,1996,6 Classroom,R, ,0,0,0,0,235,4700,235,4700,352,"L, S, HMGP",No,No,No,No,Yes, , , , ,,,SHELTER,,Risk Shelter Inventory,Critical Community and Emergency Facilities,Regionally Significant,RSI_PT_72,Starke,Suwannee River Water Management District,FDEM,Risk Shelter Inventory - General - FDEM,,,,North Central Florida,Northeast District,Northwest,2,10,6,Not Affected,Not Affected,Not Affected,Not Affected,Not Affected,Not Affected,Not Affected,Not Affected,Not Affected,Not Affected,Not Affected,Not Affected,Not Affected,Not Affected,Not Affected,Not Affected,Not Affected,Not Affected,Not Affected,Not Affected,Not Affected,580968.493,661841.4746
76,76,Starke ES,1000 Weldon St,Starke,32091,Bradford,-82.12257998,29.9512,"-82.12257998, 29.95120000",17R LP 91673 13907,SHELTER,RISK,3,1996,2 Classroom,R, ,0,0,0,0,281,5622,281,5622,363,"L, S, HMGP",No,No,No,No,Yes, , , , ,,,SHELTER,,Risk Shelter Inventory,Critical Community and Emergency Facilities,Regionally Significant,RSI_PT_72,Starke,Suwannee River Water Management District,FDEM,Risk Shelter Inventory - General - FDEM,,,,North Central Florida,Northeast District,Northwest,2,10,6,Not Affected,Not Affected,Not Affected,Not Affected,Not Affected,Not Affected,Not Affected,Not Affected,Not Affected,Not Affected,Not Affected,Not Affected,Not Affected,Not Affected,Not Affected,Not Affected,Not Affected,Not Affected,Not Affected,Not Affected,Not Affected,580968.493,661841.4746
77,77,Bradford MS,58 North Orange St,Srtarke,32091,Bradford,-82.11490652,29.94560105,"-82.11490652, 29.94560105",17R LP 92407 13280,SHELTER,RISK,3,1999,7 Classroom,R, ,0,0,0,0,218,4956,248,4956,0,1621X,No,No,No,No,Yes, , , , ,,,SHELTER,,Risk Shelter Inventory,Critical Community and Emergency Facilities,Regionally Significant,RSI_PT_73,Starke,Suwannee River Water Management District,FDEM,Risk Shelter Inventory - General - FDEM,,,,North Central Florida,Northeast District,Northwest,2,10,6,Not Affected,Not Affected,Not Affected,Not Affected,Not Affected,Not Affected,Not Affected,Not Affected,Not Affected,Not Affected,Not Affected,Not Affected,Not Affected,Not Affected,Not Affected,Not Affected,Not Affected,Not Affected,Not Affected,Not Affected,Not Affected,581717.5977,661231.2915
78,78,Central MS,2600 Wingate Blvd,W Melbourne,32904,Brevard,-80.66112327,28.06092648,"-80.66112327, 28.06092648",17R NM 33300 03997,SHELTER,RISK,5,1996,3 Music / Classroom,R, ,0,0,0,0,395,7896,395,7896,395,"F, S",No,No,No,No,Yes, , , , ,,,SHELTER,,Risk Shelter Inventory,Critical Community and Emergency Facilities,Regionally Significant,RSI_PT_78,West Melbourne,St. Johns River Water Management District,FDEM,Risk Shelter Inventory - General - FDEM,,,,East Central Florida,Central District,Northeast,5,33,19,Not Affected,Not Affected,Not Affected,Not Affected,Not Affected,Not Affected,Not Affected,Not Affected,Not Affected,Not Affected,Not Affected,Not Affected,Not Affected,Not Affected,Not Affected,Medium,Medium,Medium,Medium,Medium,Medium,727497.1471,454995.85
79,79,Meadowlane Primary ES,2800 Wingate Blvd,Melbourne,32904,Brevard,-80.66685852,28.06106061,"-80.66685852, 28.06106061",17R NM 32736 04011,SHELTER,RISK,5,1994,4 Classroom,R,230 KW for campus,0,0,0,0,269,5388,269,5388,269, ,No,No,No,No,Yes, , , , ,,,SHELTER,,Risk Shelter Inventory,Critical Community and Emergency Facilities,Regionally Significant,RSI_PT_79,West Melbourne,St. Johns River Water Management District,FDEM,Risk Shelter Inventory - General - FDEM,,,,East Central Florida,Central District,Northeast,5,33,19,Not Affected,Not Affected,Not Affected,Not Affected,Not Affected,Not Affected,Not Affected,Not Affected,Not Affected,Not Affected,Not Affected,Not Affected,Not Affected,Not Affected,Not Affected,Not Affected,Not Affected,Not Affected,Not Affected,Not Affected,Low,726934.3337,454995.522
80,80,Heritage HS,2353 W Malabar Rd,Palm Bay,32907,Brevard,-80.75432896,27.99409662,"-80.75432896, 27.99409662",17R NL 24156 96572,SHELTER,RISK,5,2009,5 Classroom,A,400 KW for campus,730,14595,0,0,0,0,730,14595,730, ,No,No,AE,No,Yes, , , , ,,,SHELTER,,Risk Shelter Inventory,Critical Community and Emergency Facilities,Regionally Significant,RSI_PT_80,,St. Johns River Water Management District,FDEM,Risk Shelter Inventory - General - FDEM,,,,East Central Florida,Central District,Northeast,5,33,19,Not Affected,Not Affected,Not Affected,Not Affected,Not Affected,Not Affected,Not Affected,Not Affected,Not Affected,Not Affected,Not Affected,Not Affected,Not Affected,Not Affected,Not Affected,Medium,Medium,Medium,Medium,Medium,High,718552.435,447332.5059
81,81,Long Leaf ES,4290 N Wickham Rd,Melbourne,32935,Brevard,-80.67417102,28.17865702,"-80.67417102, 28.17865702",17R NM 31983 17036,SHELTER,RISK,5,1997,1 Main,R, ,0,0,0,0,1943,38864,1943,38864,1303,"F, S",No,No,No,No,Yes, , , , ,,,SHELTER,,Risk Shelter Inventory,Critical Community and Emergency Facilities,Regionally Significant,RSI_PT_81,Melbourne,St. Johns River Water Management District,FDEM,Risk Shelter Inventory - General - FDEM,,,,East Central Florida,Central District,Northeast,5,32,19,Not Affected,Not Affected,Not Affected,Not Affected,Not Affected,Not Affected,Not Affected,Not Affected,Not Affected,Not Affected,Not Affected,Not Affected,Not Affected,Not Affected,Not Affected,Not Affected,Not Affected,Not Affected,Not Affected,Not Affected,Not Affected,725865.0691,468031.233
82,82,Viera HS,6103 Stadium Pkwy,Viera,32940,Brevard,-80.73595001,28.252285,"-80.73595001, 28.25228500",17R NM 25901 25178,SHELTER,RISK,5,2005,4 Classroom,A,600 KW for campus,779,15575,0,0,0,0,779,15575,779, ,No,No,No,No,Yes, , , , ,,,SHELTER,,Risk Shelter Inventory,Critical Community and Emergency Facilities,Regionally Significant,RSI_PT_82,,St. Johns River Water Management District,FDEM,Risk Shelter Inventory - General - FDEM,,,,East Central Florida,Central District,Northeast,5,32,19,Not Affected,Not Affected,Not Affected,Not Affected,Not Affected,Not Affected,Not Affected,Not Affected,Not Affected,Not Affected,Not Affected,Not Affected,Not Affected,Not Affected,Not Affected,Not Affected,Not Affected,Not Affected,Not Affected,Not Affected,Not Affected,719596.9735,476043.5148
83,83,Bayside HS,1901 DeGroodt Rd SW,Palm Bay,32908,Brevard,-80.67601797,27.95104698,"-80.67601797, 27.95104698",17R NL 31869 91821,SHELTER,RISK,5,1997,2 Media / Classroom,R,500 KW for campus,0,0,0,0,122,2432,122,2432,0, ,No,No,No,No,Yes, , , , ,,,SHELTER,,Risk Shelter Inventory,Critical Community and Emergency Facilities,Regionally Significant,RSI_PT_83,Palm Bay,St. Johns River Water Management District,FDEM,Risk Shelter Inventory - General - FDEM,,,,East Central Florida,Central District,Northeast,5,33,19,Not Affected,Not Affected,Not Affected,Not Affected,Not Affected,Not Affected,Not Affected,Not Affected,Not Affected,Not Affected,Not Affected,Not Affected,Not Affected,Not Affected,Not Affected,Not Affected,Not Affected,Not Affected,Not Affected,Not Affected,Not Affected,726365.4277,442758.097
84,84,Enterprise ES,7000 Enterprise Rd,Port St. John,32927,Brevard,-80.82356743,28.47554708,"-80.82356743, 28.47554708",17R NM 17270 49895,SHELTER,RISK,5,1994,5 Classroom,R,230 KW for campus,0,0,0,0,376,7523,376,7523,376,HMGP,No,No,No,No,Yes, , , , ,,,SHELTER,,Risk Shelter Inventory,Critical Community and Emergency Facilities,Regionally Significant,RSI_PT_84,,St. Johns River Water Management District,FDEM,Risk Shelter Inventory - General - FDEM,,,,East Central Florida,Central District,Northeast,5,31,19,Not Affected,Not Affected,Not Affected,Not Affected,Not Affected,Not Affected,Not Affected,Not Affected,Not Affected,Not Affected,Not Affected,Not Affected,Not Affected,Not Affected,Not Affected,Not Affected,Not Affected,Not Affected,Not Affected,Not Affected,Low,710381.2907,500606.0124
85,85,Discovery ES,1275 Glendale Ave NW,Palm Bay,32905,Brevard,-80.71874598,28.02940902,"-80.71874598, 28.02940902",17R NM 27646 00492,SHELTER,RISK,5,2003,10 Classroom,A,230 KW for campus,0,0,194,3888,0,0,194,3888,194,L,No,No,No,Yes,Yes, , , , ,,,SHELTER,,Risk Shelter Inventory,Critical Community and Emergency Facilities,Regionally Significant,RSI_PT_85,Palm Bay,St. Johns River Water Management District,FDEM,Risk Shelter Inventory - General - FDEM,,,,East Central Florida,Central District,Northeast,5,33,19,Not Affected,Not Affected,Not Affected,Not Affected,Not Affected,Not Affected,Not Affected,Not Affected,Not Affected,Not Affected,Not Affected,Not Affected,Not Affected,Not Affected,Not Affected,Not Affected,Not Affected,Not Affected,Not Affected,Not Affected,Not Affected,721939.6349,451345.1779
86,86,Bayside HS,1901 DeGroodt Rd SW,Palm Bay,32909,Brevard,-80.67601797,27.95104698,"-80.67601797, 27.95104698",17R NL 31869 91821,SHELTER,RISK,5,2008,9 Auditorium,R,500 KW for campus,0,0,0,0,470,9401,470,9401,0, ,No,No,No,No,Yes, , , , ,,,SHELTER,,Risk Shelter Inventory,Critical Community and Emergency Facilities,Regionally Significant,RSI_PT_83,Palm Bay,St. Johns River Water Management District,FDEM,Risk Shelter Inventory - General - FDEM,,,,East Central Florida,Central District,Northeast,5,33,19,Not Affected,Not Affected,Not Affected,Not Affected,Not Affected,Not Affected,Not Affected,Not Affected,Not Affected,Not Affected,Not Affected,Not Affected,Not Affected,Not Affected,Not Affected,Not Affected,Not Affected,Not Affected,Not Affected,Not Affected,Not Affected,726365.4277,442758.097
87,87,Hans Christian Andersen ES,3011 S Fiske Blvd,Rockledge,32955,Brevard,-80.74414298,28.30920001,"-80.74414298, 28.30920001",17R NM 25084 31481,SHELTER,RISK,5,1990,3 Classroom,R, ,0,0,0,0,355,7103,355,7103,355,"F, S",No,No,No,No,Yes, , , , ,,,SHELTER,,Risk Shelter Inventory,Critical Community and Emergency Facilities,Regionally Significant,RSI_PT_87,Rockledge,St. Johns River Water Management District,FDEM,Risk Shelter Inventory - General - FDEM,,,,East Central Florida,Central District,Northeast,5,32,19,Not Affected,Not Affected,Not Affected,Not Affected,Not Affected,Not Affected,Not Affected,Not Affected,Not Affected,Not Affected,Not Affected,Not Affected,Not Affected,Not Affected,Not Affected,Not Affected,Not Affected,Not Affected,Not Affected,Not Affected,Not Affected,718628.0832,482340.907
88,88,John F. Turner Sr. ES,3175 Jupiter Blvd SE,Palm Bay,32909,Brevard,-80.66043277,27.98746686,"-80.66043277, 27.98746686",17R NL 33391 95860,SHELTER,RISK,5,2003,2 Classroom,A, ,0,0,244,4878,0,0,244,4878,220, ,No,No,No,Yes,Yes, , , , ,,,SHELTER,,Risk Shelter Inventory,Critical Community and Emergency Facilities,Regionally Significant,RSI_PT_88,Palm Bay,St. Johns River Water Management District,FDEM,Risk Shelter Inventory - General - FDEM,,,,East Central Florida,Central District,Northeast,5,33,19,Not Affected,Not Affected,Not Affected,Not Affected,Not Affected,Not Affected,Not Affected,Not Affected,Not Affected,Not Affected,Not Affected,Not Affected,Not Affected,Not Affected,Not Affected,Not Affected,Not Affected,Not Affected,Not Affected,Not Affected,Not Affected,727785.7673,446842.5708
89,89,Palm Bay Community Center,1951 NW Malabar Rd,Palm Bay,32907,Brevard,-80.7310345,27.99901984,"-80.73103450, 27.99901984",17R NL 26445 97122,SHELTER,RISK,5,2005,Main,A,400 KW,484,9675,0,0,0,0,484,9675,484, ,No,No,No,No,Yes, ,Yes, , ,,,SHELTER,,Risk Shelter Inventory,Critical Community and Emergency Facilities,Regionally Significant,RSI_PT_89,Palm Bay,St. Johns River Water Management District,FDEM,Risk Shelter Inventory - General - FDEM,,,,East Central Florida,Central District,Northeast,5,33,19,Not Affected,Not Affected,Not Affected,Not Affected,Not Affected,Not Affected,Not Affected,Not Affected,Not Affected,Not Affected,Not Affected,Not Affected,Not Affected,Not Affected,Not Affected,Low,Medium,Low,Medium,Medium,Low,720823.6874,447939.4554
90,90,Suntree ES,900 Pinehurst Ave,Melbourne,32940,Brevard,-80.68944397,28.24495152,"-80.68944397, 28.24495152",17R NM 30465 24376,SHELTER,RISK,5,1991,3 Classroom,R,230 KW for campus,0,0,0,0,280,5601,280,5601,280,HMGP,No,No,No,No,Yes, , , , ,,,SHELTER,,Risk Shelter Inventory,Critical Community and Emergency Facilities,Regionally Significant,RSI_PT_90,,St. Johns River Water Management District,FDEM,Risk Shelter Inventory - General - FDEM,,,,East Central Florida,Central District,Northeast,5,32,19,Not Affected,Not Affected,Not Affected,Not Affected,Not Affected,Not Affected,Not Affected,Not Affected,Not Affected,Not Affected,Not Affected,Not Affected,Not Affected,Not Affected,Not Affected,Not Affected,Not Affected,Not Affected,Not Affected,Not Affected,Not Affected,724171.3521,475350.7647
91,91,Riviera ES,351 Riviera Dr NE,Palm Bay,32905,Brevard,-80.64328203,28.029572,"-80.64328203, 28.02957200",17R NM 35063 00529,SHELTER,RISK,5,1989,6 Cafeteria,R,230 KW for campus,0,0,0,0,229,4575,229,4575,229,HMGP,No,No,No,No,Yes, , , , ,,,SHELTER,,Risk Shelter Inventory,Critical Community and Emergency Facilities,Regionally Significant,RSI_PT_91,Palm Bay,St. Johns River Water Management District,FDEM,Risk Shelter Inventory - General - FDEM,,,,East Central Florida,Central District,Northeast,5,33,19,Not Affected,Not Affected,Not Affected,Not Affected,Not Affected,Not Affected,Not Affected,Not Affected,Not Affected,Not Affected,Not Affected,Not Affected,Not Affected,Not Affected,Not Affected,Not Affected,Not Affected,Not Affected,Not Affected,Not Affected,Not Affected,729341.4657,451562.5521
92,92,Atlantis ES,7300 Briggs Ave,Port St John,32927,Brevard,-80.79469781,28.48736336,"-80.79469781, 28.48736336",17R NM 20094 51209,SHELTER,RISK,5,1989,1 Admin / Media,R,230 KW for campus,0,0,0,0,63,1259,63,1259,63,HMGP,No,No,No,No,Yes, , , , ,,,SHELTER,,Risk Shelter Inventory,Critical Community and Emergency Facilities,Regionally Significant,RSI_PT_92,,St. Johns River Water Management District,FDEM,Risk Shelter Inventory - General - FDEM,,,,East Central Florida,Central District,Northeast,5,31,19,Not Affected,Not Affected,Not Affected,Not Affected,Not Affected,Not Affected,Not Affected,Not Affected,Not Affected,Not Affected,Not Affected,Not Affected,Not Affected,Not Affected,Not Affected,Medium,Medium,Medium,Medium,Medium,Medium,713167.5125,501990.8353
93,93,Meadowlane Intermediate ES,2700 Wingate Blvd,Melbourne,32904,Brevard,-80.664274,28.06240798,"-80.66427400, 28.06240798",17R NM 32990 04161,SHELTER,RISK,5,2007,1 Classroom 1st and 2nd Floor,A,230 KW for campus,0,0,2288,45763,0,0,2288,45763,2288,L,No,No,No,No,Yes, , , , ,,,SHELTER,,Risk Shelter Inventory,Critical Community and Emergency Facilities,Regionally Significant,RSI_PT_93,West Melbourne,St. Johns River Water Management District,FDEM,Risk Shelter Inventory - General - FDEM,,,,East Central Florida,Central District,Northeast,5,33,19,Not Affected,Not Affected,Not Affected,Not Affected,Not Affected,Not Affected,Not Affected,Not Affected,Not Affected,Not Affected,Not Affected,Not Affected,Not Affected,Not Affected,Not Affected,Not Affected,Not Affected,Not Affected,Not Affected,Not Affected,Not Affected,727183.7291,455151.9559
94,94,Enterprise ES,7000 Enterprise Rd,Port St. John,32927,Brevard,-80.82356743,28.47554708,"-80.82356743, 28.47554708",17R NM 17270 49895,SHELTER,RISK,5,1994,2 Classroom / Music,R,230 KW for campus,0,0,0,0,189,3773,189,3773,189,HMGP,No,No,No,No,Yes, , , , ,,,SHELTER,,Risk Shelter Inventory,Critical Community and Emergency Facilities,Regionally Significant,RSI_PT_84,,St. Johns River Water Management District,FDEM,Risk Shelter Inventory - General - FDEM,,,,East Central Florida,Central District,Northeast,5,31,19,Not Affected,Not Affected,Not Affected,Not Affected,Not Affected,Not Affected,Not Affected,Not Affected,Not Affected,Not Affected,Not Affected,Not Affected,Not Affected,Not Affected,Not Affected,Not Affected,Not Affected,Not Affected,Not Affected,Not Affected,Low,710381.2907,500606.0124
95,95,Manatee ES,3425 Viera Blvd,Viera,32940,Brevard,-80.744549,28.26308801,"-80.74454900, 28.26308801",17R NM 25055 26372,SHELTER,RISK,5,2003,4 Classroom,A, ,217,4338,0,0,0,0,217,4338,217, ,No,No,No,No,Yes, , , , ,,,SHELTER,,Risk Shelter Inventory,Critical Community and Emergency Facilities,Regionally Significant,RSI_PT_95,,St. Johns River Water Management District,FDEM,Risk Shelter Inventory - General - FDEM,,,,East Central Florida,Central District,Northeast,5,32,19,Not Affected,Not Affected,Not Affected,Not Affected,Not Affected,Not Affected,Not Affected,Not Affected,Not Affected,Not Affected,Not Affected,Not Affected,Not Affected,Not Affected,Not Affected,Not Affected,Not Affected,Not Affected,Not Affected,Not Affected,Not Affected,718723.5363,477220.5888
96,96,Heritage HS,2353 W Malabar Rd,Palm Bay,32907,Brevard,-80.75432896,27.99409662,"-80.75432896, 27.99409662",17R NL 24156 96572,SHELTER,RISK,5,2009,2 Auditorium,A,400 kW for campus,795,15901,0,0,0,0,795,15901,795, ,No,No,AE,No,Yes, , , , ,,,SHELTER,,Risk Shelter Inventory,Critical Community and Emergency Facilities,Regionally Significant,RSI_PT_80,,St. Johns River Water Management District,FDEM,Risk Shelter Inventory - General - FDEM,,,,East Central Florida,Central District,Northeast,5,33,19,Not Affected,Not Affected,Not Affected,Not Affected,Not Affected,Not Affected,Not Affected,Not Affected,Not Affected,Not Affected,Not Affected,Not Affected,Not Affected,Not Affected,Not Affected,Medium,Medium,Medium,Medium,Medium,High,718552.435,447332.5059
97,97,Space Coast Jr/Sr HS,6150 Banyan St,Port St. John,32927,Brevard,-80.82718967,28.47554023,"-80.82718967, 28.47554023",17R NM 16915 49894,SHELTER,RISK,5,1994,4 Cafeteria / Classroom,R, ,0,0,0,0,937,18748,937,18748,937,S-1588-2006,No,No,No,No,Yes, , , , ,,,SHELTER,,Risk Shelter Inventory,Critical Community and Emergency Facilities,Regionally Significant,RSI_PT_97,,St. Johns River Water Management District,FDEM,Risk Shelter Inventory - General - FDEM,,,,East Central Florida,Central District,Northeast,5,31,19,Not Affected,Not Affected,Not Affected,Not Affected,Not Affected,Not Affected,Not Affected,Not Affected,Not Affected,Not Affected,Not Affected,Not Affected,Not Affected,Not Affected,Not Affected,High,High,High,High,High,High,710027.4458,500596.139
98,98,Mims ES,2582 US 1,Mims,32754,Brevard,-80.84653969,28.66864812,"-80.84653969, 28.66864812",17R NM 14994 71285,SHELTER,RISK,5,2003,13 Classroom,A, ,0,0,342,6848,0,0,342,6848,342,L,No,No,No,Yes,Yes, , , , ,,,SHELTER,,Risk Shelter Inventory,Critical Community and Emergency Facilities,Regionally Significant,RSI_PT_98,,St. Johns River Water Management District,FDEM,Risk Shelter Inventory - General - FDEM,,,,East Central Florida,Central District,Northeast,5,30,8,Not Affected,Not Affected,Not Affected,Not Affected,Not Affected,Not Affected,Not Affected,Not Affected,Not Affected,Not Affected,Not Affected,Not Affected,Not Affected,Not Affected,Not Affected,Not Affected,Not Affected,Not Affected,Not Affected,Not Affected,Not Affected,707588.7343,521986.3261
99,99,Discovery ES,1275 Glendale Ave NW,Palm Bay,32905,Brevard,-80.71874598,28.02940902,"-80.71874598, 28.02940902",17R NM 27646 00492,SHELTER,RISK,5,1988,4 Classroom,R,230 KW for campus,0,0,0,0,302,6043,302,6043,302,HMGP,No,No,No,No,Yes, , , , ,,,SHELTER,,Risk Shelter Inventory,Critical Community and Emergency Facilities,Regionally Significant,RSI_PT_85,Palm Bay,St. Johns River Water Management District,FDEM,Risk Shelter Inventory - General - FDEM,,,,East Central Florida,Central District,Northeast,5,33,19,Not Affected,Not Affected,Not Affected,Not Affected,Not Affected,Not Affected,Not Affected,Not Affected,Not Affected,Not Affected,Not Affected,Not Affected,Not Affected,Not Affected,Not Affected,Not Affected,Not Affected,Not Affected,Not Affected,Not Affected,Not Affected,721939.6349,451345.1779
100,100,Bayside HS,1901 DeGroodt Rd SW,Palm Bay,32908,Brevard,-80.67601797,27.95104698,"-80.67601797, 27.95104698",17R NL 31869 91821,SHELTER,RISK,5,1997,6 Classroom / Art,R,500 KW for campus,0,0,0,0,1570,31391,1570,31391,0, ,No,No,No,No,Yes, , , , ,,,SHELTER,,Risk Shelter Inventory,Critical Community and Emergency Facilities,Regionally Significant,RSI_PT_83,Palm Bay,St. Johns River Water Management District,FDEM,Risk Shelter Inventory - General - FDEM,,,,East Central Florida,Central District,Northeast,5,33,19,Not Affected,Not Affected,Not Affected,Not Affected,Not Affected,Not Affected,Not Affected,Not Affected,Not Affected,Not Affected,Not Affected,Not Affected,Not Affected,Not Affected,Not Affected,Not Affected,Not Affected,Not Affected,Not Affected,Not Affected,Not Affected,726365.4277,442758.097
101,101,Imperial Estates ES,5525 Kathy Dr,Titusville,32780,Brevard,-80.81349703,28.541038,"-80.81349703, 28.54103800",17R NM 18245 57152,SHELTER,RISK,5,1994,7 Cafeteria / Music,R, ,0,0,0,0,136,2713,136,2713,97,"F, S",No,No,No,No,Yes, , , , ,,,SHELTER,,Risk Shelter Inventory,Critical Community and Emergency Facilities,Regionally Significant,RSI_PT_101,Titusville,St. Johns River Water Management District,FDEM,Risk Shelter Inventory - General - FDEM,,,,East Central Florida,Central District,Northeast,5,31,8,Not Affected,Not Affected,Not Affected,Not Affected,Not Affected,Not Affected,Not Affected,Not Affected,Not Affected,Not Affected,Not Affected,Not Affected,Not Affected,Not Affected,Not Affected,High,High,High,High,High,High,711177.1687,507902.137
102,102,Enterprise ES,7000 Enterprise Rd,Port St. John,32927,Brevard,-80.82356743,28.47554708,"-80.82356743, 28.47554708",17R NM 17270 49895,SHELTER,RISK,5,1994,3 Classroom,R,230 KW for campus,0,0,0,0,285,5706,285,5706,285,HMGP,No,No,No,No,Yes, , , , ,,,SHELTER,,Risk Shelter Inventory,Critical Community and Emergency Facilities,Regionally Significant,RSI_PT_84,,St. Johns River Water Management District,FDEM,Risk Shelter Inventory - General - FDEM,,,,East Central Florida,Central District,Northeast,5,31,19,Not Affected,Not Affected,Not Affected,Not Affected,Not Affected,Not Affected,Not Affected,Not Affected,Not Affected,Not Affected,Not Affected,Not Affected,Not Affected,Not Affected,Not Affected,Not Affected,Not Affected,Not Affected,Not Affected,Not Affected,Low,710381.2907,500606.0124
103,103,Westside ES,2175 DeGroodt Rd SW,Palm Bay,32908,Brevard,-80.67588793,27.94465997,"-80.67588793, 27.94465997",17R NL 31883 91114,SHELTER,RISK,5,2005,4,R, ,246,4924,0,0,0,0,246,4924,0, ,No,No,No,No,Yes, , , , ,,,SHELTER,,Risk Shelter Inventory,Critical Community and Emergency Facilities,Regionally Significant,RSI_PT_103,Palm Bay,St. Johns River Water Management District,FDEM,Risk Shelter Inventory - General - FDEM,,,,East Central Florida,Central District,Northeast,5,33,19,Not Affected,Not Affected,Not Affected,Not Affected,Not Affected,Not Affected,Not Affected,Not Affected,Not Affected,Not Affected,Not Affected,Not Affected,Not Affected,Not Affected,Not Affected,High,High,High,High,High,High,726397.3111,442049.3898
104,104,Bayside HS,1901 DeGroodt Rd SW,Palm Bay,32909,Brevard,-80.67601797,27.95104698,"-80.67601797, 27.95104698",17R NL 31869 91821,SHELTER,RISK,5,1999,7 Classroom,R,500 KW for campus,0,0,0,0,1001,20028,1001,20028,0, ,No,No,No,No,Yes, , , , ,,,SHELTER,,Risk Shelter Inventory,Critical Community and Emergency Facilities,Regionally Significant,RSI_PT_83,Palm Bay,St. Johns River Water Management District,FDEM,Risk Shelter Inventory - General - FDEM,,,,East Central Florida,Central District,Northeast,5,33,19,Not Affected,Not Affected,Not Affected,Not Affected,Not Affected,Not Affected,Not Affected,Not Affected,Not Affected,Not Affected,Not Affected,Not Affected,Not Affected,Not Affected,Not Affected,Not Affected,Not Affected,Not Affected,Not Affected,Not Affected,Not Affected,726365.4277,442758.097
105,105,Jupiter ES,950 Tupelo Road SW,Palm Bay,32908,Brevard,-80.69765803,27.98691801,"-80.69765803, 27.98691801",17R NL 29730 95790,SHELTER,RISK,5,1991,5 Classroom,R,230 KW for campus,0,0,0,0,341,6812,341,6812,341,HMGP,No,No,No,No,Yes, , , , ,,,SHELTER,,Risk Shelter Inventory,Critical Community and Emergency Facilities,Regionally Significant,RSI_PT_105,Palm Bay,St. Johns River Water Management District,FDEM,Risk Shelter Inventory - General - FDEM,,,,East Central Florida,Central District,Northeast,5,33,19,Not Affected,Not Affected,Not Affected,Not Affected,Not Affected,Not Affected,Not Affected,Not Affected,Not Affected,Not Affected,Not Affected,Not Affected,Not Affected,Not Affected,Not Affected,Not Affected,Not Affected,Not Affected,Not Affected,Not Affected,Not Affected,724134.5372,446683.2418
106,106,Discovery ES,1275 Glendale Ave NW,Palm Bay,32905,Brevard,-80.71874598,28.02940902,"-80.71874598, 28.02940902",17R NM 27646 00492,SHELTER,RISK,5,1988,5 Classroom,R,230 KW for campus,0,0,0,0,347,6942,347,6942,347,HMGP,No,No,No,No,Yes, , , , ,,,SHELTER,,Risk Shelter Inventory,Critical Community and Emergency Facilities,Regionally Significant,RSI_PT_85,Palm Bay,St. Johns River Water Management District,FDEM,Risk Shelter Inventory - General - FDEM,,,,East Central Florida,Central District,Northeast,5,33,19,Not Affected,Not Affected,Not Affected,Not Affected,Not Affected,Not Affected,Not Affected,Not Affected,Not Affected,Not Affected,Not Affected,Not Affected,Not Affected,Not Affected,Not Affected,Not Affected,Not Affected,Not Affected,Not Affected,Not Affected,Not Affected,721939.6349,451345.1779
107,107,Atlantis ES,7300 Briggs Ave,Port St John,32927,Brevard,-80.79469781,28.48736336,"-80.79469781, 28.48736336",17R NM 20094 51209,SHELTER,RISK,5,1989,6 Cafeteria,R,230 KW for campus,0,0,0,0,225,4492,225,4492,225,HMGP,No,No,No,No,Yes, , , , ,,,SHELTER,,Risk Shelter Inventory,Critical Community and Emergency Facilities,Regionally Significant,RSI_PT_92,,St. Johns River Water Management District,FDEM,Risk Shelter Inventory - General - FDEM,,,,East Central Florida,Central District,Northeast,5,31,19,Not Affected,Not Affected,Not Affected,Not Affected,Not Affected,Not Affected,Not Affected,Not Affected,Not Affected,Not Affected,Not Affected,Not Affected,Not Affected,Not Affected,Not Affected,Medium,Medium,Medium,Medium,Medium,Medium,713167.5125,501990.8353
108,108,Viera HS,6103 Stadium Pkwy,Viera,32940,Brevard,-80.73595001,28.252285,"-80.73595001, 28.25228500",17R NM 25901 25178,SHELTER,RISK,5,2005,2 Gym,A,600 KW for campus,0,0,1077,21530,0,0,1077,21530,1077, ,No,No,No,Yes,Yes, , , , ,,,SHELTER,,Risk Shelter Inventory,Critical Community and Emergency Facilities,Regionally Significant,RSI_PT_82,,St. Johns River Water Management District,FDEM,Risk Shelter Inventory - General - FDEM,,,,East Central Florida,Central District,Northeast,5,32,19,Not Affected,Not Affected,Not Affected,Not Affected,Not Affected,Not Affected,Not Affected,Not Affected,Not Affected,Not Affected,Not Affected,Not Affected,Not Affected,Not Affected,Not Affected,Not Affected,Not Affected,Not Affected,Not Affected,Not Affected,Not Affected,719596.9735,476043.5148
109,109,Sherwood ES,2541 Post Rd,Melbourne,32935,Brevard,-80.66430703,28.17089198,"-80.66430703, 28.17089198",17R NM 32954 16178,SHELTER,RISK,5,1997,1 Main,R,230 KW for campus,0,0,0,0,1888,37763,1888,37763,1888,"F, S",No,No,No,No,Yes, , , , ,,,SHELTER,,Risk Shelter Inventory,Critical Community and Emergency Facilities,Regionally Significant,RSI_PT_109,Melbourne,St. Johns River Water Management District,FDEM,Risk Shelter Inventory - General - FDEM,,,,East Central Florida,Central District,Northeast,5,32,19,Not Affected,Not Affected,Not Affected,Not Affected,Not Affected,Not Affected,Not Affected,Not Affected,Not Affected,Not Affected,Not Affected,Not Affected,Not Affected,Not Affected,Not Affected,Not Affected,Not Affected,Not Affected,Not Affected,Not Affected,Not Affected,726854.6329,467195.2943
110,110,Riviera ES,351 Riviera Dr NE,Palm Bay,32905,Brevard,-80.64328203,28.029572,"-80.64328203, 28.02957200",17R NM 35063 00529,SHELTER,RISK,5,1989,4 Classroom,R,230 KW for campus,0,0,0,0,234,4672,234,4672,233,HMGP,No,No,No,No,Yes, , , , ,,,SHELTER,,Risk Shelter Inventory,Critical Community and Emergency Facilities,Regionally Significant,RSI_PT_91,Palm Bay,St. Johns River Water Management District,FDEM,Risk Shelter Inventory - General - FDEM,,,,East Central Florida,Central District,Northeast,5,33,19,Not Affected,Not Affected,Not Affected,Not Affected,Not Affected,Not Affected,Not Affected,Not Affected,Not Affected,Not Affected,Not Affected,Not Affected,Not Affected,Not Affected,Not Affected,Not Affected,Not Affected,Not Affected,Not Affected,Not Affected,Not Affected,729341.4657,451562.5521
111,111,Viera HS,6103 Stadium Pkwy,Viera,32940,Brevard,-80.73595001,28.252285,"-80.73595001, 28.25228500",17R NM 25901 25178,SHELTER,RISK,5,2005,3 Classroom,A,600 KW for campus,974,19472,0,0,0,0,974,19472,974, ,No,No,No,No,Yes, , , , ,,,SHELTER,,Risk Shelter Inventory,Critical Community and Emergency Facilities,Regionally Significant,RSI_PT_82,,St. Johns River Water Management District,FDEM,Risk Shelter Inventory - General - FDEM,,,,East Central Florida,Central District,Northeast,5,32,19,Not Affected,Not Affected,Not Affected,Not Affected,Not Affected,Not Affected,Not Affected,Not Affected,Not Affected,Not Affected,Not Affected,Not Affected,Not Affected,Not Affected,Not Affected,Not Affected,Not Affected,Not Affected,Not Affected,Not Affected,Not Affected,719596.9735,476043.5148
112,112,Bayside HS,1901 DeGroodt Rd SW,Palm Bay,32909,Brevard,-80.67601797,27.95104698,"-80.67601797, 27.95104698",17R NL 31869 91821,SHELTER,RISK,5,2008,8 Classroom,R,500 KW for campus,0,0,0,0,279,5587,279,5587,0, ,No,No,No,No,Yes, , , , ,,,SHELTER,,Risk Shelter Inventory,Critical Community and Emergency Facilities,Regionally Significant,RSI_PT_83,Palm Bay,St. Johns River Water Management District,FDEM,Risk Shelter Inventory - General - FDEM,,,,East Central Florida,Central District,Northeast,5,33,19,Not Affected,Not Affected,Not Affected,Not Affected,Not Affected,Not Affected,Not Affected,Not Affected,Not Affected,Not Affected,Not Affected,Not Affected,Not Affected,Not Affected,Not Affected,Not Affected,Not Affected,Not Affected,Not Affected,Not Affected,Not Affected,726365.4277,442758.097
113,113,Meadowlane Primary ES,2800 Wingate Blvd,Melbourne,32904,Brevard,-80.66685852,28.06106061,"-80.66685852, 28.06106061",17R NM 32736 04011,SHELTER,RISK,5,1994,5 Classroom,R,230 KW for campus,0,0,0,0,376,7523,376,7523,376, ,No,No,No,No,Yes, , , , ,,,SHELTER,,Risk Shelter Inventory,Critical Community and Emergency Facilities,Regionally Significant,RSI_PT_79,West Melbourne,St. Johns River Water Management District,FDEM,Risk Shelter Inventory - General - FDEM,,,,East Central Florida,Central District,Northeast,5,33,19,Not Affected,Not Affected,Not Affected,Not Affected,Not Affected,Not Affected,Not Affected,Not Affected,Not Affected,Not Affected,Not Affected,Not Affected,Not Affected,Not Affected,Not Affected,Not Affected,Not Affected,Not Affected,Not Affected,Not Affected,Low,726934.3337,454995.522
114,114,Space Coast Jr/Sr HS,6150 Banyan St,Port St. John,32927,Brevard,-80.82718967,28.47554023,"-80.82718967, 28.47554023",17R NM 16915 49894,SHELTER,RISK,5,2004,11 Music,R, ,0,0,307,6147,0,0,307,6147,300,"F, S",No,No,No,Yes,Yes, , , , ,,,SHELTER,,Risk Shelter Inventory,Critical Community and Emergency Facilities,Regionally Significant,RSI_PT_97,,St. Johns River Water Management District,FDEM,Risk Shelter Inventory - General - FDEM,,,,East Central Florida,Central District,Northeast,5,31,19,Not Affected,Not Affected,Not Affected,Not Affected,Not Affected,Not Affected,Not Affected,Not Affected,Not Affected,Not Affected,Not Affected,Not Affected,Not Affected,Not Affected,Not Affected,High,High,High,High,High,High,710027.4458,500596.139
115,115,Hans Christian Andersen ES,3011 S Fiske Blvd,Rockledge,32955,Brevard,-80.74414298,28.30920001,"-80.74414298, 28.30920001",17R NM 25084 31481,SHELTER,RISK,5,1990,2 Classroom,R, ,0,0,0,0,119,2387,119,2387,119,"F, S",No,No,No,No,Yes, , , , ,,,SHELTER,,Risk Shelter Inventory,Critical Community and Emergency Facilities,Regionally Significant,RSI_PT_87,Rockledge,St. Johns River Water Management District,FDEM,Risk Shelter Inventory - General - FDEM,,,,East Central Florida,Central District,Northeast,5,32,19,Not Affected,Not Affected,Not Affected,Not Affected,Not Affected,Not Affected,Not Affected,Not Affected,Not Affected,Not Affected,Not Affected,Not Affected,Not Affected,Not Affected,Not Affected,Not Affected,Not Affected,Not Affected,Not Affected,Not Affected,Not Affected,718628.0832,482340.907
116,116,Riviera ES,351 Riviera Dr NE,Palm Bay,32905,Brevard,-80.64328203,28.029572,"-80.64328203, 28.02957200",17R NM 35063 00529,SHELTER,RISK,5,1989,5 Classroom,R,230 KW for campus,0,0,0,0,368,7368,368,7368,368,HMGP,No,No,No,No,Yes, , , , ,,,SHELTER,,Risk Shelter Inventory,Critical Community and Emergency Facilities,Regionally Significant,RSI_PT_91,Palm Bay,St. Johns River Water Management District,FDEM,Risk Shelter Inventory - General - FDEM,,,,East Central Florida,Central District,Northeast,5,33,19,Not Affected,Not Affected,Not Affected,Not Affected,Not Affected,Not Affected,Not Affected,Not Affected,Not Affected,Not Affected,Not Affected,Not Affected,Not Affected,Not Affected,Not Affected,Not Affected,Not Affected,Not Affected,Not Affected,Not Affected,Not Affected,729341.4657,451562.5521
117,117,Enterprise ES,7000 Enterprise Rd,Port St. John,32927,Brevard,-80.82356743,28.47554708,"-80.82356743, 28.47554708",17R NM 17270 49895,SHELTER,RISK,5,1994,4 Classroom,R,230 KW for campus,0,0,0,0,269,5388,269,5388,269,HMGP,No,No,No,No,Yes, , , , ,,,SHELTER,,Risk Shelter Inventory,Critical Community and Emergency Facilities,Regionally Significant,RSI_PT_84,,St. Johns River Water Management District,FDEM,Risk Shelter Inventory - General - FDEM,,,,East Central Florida,Central District,Northeast,5,31,19,Not Affected,Not Affected,Not Affected,Not Affected,Not Affected,Not Affected,Not Affected,Not Affected,Not Affected,Not Affected,Not Affected,Not Affected,Not Affected,Not Affected,Not Affected,Not Affected,Not Affected,Not Affected,Not Affected,Not Affected,Low,710381.2907,500606.0124
118,118,Heritage HS,2353 W Malabar Rd,Palm Bay,32907,Brevard,-80.75432896,27.99409662,"-80.75432896, 27.99409662",17R NL 24156 96572,SHELTER,RISK,5,2009,6 Classroom,A,400 KW for campus,916,18315,0,0,0,0,916,18315,916, ,No,No,AE,No,Yes, , , , ,,,SHELTER,,Risk Shelter Inventory,Critical Community and Emergency Facilities,Regionally Significant,RSI_PT_80,,St. Johns River Water Management District,FDEM,Risk Shelter Inventory - General - FDEM,,,,East Central Florida,Central District,Northeast,5,33,19,Not Affected,Not Affected,Not Affected,Not Affected,Not Affected,Not Affected,Not Affected,Not Affected,Not Affected,Not Affected,Not Affected,Not Affected,Not Affected,Not Affected,Not Affected,Medium,Medium,Medium,Medium,Medium,High,718552.435,447332.5059
119,119,Jupiter ES,950 Tupelo Road SW,Palm Bay,32908,Brevard,-80.69765803,27.98691801,"-80.69765803, 27.98691801",17R NL 29730 95790,SHELTER,RISK,5,1991,2 Classroom / Music,R,230 KW for campus,0,0,0,0,186,3714,186,3714,186,HMGP,No,No,No,No,Yes, , , , ,,,SHELTER,,Risk Shelter Inventory,Critical Community and Emergency Facilities,Regionally Significant,RSI_PT_105,Palm Bay,St. Johns River Water Management District,FDEM,Risk Shelter Inventory - General - FDEM,,,,East Central Florida,Central District,Northeast,5,33,19,Not Affected,Not Affected,Not Affected,Not Affected,Not Affected,Not Affected,Not Affected,Not Affected,Not Affected,Not Affected,Not Affected,Not Affected,Not Affected,Not Affected,Not Affected,Not Affected,Not Affected,Not Affected,Not Affected,Not Affected,Not Affected,724134.5372,446683.2418
120,120,Bayside HS,1901 DeGroodt Rd SW,Palm Bay,32908,Brevard,-80.67601797,27.95104698,"-80.67601797, 27.95104698",17R NL 31869 91821,SHELTER,RISK,5,1997,4 Gym,R,501 KW for campus,0,0,0,0,992,19842,992,19842,0, ,No,No,No,No,Yes, , , , ,,,SHELTER,,Risk Shelter Inventory,Critical Community and Emergency Facilities,Regionally Significant,RSI_PT_83,Palm Bay,St. Johns River Water Management District,FDEM,Risk Shelter Inventory - General - FDEM,,,,East Central Florida,Central District,Northeast,5,33,19,Not Affected,Not Affected,Not Affected,Not Affected,Not Affected,Not Affected,Not Affected,Not Affected,Not Affected,Not Affected,Not Affected,Not Affected,Not Affected,Not Affected,Not Affected,Not Affected,Not Affected,Not Affected,Not Affected,Not Affected,Not Affected,726365.4277,442758.097
121,121,Eau Gallie HS,1400 Commodore Blvd,Melbourne,32935,Brevard,-80.64790297,28.13052901,"-80.64790297, 28.13052901",17R NM 34577 11711,SHELTER,RISK,5,1999,37 Science,R,130 KW for campus,0,0,0,0,571,11417,571,11417,571, ,E,No,No,No,Yes, , , , ,,,SHELTER,,Risk Shelter Inventory,Critical Community and Emergency Facilities,Regionally Significant,RSI_PT_121,Melbourne,St. Johns River Water Management District,FDEM,Risk Shelter Inventory - General - FDEM,,,,East Central Florida,Central District,Northeast,5,32,19,Not Affected,Not Affected,Not Affected,Not Affected,Not Affected,Not Affected,Not Affected,Not Affected,Not Affected,Not Affected,Not Affected,Not Affected,Not Affected,Not Affected,Not Affected,Not Affected,Not Affected,Not Affected,Not Affected,Not Affected,Not Affected,728583.4587,462757.9665
122,122,Meadowlane Primary ES,2800 Wingate Blvd,Melbourne,32904,Brevard,-80.66685852,28.06106061,"-80.66685852, 28.06106061",17R NM 32736 04011,SHELTER,RISK,5,1994,6 Cafeteria,R,230 KW for campus,0,0,0,0,227,4543,227,4543,227, ,No,No,No,No,Yes, , , , ,,,SHELTER,,Risk Shelter Inventory,Critical Community and Emergency Facilities,Regionally Significant,RSI_PT_79,West Melbourne,St. Johns River Water Management District,FDEM,Risk Shelter Inventory - General - FDEM,,,,East Central Florida,Central District,Northeast,5,33,19,Not Affected,Not Affected,Not Affected,Not Affected,Not Affected,Not Affected,Not Affected,Not Affected,Not Affected,Not Affected,Not Affected,Not Affected,Not Affected,Not Affected,Not Affected,Not Affected,Not Affected,Not Affected,Not Affected,Not Affected,Low,726934.3337,454995.522
123,123,Central MS,2600 Wingate Blvd,W Melbourne,32904,Brevard,-80.66112327,28.06092648,"-80.66112327, 28.06092648",17R NM 33300 03997,SHELTER,RISK,5,1996,4 Cafeteria / Classroom,R, ,0,0,0,0,793,15852,793,15852,793,"F, S",No,No,No,No,Yes, , , , ,,,SHELTER,,Risk Shelter Inventory,Critical Community and Emergency Facilities,Regionally Significant,RSI_PT_78,West Melbourne,St. Johns River Water Management District,FDEM,Risk Shelter Inventory - General - FDEM,,,,East Central Florida,Central District,Northeast,5,33,19,Not Affected,Not Affected,Not Affected,Not Affected,Not Affected,Not Affected,Not Affected,Not Affected,Not Affected,Not Affected,Not Affected,Not Affected,Not Affected,Not Affected,Not Affected,Medium,Medium,Medium,Medium,Medium,Medium,727497.1471,454995.85
124,124,Jupiter ES,950 Tupelo Road SW,Palm Bay,32908,Brevard,-80.69765803,27.98691801,"-80.69765803, 27.98691801",17R NL 29730 95790,SHELTER,RISK,5,1991,6 Cafeteria,R,230 KW for campus,0,0,0,0,230,4593,230,4593,230,HMGP,No,No,No,No,Yes, , , , ,,,SHELTER,,Risk Shelter Inventory,Critical Community and Emergency Facilities,Regionally Significant,RSI_PT_105,Palm Bay,St. Johns River Water Management District,FDEM,Risk Shelter Inventory - General - FDEM,,,,East Central Florida,Central District,Northeast,5,33,19,Not Affected,Not Affected,Not Affected,Not Affected,Not Affected,Not Affected,Not Affected,Not Affected,Not Affected,Not Affected,Not Affected,Not Affected,Not Affected,Not Affected,Not Affected,Not Affected,Not Affected,Not Affected,Not Affected,Not Affected,Not Affected,724134.5372,446683.2418
125,125,Atlantis ES,7300 Briggs Ave,Port St John,32927,Brevard,-80.79469781,28.48736336,"-80.79469781, 28.48736336",17R NM 20094 51209,SHELTER,RISK,5,1989,2 Classroom / Music,R,230 KW for campus,0,0,0,0,182,3636,182,3636,182,HMGP,No,No,No,No,Yes, , , , ,,,SHELTER,,Risk Shelter Inventory,Critical Community and Emergency Facilities,Regionally Significant,RSI_PT_92,,St. Johns River Water Management District,FDEM,Risk Shelter Inventory - General - FDEM,,,,East Central Florida,Central District,Northeast,5,31,19,Not Affected,Not Affected,Not Affected,Not Affected,Not Affected,Not Affected,Not Affected,Not Affected,Not Affected,Not Affected,Not Affected,Not Affected,Not Affected,Not Affected,Not Affected,Medium,Medium,Medium,Medium,Medium,Medium,713167.5125,501990.8353
126,126,Atlantis ES,7300 Briggs Ave,Port St John,32927,Brevard,-80.79469781,28.48736336,"-80.79469781, 28.48736336",17R NM 20094 51209,SHELTER,RISK,5,1989,3 Classroom,R,230 KW for campus,0,0,0,0,274,5488,274,5488,274,HMGP,No,No,No,No,Yes, , , , ,,,SHELTER,,Risk Shelter Inventory,Critical Community and Emergency Facilities,Regionally Significant,RSI_PT_92,,St. Johns River Water Management District,FDEM,Risk Shelter Inventory - General - FDEM,,,,East Central Florida,Central District,Northeast,5,31,19,Not Affected,Not Affected,Not Affected,Not Affected,Not Affected,Not Affected,Not Affected,Not Affected,Not Affected,Not Affected,Not Affected,Not Affected,Not Affected,Not Affected,Not Affected,Medium,Medium,Medium,Medium,Medium,Medium,713167.5125,501990.8353
127,127,Heritage HS,2353 W Malabar Rd,Palm Bay,32907,Brevard,-80.75432896,27.99409662,"-80.75432896, 27.99409662",17R NL 24156 96572,SHELTER,RISK,5,2009,7 Gym,A,400 KW for campus,0,0,1014,20777,0,0,1014,20277,1014, ,No,No,AE,Yes,Yes, , , , ,,,SHELTER,,Risk Shelter Inventory,Critical Community and Emergency Facilities,Regionally Significant,RSI_PT_80,,St. Johns River Water Management District,FDEM,Risk Shelter Inventory - General - FDEM,,,,East Central Florida,Central District,Northeast,5,33,19,Not Affected,Not Affected,Not Affected,Not Affected,Not Affected,Not Affected,Not Affected,Not Affected,Not Affected,Not Affected,Not Affected,Not Affected,Not Affected,Not Affected,Not Affected,Medium,Medium,Medium,Medium,Medium,High,718552.435,447332.5059
128,128,Discovery ES,1275 Glendale Ave NW,Palm Bay,32905,Brevard,-80.71874598,28.02940902,"-80.71874598, 28.02940902",17R NM 27646 00492,SHELTER,RISK,5,1988,2 Classroom / Music,R,230 KW for campus,0,0,0,0,188,3754,188,3754,188,HMGP,No,No,No,No,Yes, , , , ,,,SHELTER,,Risk Shelter Inventory,Critical Community and Emergency Facilities,Regionally Significant,RSI_PT_85,Palm Bay,St. Johns River Water Management District,FDEM,Risk Shelter Inventory - General - FDEM,,,,East Central Florida,Central District,Northeast,5,33,19,Not Affected,Not Affected,Not Affected,Not Affected,Not Affected,Not Affected,Not Affected,Not Affected,Not Affected,Not Affected,Not Affected,Not Affected,Not Affected,Not Affected,Not Affected,Not Affected,Not Affected,Not Affected,Not Affected,Not Affected,Not Affected,721939.6349,451345.1779
129,129,Suntree ES,900 Pinehurst Ave,Melbourne,32940,Brevard,-80.68944397,28.24495152,"-80.68944397, 28.24495152",17R NM 30465 24376,SHELTER,RISK,5,1991,5 Classroom,R,230 KW for campus,0,0,0,0,341,6812,341,6812,341,HMGP,No,No,No,No,Yes, , , , ,,,SHELTER,,Risk Shelter Inventory,Critical Community and Emergency Facilities,Regionally Significant,RSI_PT_90,,St. Johns River Water Management District,FDEM,Risk Shelter Inventory - General - FDEM,,,,East Central Florida,Central District,Northeast,5,32,19,Not Affected,Not Affected,Not Affected,Not Affected,Not Affected,Not Affected,Not Affected,Not Affected,Not Affected,Not Affected,Not Affected,Not Affected,Not Affected,Not Affected,Not Affected,Not Affected,Not Affected,Not Affected,Not Affected,Not Affected,Not Affected,724171.3521,475350.7647
130,130,Space Coast Jr/Sr HS,6150 Banyan St,Port St. John,32927,Brevard,-80.82718967,28.47554023,"-80.82718967, 28.47554023",17R NM 16915 49894,SHELTER,RISK,5,1994,1 Media / Classroom,R, ,0,0,0,0,1277,25546,1277,25546,1277,S-1588-2006,No,No,No,No,Yes, , , , ,,,SHELTER,,Risk Shelter Inventory,Critical Community and Emergency Facilities,Regionally Significant,RSI_PT_97,,St. Johns River Water Management District,FDEM,Risk Shelter Inventory - General - FDEM,,,,East Central Florida,Central District,Northeast,5,31,19,Not Affected,Not Affected,Not Affected,Not Affected,Not Affected,Not Affected,Not Affected,Not Affected,Not Affected,Not Affected,Not Affected,Not Affected,Not Affected,Not Affected,Not Affected,High,High,High,High,High,High,710027.4458,500596.139
131,131,Port St. John Community Center,6650 Corto Rd,Port St. John,32927,Brevard,-80.80573899,28.474654,"-80.80573899, 28.47465400",17R NM 19015 49799,SHELTER,RISK,5,1999,Main,R,70 KW,0,0,0,0,248,4962,248,4962,260,HMGP,No,No,No,No,Yes, ,Yes, , ,,,SHELTER,,Risk Shelter Inventory,Critical Community and Emergency Facilities,Regionally Significant,RSI_PT_131,,St. Johns River Water Management District,FDEM,Risk Shelter Inventory - General - FDEM,,,,East Central Florida,Central District,Northeast,5,31,19,Not Affected,Not Affected,Not Affected,Not Affected,Not Affected,Not Affected,Not Affected,Not Affected,Not Affected,Not Affected,Not Affected,Not Affected,Not Affected,Not Affected,Not Affected,Not Affected,Not Affected,Not Affected,Not Affected,Not Affected,Not Affected,712125.5562,500551.8625
132,132,Viera HS,6103 Stadium Pkwy,Viera,32940,Brevard,-80.73595001,28.252285,"-80.73595001, 28.25228500",17R NM 25901 25178,SHELTER,RISK,5,2005,6B Auditorium,A,600 KW for campus,0,0,906,18116,0,0,906,18116,906, ,No,No,No,Yes,Yes, , , , ,,,SHELTER,,Risk Shelter Inventory,Critical Community and Emergency Facilities,Regionally Significant,RSI_PT_82,,St. Johns River Water Management District,FDEM,Risk Shelter Inventory - General - FDEM,,,,East Central Florida,Central District,Northeast,5,32,19,Not Affected,Not Affected,Not Affected,Not Affected,Not Affected,Not Affected,Not Affected,Not Affected,Not Affected,Not Affected,Not Affected,Not Affected,Not Affected,Not Affected,Not Affected,Not Affected,Not Affected,Not Affected,Not Affected,Not Affected,Not Affected,719596.9735,476043.5148
133,133,Hans Christian Andersen ES,3011 S Fiske Blvd,Rockledge,32955,Brevard,-80.74414298,28.30920001,"-80.74414298, 28.30920001",17R NM 25084 31481,SHELTER,RISK,5,1990,5 Classroom / Music,R, ,0,0,0,0,149,2988,149,2988,149,"F, S",No,No,No,No,Yes, , , , ,,,SHELTER,,Risk Shelter Inventory,Critical Community and Emergency Facilities,Regionally Significant,RSI_PT_87,Rockledge,St. Johns River Water Management District,FDEM,Risk Shelter Inventory - General - FDEM,,,,East Central Florida,Central District,Northeast,5,32,19,Not Affected,Not Affected,Not Affected,Not Affected,Not Affected,Not Affected,Not Affected,Not Affected,Not Affected,Not Affected,Not Affected,Not Affected,Not Affected,Not Affected,Not Affected,Not Affected,Not Affected,Not Affected,Not Affected,Not Affected,Not Affected,718628.0832,482340.907
134,134,Imperial Estates ES,5525 Kathy Dr,Titusville,32780,Brevard,-80.81349703,28.541038,"-80.81349703, 28.54103800",17R NM 18245 57152,SHELTER,RISK,5,1994,6 Classroom,R, ,0,0,0,0,231,4618,231,4618,165,"F, S",No,No,No,No,Yes, , , , ,,,SHELTER,,Risk Shelter Inventory,Critical Community and Emergency Facilities,Regionally Significant,RSI_PT_101,Titusville,St. Johns River Water Management District,FDEM,Risk Shelter Inventory - General - FDEM,,,,East Central Florida,Central District,Northeast,5,31,8,Not Affected,Not Affected,Not Affected,Not Affected,Not Affected,Not Affected,Not Affected,Not Affected,Not Affected,Not Affected,Not Affected,Not Affected,Not Affected,Not Affected,Not Affected,High,High,High,High,High,High,711177.1687,507902.137
135,135,Space Coast Jr/Sr HS,6150 Banyan St,Port St. John,32927,Brevard,-80.82718967,28.47554023,"-80.82718967, 28.47554023",17R NM 16915 49894,SHELTER,RISK,5,1994,3 Music / Classroom,R, ,0,0,0,0,386,7716,386,7716,359,S-1588-2006,No,No,No,No,Yes, , , , ,,,SHELTER,,Risk Shelter Inventory,Critical Community and Emergency Facilities,Regionally Significant,RSI_PT_97,,St. Johns River Water Management District,FDEM,Risk Shelter Inventory - General - FDEM,,,,East Central Florida,Central District,Northeast,5,31,19,Not Affected,Not Affected,Not Affected,Not Affected,Not Affected,Not Affected,Not Affected,Not Affected,Not Affected,Not Affected,Not Affected,Not Affected,Not Affected,Not Affected,Not Affected,High,High,High,High,High,High,710027.4458,500596.139
136,136,Atlantis ES,7300 Briggs Ave,Port St John,32927,Brevard,-80.79469781,28.48736336,"-80.79469781, 28.48736336",17R NM 20094 51209,SHELTER,RISK,5,1989,5 Classroom,R,230 KW for campus,0,0,0,0,368,7368,368,7368,368,HMGP,No,No,No,No,Yes, , , , ,,,SHELTER,,Risk Shelter Inventory,Critical Community and Emergency Facilities,Regionally Significant,RSI_PT_92,,St. Johns River Water Management District,FDEM,Risk Shelter Inventory - General - FDEM,,,,East Central Florida,Central District,Northeast,5,31,19,Not Affected,Not Affected,Not Affected,Not Affected,Not Affected,Not Affected,Not Affected,Not Affected,Not Affected,Not Affected,Not Affected,Not Affected,Not Affected,Not Affected,Not Affected,Medium,Medium,Medium,Medium,Medium,Medium,713167.5125,501990.8353
137,137,Viera Regional Community Center,2300 Judge Fran Jamieson Way,Viera,32940,Brevard,-80.72831497,28.24794342,"-80.72831497, 28.24794342",17R NM 26651 24698,SHELTER,RISK,5,2005,Main,A,350 KW,484,9675,0,0,0,0,484,9675,484, ,No,No,No,No,Yes, ,Yes, , ,,,SHELTER,,Risk Shelter Inventory,Critical Community and Emergency Facilities,Regionally Significant,RSI_PT_137,,St. Johns River Water Management District,FDEM,Risk Shelter Inventory - General - FDEM,,,,East Central Florida,Central District,Northeast,5,32,19,Not Affected,Not Affected,Not Affected,Not Affected,Not Affected,Not Affected,Not Affected,Not Affected,Not Affected,Not Affected,Not Affected,Not Affected,Not Affected,Not Affected,Not Affected,Low,Low,Low,Low,Low,Low,720357.1677,475581.3334
138,138,Jupiter ES,950 Tupelo Road SW,Palm Bay,32908,Brevard,-80.69765803,27.98691801,"-80.69765803, 27.98691801",17R NL 29730 95790,SHELTER,RISK,5,1991,4 Classroom,R,230 KW for campus,0,0,0,0,302,6030,302,6030,302,HMGP,No,No,No,No,Yes, , , , ,,,SHELTER,,Risk Shelter Inventory,Critical Community and Emergency Facilities,Regionally Significant,RSI_PT_105,Palm Bay,St. Johns River Water Management District,FDEM,Risk Shelter Inventory - General - FDEM,,,,East Central Florida,Central District,Northeast,5,33,19,Not Affected,Not Affected,Not Affected,Not Affected,Not Affected,Not Affected,Not Affected,Not Affected,Not Affected,Not Affected,Not Affected,Not Affected,Not Affected,Not Affected,Not Affected,Not Affected,Not Affected,Not Affected,Not Affected,Not Affected,Not Affected,724134.5372,446683.2418
139,139,Riviera ES,351 Riviera Drive NE,Palm Bay,32905,Brevard,-80.64328203,28.029572,"-80.64328203, 28.02957200",17R NM 35063 00529,SHELTER,RISK,5,1989,3 Classroom,R,230 KW for campus,0,0,0,0,277,5543,277,5543,277,HMGP,No,No,No,No,Yes, , , , ,,,SHELTER,,Risk Shelter Inventory,Critical Community and Emergency Facilities,Regionally Significant,RSI_PT_91,Palm Bay,St. Johns River Water Management District,FDEM,Risk Shelter Inventory - General - FDEM,,,,East Central Florida,Central District,Northeast,5,33,19,Not Affected,Not Affected,Not Affected,Not Affected,Not Affected,Not Affected,Not Affected,Not Affected,Not Affected,Not Affected,Not Affected,Not Affected,Not Affected,Not Affected,Not Affected,Not Affected,Not Affected,Not Affected,Not Affected,Not Affected,Not Affected,729341.4657,451562.5521
140,140,Cambridge ES,2000 Cambridge Dr,Cocoa,32922,Brevard,-80.75003303,28.38340998,"-80.75003303, 28.38340998",17R NM 24489 39701,SHELTER,RISK,5,2003,16 Classroom,A, ,0,0,165,3298,0,0,165,3298,165, ,No,No,No,Yes,Yes, , , , ,,,SHELTER,,Risk Shelter Inventory,Critical Community and Emergency Facilities,Regionally Significant,RSI_PT_140,Cocoa,St. Johns River Water Management District,FDEM,Risk Shelter Inventory - General - FDEM,,,,East Central Florida,Central District,Northeast,5,31,19,Not Affected,Not Affected,Not Affected,Not Affected,Not Affected,Not Affected,Not Affected,Not Affected,Not Affected,Not Affected,Not Affected,Not Affected,Not Affected,Not Affected,Not Affected,Not Affected,Not Affected,Not Affected,Not Affected,Not Affected,Not Affected,717834.6177,490564.3637
141,141,Meadowlane Primary ES,2800 Wingate Blvd,Melbourne,32904,Brevard,-80.66685852,28.06106061,"-80.66685852, 28.06106061",17R NM 32736 04011,SHELTER,RISK,5,1994,3 Classroom,R,230 KW for campus,0,0,0,0,285,5706,285,5706,285, ,No,No,No,No,Yes, , , , ,,,SHELTER,,Risk Shelter Inventory,Critical Community and Emergency Facilities,Regionally Significant,RSI_PT_79,West Melbourne,St. Johns River Water Management District,FDEM,Risk Shelter Inventory - General - FDEM,,,,East Central Florida,Central District,Northeast,5,33,19,Not Affected,Not Affected,Not Affected,Not Affected,Not Affected,Not Affected,Not Affected,Not Affected,Not Affected,Not Affected,Not Affected,Not Affected,Not Affected,Not Affected,Not Affected,Not Affected,Not Affected,Not Affected,Not Affected,Not Affected,Low,726934.3337,454995.522
142,142,Discovery ES,1275 Glendale Ave NW,Palm Bay,32905,Brevard,-80.71874598,28.02940902,"-80.71874598, 28.02940902",17R NM 27646 00492,SHELTER,RISK,5,1988,6 Cafeteria,R,230 KW for campus,0,0,0,0,230,4591,230,4591,230,HMGP,No,No,No,No,Yes, , , , ,,,SHELTER,,Risk Shelter Inventory,Critical Community and Emergency Facilities,Regionally Significant,RSI_PT_85,Palm Bay,St. Johns River Water Management District,FDEM,Risk Shelter Inventory - General - FDEM,,,,East Central Florida,Central District,Northeast,5,33,19,Not Affected,Not Affected,Not Affected,Not Affected,Not Affected,Not Affected,Not Affected,Not Affected,Not Affected,Not Affected,Not Affected,Not Affected,Not Affected,Not Affected,Not Affected,Not Affected,Not Affected,Not Affected,Not Affected,Not Affected,Not Affected,721939.6349,451345.1779
143,143,Imperial Estates ES,5525 Kathy Dr,Titusville,32780,Brevard,-80.81349703,28.541038,"-80.81349703, 28.54103800",17R NM 18245 57152,SHELTER,RISK,5,1994,8 Classroom,R, ,0,0,0,0,176,3512,176,3512,125,"F, S",No,No,No,No,Yes, , , , ,,,SHELTER,,Risk Shelter Inventory,Critical Community and Emergency Facilities,Regionally Significant,RSI_PT_101,Titusville,St. Johns River Water Management District,FDEM,Risk Shelter Inventory - General - FDEM,,,,East Central Florida,Central District,Northeast,5,31,8,Not Affected,Not Affected,Not Affected,Not Affected,Not Affected,Not Affected,Not Affected,Not Affected,Not Affected,Not Affected,Not Affected,Not Affected,Not Affected,Not Affected,Not Affected,High,High,High,High,High,High,711177.1687,507902.137
144,144,Suntree ES,900 Pinehurst Ave,Melbourne,32940,Brevard,-80.68944397,28.24495152,"-80.68944397, 28.24495152",17R NM 30465 24376,SHELTER,RISK,5,1991,2 Classroom / Music,R,230 KW for campus,0,0,0,0,186,3714,186,3714,186,HMGP,No,No,No,No,Yes, , , , ,,,SHELTER,,Risk Shelter Inventory,Critical Community and Emergency Facilities,Regionally Significant,RSI_PT_90,,St. Johns River Water Management District,FDEM,Risk Shelter Inventory - General - FDEM,,,,East Central Florida,Central District,Northeast,5,32,19,Not Affected,Not Affected,Not Affected,Not Affected,Not Affected,Not Affected,Not Affected,Not Affected,Not Affected,Not Affected,Not Affected,Not Affected,Not Affected,Not Affected,Not Affected,Not Affected,Not Affected,Not Affected,Not Affected,Not Affected,Not Affected,724171.3521,475350.7647
145,145,Astronaut HS,800 War Eagle Blvd,Titusville,32796,Brevard,-80.85125901,28.62467099,"-80.85125901, 28.62467099",17R NM 14539 66412,SHELTER,RISK,5,1994,"1 (800s, 1994 area) ESE",R,130 KW for campus,0,0,0,0,135,2705,135,2705,37,S-1118A,No,No,No,No,Yes, , , , ,,,SHELTER,,Risk Shelter Inventory,Critical Community and Emergency Facilities,Regionally Significant,RSI_PT_145,Titusville,St. Johns River Water Management District,FDEM,Risk Shelter Inventory - General - FDEM,,,,East Central Florida,Central District,Northeast,5,30,8,Not Affected,Not Affected,Not Affected,Not Affected,Not Affected,Not Affected,Not Affected,Not Affected,Not Affected,Not Affected,Not Affected,Not Affected,Not Affected,Not Affected,Not Affected,Not Affected,Not Affected,Not Affected,Not Affected,Not Affected,Not Affected,707253.2042,517092.2848
146,146,Bayside HS,1901 DeGroodt Rd SW,Palm Bay,32908,Brevard,-80.67601797,27.95104698,"-80.67601797, 27.95104698",17R NL 31869 91821,SHELTER,RISK,5,1997,1 Admin,R,500 KW for campus,0,0,0,0,96,1911,96,1911,0, ,No,No,No,No,Yes, , , ,Yes,,,SHELTER,,Risk Shelter Inventory,Critical Community and Emergency Facilities,Regionally Significant,RSI_PT_83,Palm Bay,St. Johns River Water Management District,FDEM,Risk Shelter Inventory - General - FDEM,,,,East Central Florida,Central District,Northeast,5,33,19,Not Affected,Not Affected,Not Affected,Not Affected,Not Affected,Not Affected,Not Affected,Not Affected,Not Affected,Not Affected,Not Affected,Not Affected,Not Affected,Not Affected,Not Affected,Not Affected,Not Affected,Not Affected,Not Affected,Not Affected,Not Affected,726365.4277,442758.097
147,147,Heritage HS,2353 W Malabar Rd,Palm Bay,32907,Brevard,-80.75432896,27.99409662,"-80.75432896, 27.99409662",17R NL 24156 96572,SHELTER,RISK,5,2009,4 Classroom,A,400 KW for campus,1013,20254,0,0,0,0,1013,20254,1013, ,No,No,AE,No,Yes, , , , ,,,SHELTER,,Risk Shelter Inventory,Critical Community and Emergency Facilities,Regionally Significant,RSI_PT_80,,St. Johns River Water Management District,FDEM,Risk Shelter Inventory - General - FDEM,,,,East Central Florida,Central District,Northeast,5,33,19,Not Affected,Not Affected,Not Affected,Not Affected,Not Affected,Not Affected,Not Affected,Not Affected,Not Affected,Not Affected,Not Affected,Not Affected,Not Affected,Not Affected,Not Affected,Medium,Medium,Medium,Medium,Medium,High,718552.435,447332.5059
148,148,Central MS,2600 Wingate Blvd,W Melbourne,32904,Brevard,-80.66112327,28.06092648,"-80.66112327, 28.06092648",17R NM 33300 03997,SHELTER,RISK,5,1996,2 Gym / Classroom,R, ,0,0,0,0,1065,21309,1065,21309,1065,"F, S",No,No,No,No,Yes, , , , ,,,SHELTER,,Risk Shelter Inventory,Critical Community and Emergency Facilities,Regionally Significant,RSI_PT_78,West Melbourne,St. Johns River Water Management District,FDEM,Risk Shelter Inventory - General - FDEM,,,,East Central Florida,Central District,Northeast,5,33,19,Not Affected,Not Affected,Not Affected,Not Affected,Not Affected,Not Affected,Not Affected,Not Affected,Not Affected,Not Affected,Not Affected,Not Affected,Not Affected,Not Affected,Not Affected,Medium,Medium,Medium,Medium,Medium,Medium,727497.1471,454995.85
149,149,Roy Allen ES,2601 Fountianhead Blvd,Melbourne,32909,Brevard,-80.66406597,28.11712199,"-80.66406597, 28.11712199",17R NM 32994 10222,SHELTER,RISK,5,2000,6 Classroom,A,230 KW for campus,0,0,1527,30549,0,0,1527,30549,1527,L,No,No,No,Yes,Yes, , , , ,,,SHELTER,,Risk Shelter Inventory,Critical Community and Emergency Facilities,Regionally Significant,RSI_PT_149,Melbourne,St. Johns River Water Management District,FDEM,Risk Shelter Inventory - General - FDEM,,,,East Central Florida,Central District,Northeast,5,32,19,Not Affected,Not Affected,Not Affected,Not Affected,Not Affected,Not Affected,Not Affected,Not Affected,Not Affected,Not Affected,Not Affected,Not Affected,Not Affected,Not Affected,Not Affected,Not Affected,Not Affected,Not Affected,Not Affected,Not Affected,Not Affected,727039.7712,461226.6119
150,150,Suntree ES,900 Pinehurst Ave,Melbourne,32940,Brevard,-80.68944397,28.24495152,"-80.68944397, 28.24495152",17R NM 30465 24376,SHELTER,RISK,5,1991,4 Classroom,R,230 KW for campus,0,0,0,0,302,6030,302,6030,302,HMGP,No,No,No,No,Yes, , , , ,,,SHELTER,,Risk Shelter Inventory,Critical Community and Emergency Facilities,Regionally Significant,RSI_PT_90,,St. Johns River Water Management District,FDEM,Risk Shelter Inventory - General - FDEM,,,,East Central Florida,Central District,Northeast,5,32,19,Not Affected,Not Affected,Not Affected,Not Affected,Not Affected,Not Affected,Not Affected,Not Affected,Not Affected,Not Affected,Not Affected,Not Affected,Not Affected,Not Affected,Not Affected,Not Affected,Not Affected,Not Affected,Not Affected,Not Affected,Not Affected,724171.3521,475350.7647
151,151,Westside ES,2175 DeGroodt Rd SW,Palm Bay,32908,Brevard,-80.67588793,27.94465997,"-80.67588793, 27.94465997",17R NL 31883 91114,SHELTER,RISK,5,1997,1 Classroom,R,750 KW and 90 KW,0,0,0,0,1943,38864,1943,38864,1943,S-1118A,No,No,No,No,Yes, , , , ,,,SHELTER,,Risk Shelter Inventory,Critical Community and Emergency Facilities,Regionally Significant,RSI_PT_103,Palm Bay,St. Johns River Water Management District,FDEM,Risk Shelter Inventory - General - FDEM,,,,East Central Florida,Central District,Northeast,5,33,19,Not Affected,Not Affected,Not Affected,Not Affected,Not Affected,Not Affected,Not Affected,Not Affected,Not Affected,Not Affected,Not Affected,Not Affected,Not Affected,Not Affected,Not Affected,High,High,High,High,High,High,726397.3111,442049.3898
152,152,Palm Bay HS,101 Pirate Ln,Melbourne,32901,Brevard,-80.61921298,28.04835602,"-80.61921298, 28.04835602",17R NM 37423 02617,SHELTER,RISK,5,2007,8 Cafeteria,A, ,0,0,227,4536,0,0,227,4536,0, ,E,No,No,Yes,Yes, , , ,Yes,,,SHELTER,,Risk Shelter Inventory,Critical Community and Emergency Facilities,Regionally Significant,RSI_PT_152,Melbourne,St. Johns River Water Management District,FDEM,Risk Shelter Inventory - General - FDEM,,,,East Central Florida,Central District,Northeast,5,33,19,Not Affected,Not Affected,Not Affected,Not Affected,Not Affected,Not Affected,Not Affected,Not Affected,Not Affected,Not Affected,Not Affected,Not Affected,Not Affected,Not Affected,Not Affected,Not Affected,Not Affected,Not Affected,Not Affected,Not Affected,Not Affected,731645.2058,453712.3538
153,153,Viera HS,6103 Stadium Pkwy,Viera,32941,Brevard,-80.73595001,28.252285,"-80.73595001, 28.25228500",17R NM 25901 25178,SHELTER,RISK,5,2005,6A Cafeteria,A,600 KW for campus,0,0,581,11622,0,0,581,11622,581, ,No,No,No,Yes,Yes, , , , ,,,SHELTER,,Risk Shelter Inventory,Critical Community and Emergency Facilities,Regionally Significant,RSI_PT_82,,St. Johns River Water Management District,FDEM,Risk Shelter Inventory - General - FDEM,,,,East Central Florida,Central District,Northeast,5,32,19,Not Affected,Not Affected,Not Affected,Not Affected,Not Affected,Not Affected,Not Affected,Not Affected,Not Affected,Not Affected,Not Affected,Not Affected,Not Affected,Not Affected,Not Affected,Not Affected,Not Affected,Not Affected,Not Affected,Not Affected,Not Affected,719596.9735,476043.5148
154,154,Meadowlane Primary ES,2800 Wingate Blvd,Melbourne,32904,Brevard,-80.66685852,28.06106061,"-80.66685852, 28.06106061",17R NM 32736 04011,SHELTER,RISK,5,2005,11 Classroom,A,230 KW for campus,277,5535,0,0,0,0,277,5535,277, ,No,No,No,No,Yes, , , , ,,,SHELTER,,Risk Shelter Inventory,Critical Community and Emergency Facilities,Regionally Significant,RSI_PT_79,West Melbourne,St. Johns River Water Management District,FDEM,Risk Shelter Inventory - General - FDEM,,,,East Central Florida,Central District,Northeast,5,33,19,Not Affected,Not Affected,Not Affected,Not Affected,Not Affected,Not Affected,Not Affected,Not Affected,Not Affected,Not Affected,Not Affected,Not Affected,Not Affected,Not Affected,Not Affected,Not Affected,Not Affected,Not Affected,Not Affected,Not Affected,Low,726934.3337,454995.522
155,155,Walter Butler Community Center,Ferguson Lane,Sharpes,32959,Brevard,-80.75593,28.43166,"-80.75593000, 28.43166000",17R NM 23901 45045,SHELTER,RISK,5,2005,Main,A,400 KW,484,9675,0,0,0,0,484,9675,484, ,No,No,No,No,Yes, , , , ,,,SHELTER,,Risk Shelter Inventory,Critical Community and Emergency Facilities,Regionally Significant,RSI_PT_155,,St. Johns River Water Management District,FDEM,Risk Shelter Inventory - General - FDEM,,,,East Central Florida,Central District,Northeast,5,31,19,Not Affected,Not Affected,Not Affected,Not Affected,Not Affected,Not Affected,Not Affected,Not Affected,Not Affected,Not Affected,Not Affected,Not Affected,Not Affected,Not Affected,Not Affected,Not Affected,Not Affected,Not Affected,Not Affected,Not Affected,Not Affected,717117.0979,495905.8101
156,156,Bayside HS,1901 DeGroodt Rd SW,Palm Bay,32908,Brevard,-80.67601797,27.95104698,"-80.67601797, 27.95104698",17R NL 31869 91821,SHELTER,RISK,5,1997,5 Cafeteria,R,500 KW for campus,0,0,0,0,268,5357,268,5357,0, ,No,No,No,No,Yes, , , , ,,,SHELTER,,Risk Shelter Inventory,Critical Community and Emergency Facilities,Regionally Significant,RSI_PT_83,Palm Bay,St. Johns River Water Management District,FDEM,Risk Shelter Inventory - General - FDEM,,,,East Central Florida,Central District,Northeast,5,33,19,Not Affected,Not Affected,Not Affected,Not Affected,Not Affected,Not Affected,Not Affected,Not Affected,Not Affected,Not Affected,Not Affected,Not Affected,Not Affected,Not Affected,Not Affected,Not Affected,Not Affected,Not Affected,Not Affected,Not Affected,Not Affected,726365.4277,442758.097
157,157,Meadowlane Primary ES,2800 Wingate Blvd,Melbourne,32904,Brevard,-80.66685852,28.06106061,"-80.66685852, 28.06106061",17R NM 32736 04011,SHELTER,RISK,5,1994,2 Classroom / Music,R,230 KW for campus,0,0,0,0,189,3773,189,3773,189, ,No,No,No,No,Yes, , , , ,,,SHELTER,,Risk Shelter Inventory,Critical Community and Emergency Facilities,Regionally Significant,RSI_PT_79,West Melbourne,St. Johns River Water Management District,FDEM,Risk Shelter Inventory - General - FDEM,,,,East Central Florida,Central District,Northeast,5,33,19,Not Affected,Not Affected,Not Affected,Not Affected,Not Affected,Not Affected,Not Affected,Not Affected,Not Affected,Not Affected,Not Affected,Not Affected,Not Affected,Not Affected,Not Affected,Not Affected,Not Affected,Not Affected,Not Affected,Not Affected,Low,726934.3337,454995.522
158,158,Suntree ES,900 Pinehurst Ave,Melbourne,32940,Brevard,-80.68944397,28.24495152,"-80.68944397, 28.24495152",17R NM 30465 24376,SHELTER,RISK,5,1991,6 Cafeteria,R,230 KW for campus,0,0,0,0,230,4593,230,4593,230,HMGP,No,No,No,No,Yes, , , , ,,,SHELTER,,Risk Shelter Inventory,Critical Community and Emergency Facilities,Regionally Significant,RSI_PT_90,,St. Johns River Water Management District,FDEM,Risk Shelter Inventory - General - FDEM,,,,East Central Florida,Central District,Northeast,5,32,19,Not Affected,Not Affected,Not Affected,Not Affected,Not Affected,Not Affected,Not Affected,Not Affected,Not Affected,Not Affected,Not Affected,Not Affected,Not Affected,Not Affected,Not Affected,Not Affected,Not Affected,Not Affected,Not Affected,Not Affected,Not Affected,724171.3521,475350.7647
159,159,Heritage HS,2353 W Malabar Rd,Palm Bay,32907,Brevard,-80.75432896,27.99409662,"-80.75432896, 27.99409662",17R NL 24156 96572,SHELTER,RISK,5,2009,3 Cafeteria,A,400 KW for campus,0,0,321,6422,0,0,321,6422,321, ,No,No,AE,Yes,Yes, , , , ,,,SHELTER,,Risk Shelter Inventory,Critical Community and Emergency Facilities,Regionally Significant,RSI_PT_80,,St. Johns River Water Management District,FDEM,Risk Shelter Inventory - General - FDEM,,,,East Central Florida,Central District,Northeast,5,33,19,Not Affected,Not Affected,Not Affected,Not Affected,Not Affected,Not Affected,Not Affected,Not Affected,Not Affected,Not Affected,Not Affected,Not Affected,Not Affected,Not Affected,Not Affected,Medium,Medium,Medium,Medium,Medium,High,718552.435,447332.5059
160,160,Riviera ES,351 Riviera Dr NE,Palm Bay,32905,Brevard,-80.64328203,28.029572,"-80.64328203, 28.02957200",17R NM 35063 00529,SHELTER,RISK,5,1989,2 Classroom / Music,R,230 KW for campus,0,0,0,0,181,3626,181,3626,181,HMGP,No,No,No,No,Yes, , , , ,,,SHELTER,,Risk Shelter Inventory,Critical Community and Emergency Facilities,Regionally Significant,RSI_PT_91,Palm Bay,St. Johns River Water Management District,FDEM,Risk Shelter Inventory - General - FDEM,,,,East Central Florida,Central District,Northeast,5,33,19,Not Affected,Not Affected,Not Affected,Not Affected,Not Affected,Not Affected,Not Affected,Not Affected,Not Affected,Not Affected,Not Affected,Not Affected,Not Affected,Not Affected,Not Affected,Not Affected,Not Affected,Not Affected,Not Affected,Not Affected,Not Affected,729341.4657,451562.5521
161,161,Jupiter ES,950 Tupelo Road SW,Palm Bay,32908,Brevard,-80.69765803,27.98691801,"-80.69765803, 27.98691801",17R NL 29730 95790,SHELTER,RISK,5,1991,3 Classroom,R,230 KW for campus,0,0,0,0,280,5601,280,5601,280,HMGP,No,No,No,No,Yes, , , , ,,,SHELTER,,Risk Shelter Inventory,Critical Community and Emergency Facilities,Regionally Significant,RSI_PT_105,Palm Bay,St. Johns River Water Management District,FDEM,Risk Shelter Inventory - General - FDEM,,,,East Central Florida,Central District,Northeast,5,33,19,Not Affected,Not Affected,Not Affected,Not Affected,Not Affected,Not Affected,Not Affected,Not Affected,Not Affected,Not Affected,Not Affected,Not Affected,Not Affected,Not Affected,Not Affected,Not Affected,Not Affected,Not Affected,Not Affected,Not Affected,Not Affected,724134.5372,446683.2418
162,162,Endeavor ES,905 Pineda St,Cocoa,32922,Brevard,-80.74776899,28.368414,"-80.74776899, 28.36841400",17R NM 24715 38040,SHELTER,RISK,5,2003,13 Classroom,A, ,0,0,336,6722,0,0,336,6722,336,L,No,No,No,Yes,Yes, , , , ,,,SHELTER,,Risk Shelter Inventory,Critical Community and Emergency Facilities,Regionally Significant,RSI_PT_162,Cocoa,St. Johns River Water Management District,FDEM,Risk Shelter Inventory - General - FDEM,,,,East Central Florida,Central District,Northeast,5,31,19,Not Affected,Not Affected,Not Affected,Not Affected,Not Affected,Not Affected,Not Affected,Not Affected,Not Affected,Not Affected,Not Affected,Not Affected,Not Affected,Not Affected,Not Affected,Not Affected,Not Affected,Not Affected,Not Affected,Not Affected,Not Affected,718099.8981,488905.3753
163,163,Central MS,2600 Wingate Blvd,W Melbourne,32904,Brevard,-80.66112327,28.06092648,"-80.66112327, 28.06092648",17R NM 33300 03997,SHELTER,RISK,5,1996,1 Admin / Classroom,R, ,0,0,0,0,1189,23773,1189,23773,1189,"F, S",No,No,No,No,Yes, , , , ,,,SHELTER,,Risk Shelter Inventory,Critical Community and Emergency Facilities,Regionally Significant,RSI_PT_78,West Melbourne,St. Johns River Water Management District,FDEM,Risk Shelter Inventory - General - FDEM,,,,East Central Florida,Central District,Northeast,5,33,19,Not Affected,Not Affected,Not Affected,Not Affected,Not Affected,Not Affected,Not Affected,Not Affected,Not Affected,Not Affected,Not Affected,Not Affected,Not Affected,Not Affected,Not Affected,Medium,Medium,Medium,Medium,Medium,Medium,727497.1471,454995.85
164,164,Astronaut HS,800 War Eagle Blvd,Titusville,32796,Brevard,-80.85125901,28.62467099,"-80.85125901, 28.62467099",17R NM 14539 66412,SHELTER,RISK,5,1994,"1 (400s, 1994 area) Classroom",R,130 KW for campus,0,0,0,0,194,3885,194,3885,38,S-1118A,No,No,No,No,Yes, , , , ,,,SHELTER,,Risk Shelter Inventory,Critical Community and Emergency Facilities,Regionally Significant,RSI_PT_145,Titusville,St. Johns River Water Management District,FDEM,Risk Shelter Inventory - General - FDEM,,,,East Central Florida,Central District,Northeast,5,30,8,Not Affected,Not Affected,Not Affected,Not Affected,Not Affected,Not Affected,Not Affected,Not Affected,Not Affected,Not Affected,Not Affected,Not Affected,Not Affected,Not Affected,Not Affected,Not Affected,Not Affected,Not Affected,Not Affected,Not Affected,Not Affected,707253.2042,517092.2848
165,165,Hans Christian Andersen ES,3011 S Fiske Blvd,Rockledge,32955,Brevard,-80.74414298,28.30920001,"-80.74414298, 28.30920001",17R NM 25084 31481,SHELTER,RISK,5,1990,4 Cafeteria,R, ,0,0,0,0,128,2569,128,2569,128,"F, S",No,No,No,No,Yes, , , , ,,,SHELTER,,Risk Shelter Inventory,Critical Community and Emergency Facilities,Regionally Significant,RSI_PT_87,Rockledge,St. Johns River Water Management District,FDEM,Risk Shelter Inventory - General - FDEM,,,,East Central Florida,Central District,Northeast,5,32,19,Not Affected,Not Affected,Not Affected,Not Affected,Not Affected,Not Affected,Not Affected,Not Affected,Not Affected,Not Affected,Not Affected,Not Affected,Not Affected,Not Affected,Not Affected,Not Affected,Not Affected,Not Affected,Not Affected,Not Affected,Not Affected,718628.0832,482340.907
166,166,Eau Gallie HS,1400 Commodore Blvd,Melbourne,32935,Brevard,-80.64790297,28.13052901,"-80.64790297, 28.13052901",17R NM 34577 11711,SHELTER,RISK,5,1993,22 Auditorium (excluding Lobby),R,130 KW for campus,0,0,0,0,498,9950,498,9950,0,"F, S",E,No,No,No,Yes, , , , ,,,SHELTER,,Risk Shelter Inventory,Critical Community and Emergency Facilities,Regionally Significant,RSI_PT_121,Melbourne,St. Johns River Water Management District,FDEM,Risk Shelter Inventory - General - FDEM,,,,East Central Florida,Central District,Northeast,5,32,19,Not Affected,Not Affected,Not Affected,Not Affected,Not Affected,Not Affected,Not Affected,Not Affected,Not Affected,Not Affected,Not Affected,Not Affected,Not Affected,Not Affected,Not Affected,Not Affected,Not Affected,Not Affected,Not Affected,Not Affected,Not Affected,728583.4587,462757.9665
167,167,Bayside HS,1901 DeGroodt Rd SW,Palm Bay,32908,Brevard,-80.67601797,27.95104698,"-80.67601797, 27.95104698",17R NL 31869 91821,SHELTER,RISK,5,1997,3 Music,R,500 KW for campus,0,0,0,0,274,5478,274,5478,0, ,No,No,No,No,Yes, , , , ,,,SHELTER,,Risk Shelter Inventory,Critical Community and Emergency Facilities,Regionally Significant,RSI_PT_83,Palm Bay,St. Johns River Water Management District,FDEM,Risk Shelter Inventory - General - FDEM,,,,East Central Florida,Central District,Northeast,5,33,19,Not Affected,Not Affected,Not Affected,Not Affected,Not Affected,Not Affected,Not Affected,Not Affected,Not Affected,Not Affected,Not Affected,Not Affected,Not Affected,Not Affected,Not Affected,Not Affected,Not Affected,Not Affected,Not Affected,Not Affected,Not Affected,726365.4277,442758.097
168,168,Space Coast Jr/Sr HS,6150 Banyan St,Port St. John,32927,Brevard,-80.82718967,28.47554023,"-80.82718967, 28.47554023",17R NM 16915 49894,SHELTER,RISK,5,1994,2 Gym / Classroom,R, ,0,0,0,0,935,18707,935,18707,935,S-1588-2006,No,No,No,No,Yes, , , , ,,,SHELTER,,Risk Shelter Inventory,Critical Community and Emergency Facilities,Regionally Significant,RSI_PT_97,,St. Johns River Water Management District,FDEM,Risk Shelter Inventory - General - FDEM,,,,East Central Florida,Central District,Northeast,5,31,19,Not Affected,Not Affected,Not Affected,Not Affected,Not Affected,Not Affected,Not Affected,Not Affected,Not Affected,Not Affected,Not Affected,Not Affected,Not Affected,Not Affected,Not Affected,High,High,High,High,High,High,710027.4458,500596.139
169,169,Enterprise ES,7000 Enterprise Rd,Port St. John,32927,Brevard,-80.82356743,28.47554708,"-80.82356743, 28.47554708",17R NM 17270 49895,SHELTER,RISK,5,1994,6 Cafeteria,R,230 KW for campus,0,0,0,0,227,4543,227,4543,227,HMGP,No,No,No,No,Yes, , , , ,,,SHELTER,,Risk Shelter Inventory,Critical Community and Emergency Facilities,Regionally Significant,RSI_PT_84,,St. Johns River Water Management District,FDEM,Risk Shelter Inventory - General - FDEM,,,,East Central Florida,Central District,Northeast,5,31,19,Not Affected,Not Affected,Not Affected,Not Affected,Not Affected,Not Affected,Not Affected,Not Affected,Not Affected,Not Affected,Not Affected,Not Affected,Not Affected,Not Affected,Not Affected,Not Affected,Not Affected,Not Affected,Not Affected,Not Affected,Low,710381.2907,500606.0124
170,170,Atlantis ES,7300 Briggs Ave,Port St John,32927,Brevard,-80.79469781,28.48736336,"-80.79469781, 28.48736336",17R NM 20094 51209,SHELTER,RISK,5,1989,4 Classroom,R,230 KW for campus,0,0,0,0,236,4717,236,4717,236,HMGP,No,No,No,No,Yes, , , , ,,,SHELTER,,Risk Shelter Inventory,Critical Community and Emergency Facilities,Regionally Significant,RSI_PT_92,,St. Johns River Water Management District,FDEM,Risk Shelter Inventory - General - FDEM,,,,East Central Florida,Central District,Northeast,5,31,19,Not Affected,Not Affected,Not Affected,Not Affected,Not Affected,Not Affected,Not Affected,Not Affected,Not Affected,Not Affected,Not Affected,Not Affected,Not Affected,Not Affected,Not Affected,Medium,Medium,Medium,Medium,Medium,Medium,713167.5125,501990.8353
171,171,Cambridge ES,2000 Cambridge Dr,Cocoa,32922,Brevard,-80.75003303,28.38340998,"-80.75003303, 28.38340998",17R NM 24489 39701,SHELTER,RISK,5,2003,15 Classroom / Music,A, ,0,0,158,3153,0,0,158,3153,158,L,No,No,No,Yes,Yes, , , , ,,,SHELTER,,Risk Shelter Inventory,Critical Community and Emergency Facilities,Regionally Significant,RSI_PT_140,Cocoa,St. Johns River Water Management District,FDEM,Risk Shelter Inventory - General - FDEM,,,,East Central Florida,Central District,Northeast,5,31,19,Not Affected,Not Affected,Not Affected,Not Affected,Not Affected,Not Affected,Not Affected,Not Affected,Not Affected,Not Affected,Not Affected,Not Affected,Not Affected,Not Affected,Not Affected,Not Affected,Not Affected,Not Affected,Not Affected,Not Affected,Not Affected,717834.6177,490564.3637
172,172,John F. Turner Sr. ES,3175 Jupiter Blvd SE,Palm Bay,32909,Brevard,-80.66043277,27.98746686,"-80.66043277, 27.98746686",17R NL 33391 95860,SHELTER,RISK,5,2003,3 Classroom / Music,A, ,0,0,256,5126,0,0,256,5126,230, ,No,No,No,Yes,Yes, , , , ,,,SHELTER,,Risk Shelter Inventory,Critical Community and Emergency Facilities,Regionally Significant,RSI_PT_88,Palm Bay,St. Johns River Water Management District,FDEM,Risk Shelter Inventory - General - FDEM,,,,East Central Florida,Central District,Northeast,5,33,19,Not Affected,Not Affected,Not Affected,Not Affected,Not Affected,Not Affected,Not Affected,Not Affected,Not Affected,Not Affected,Not Affected,Not Affected,Not Affected,Not Affected,Not Affected,Not Affected,Not Affected,Not Affected,Not Affected,Not Affected,Not Affected,727785.7673,446842.5708
173,173,Manatee ES,3425 Viera Blvd,Viera,32940,Brevard,-80.744549,28.26308801,"-80.74454900, 28.26308801",17R NM 25055 26372,SHELTER,RISK,5,2003,1 Main,A, ,0,0,2002,40043,0,0,2002,40043,1349,L,No,No,No,Yes,Yes, , , , ,,,SHELTER,,Risk Shelter Inventory,Critical Community and Emergency Facilities,Regionally Significant,RSI_PT_95,,St. Johns River Water Management District,FDEM,Risk Shelter Inventory - General - FDEM,,,,East Central Florida,Central District,Northeast,5,32,19,Not Affected,Not Affected,Not Affected,Not Affected,Not Affected,Not Affected,Not Affected,Not Affected,Not Affected,Not Affected,Not Affected,Not Affected,Not Affected,Not Affected,Not Affected,Not Affected,Not Affected,Not Affected,Not Affected,Not Affected,Not Affected,718723.5363,477220.5888
174,174,Imperial Estates ES,5525 Kathy Dr,Titusville,32780,Brevard,-80.81349703,28.541038,"-80.81349703, 28.54103800",17R NM 18245 57152,SHELTER,RISK,5,1994,5 Classroom,R, ,0,0,0,0,263,5268,263,5268,188,"F, S",No,No,No,No,Yes, , , , ,,,SHELTER,,Risk Shelter Inventory,Critical Community and Emergency Facilities,Regionally Significant,RSI_PT_101,Titusville,St. Johns River Water Management District,FDEM,Risk Shelter Inventory - General - FDEM,,,,East Central Florida,Central District,Northeast,5,31,8,Not Affected,Not Affected,Not Affected,Not Affected,Not Affected,Not Affected,Not Affected,Not Affected,Not Affected,Not Affected,Not Affected,Not Affected,Not Affected,Not Affected,Not Affected,High,High,High,High,High,High,711177.1687,507902.137
175,175,Pinewood ES,3654 Lionel Rd,Mims,32754,Brevard,-80.85785643,28.70313814,"-80.85785643, 28.70313814",17R NM 13884 75104,SHELTER,RISK,5,1996,4 Classroom,R, ,0,0,0,0,475,9508,475,9508,380,"F, S",No,No,No,No,Yes, , , , ,,,SHELTER,,Risk Shelter Inventory,Critical Community and Emergency Facilities,Regionally Significant,RSI_PT_175,,St. Johns River Water Management District,FDEM,Risk Shelter Inventory - General - FDEM,,,,East Central Florida,Central District,Northeast,5,30,8,Not Affected,Not Affected,Not Affected,Not Affected,Not Affected,Not Affected,Not Affected,Not Affected,Not Affected,Not Affected,Not Affected,Not Affected,Not Affected,Not Affected,Not Affected,Not Affected,Not Affected,Not Affected,Not Affected,Not Affected,Not Affected,706387.5507,525787.1699
176,176,Discovery ES,1275 Glendale Ave NW,Palm Bay,32905,Brevard,-80.71874598,28.02940902,"-80.71874598, 28.02940902",17R NM 27646 00492,SHELTER,RISK,5,1988,3 Classroom,R,230 KW for campus,0,0,0,0,278,5553,278,5553,278,HMGP,No,No,No,No,Yes, , , , ,,,SHELTER,,Risk Shelter Inventory,Critical Community and Emergency Facilities,Regionally Significant,RSI_PT_85,Palm Bay,St. Johns River Water Management District,FDEM,Risk Shelter Inventory - General - FDEM,,,,East Central Florida,Central District,Northeast,5,33,19,Not Affected,Not Affected,Not Affected,Not Affected,Not Affected,Not Affected,Not Affected,Not Affected,Not Affected,Not Affected,Not Affected,Not Affected,Not Affected,Not Affected,Not Affected,Not Affected,Not Affected,Not Affected,Not Affected,Not Affected,Not Affected,721939.6349,451345.1779
177,177,Challenger ES,5700 NW 94 Ave,Tamarac,33321,Broward,-80.27596385,26.19565855,"-80.27596385, 26.19565855",17R NJ 72340 97553,SHELTER,RISK,10,2000,1 Main,A, ,0,0,2410,48207,0,0,2410,48207,395,L,No,No,No,Yes,Yes, ,Yes, ,Yes,,,SHELTER,,Risk Shelter Inventory,Critical Community and Emergency Facilities,Regionally Significant,RSI_PT_177,Tamarac,South Florida Water Management District,FDEM,Risk Shelter Inventory - General - FDEM,,,,South Florida,Southeast District,Southeast,4,96,32,Not Affected,Not Affected,Not Affected,Not Affected,Not Affected,Not Affected,Not Affected,Not Affected,Not Affected,Not Affected,Not Affected,Not Affected,Not Affected,Not Affected,Not Affected,Medium,Medium,Medium,Medium,Medium,Medium,771518.3692,249072.5179
178,178,Silver Trail MS,18300 Sheridan St,Pembroke Pines,33331,Broward,-80.39116592,26.02918628,"-80.39116592, 26.02918628",17R NJ 60916 79058,SHELTER,RISK,10,1995,1 Main,A, ,0,0,1251,25014,0,0,1251,25014,925,L,No,No,0.20%,Yes,Yes, , , ,Yes,,,SHELTER,,Risk Shelter Inventory,Critical Community and Emergency Facilities,Regionally Significant,RSI_PT_178,Pembroke Pines,South Florida Water Management District,FDEM,Risk Shelter Inventory - General - FDEM,,,,South Florida,Southeast District,Southeast,4,103,35,Not Affected,Not Affected,Not Affected,Not Affected,Not Affected,Not Affected,Not Affected,Not Affected,Not Affected,Not Affected,Not Affected,Not Affected,Not Affected,Medium,Medium,Not Affected,Not Affected,Not Affected,Not Affected,Not Affected,Not Affected,760569.4738,230263.9334
179,179,Pines MS,200 NW Douglas Rd,Pembroke Pines,33024,Broward,-80.26399091,26.01009342,"-80.26399091, 26.01009342",17R NJ 73653 77009,SHELTER,RISK,10,2005,11 Main,A, ,0,0,1210,24200,0,0,1210,24200,388,L,No,No,0.20%,Yes,Yes, , , ,Yes,,,SHELTER,,Risk Shelter Inventory,Critical Community and Emergency Facilities,Regionally Significant,RSI_PT_179,Pembroke Pines,South Florida Water Management District,FDEM,Risk Shelter Inventory - General - FDEM,,,,South Florida,Southeast District,Southeast,4,104,35,Not Affected,Not Affected,Not Affected,Not Affected,Not Affected,Not Affected,Not Affected,Not Affected,Medium,Medium,Medium,Medium,Medium,High,High,Medium,Medium,Medium,Medium,Medium,Medium,773336.2713,228524.5508
180,180,Lakeside ES,900 NW 136 Ave,Pembroke Pines,33026,Broward,-80.33115001,26.01305001,"-80.33115001, 26.01305001",17R NJ 66930 77300,SHELTER,RISK,10,1997,1 Main,A, ,0,0,2335,46697,0,0,2335,46697,2091,L,No,No,No,Yes,Yes, , , ,Yes,,,SHELTER,,Risk Shelter Inventory,Critical Community and Emergency Facilities,Regionally Significant,RSI_PT_180,Pembroke Pines,South Florida Water Management District,FDEM,Risk Shelter Inventory - General - FDEM,,,,South Florida,Southeast District,Southeast,4,103,35,Not Affected,Not Affected,Not Affected,Not Affected,Not Affected,Not Affected,Not Affected,Not Affected,Not Affected,Not Affected,Not Affected,Low,Low,Medium,Medium,Not Affected,Not Affected,Not Affected,Low,Low,Low,766617.3568,228651.0028
181,181,Everglades ES,2900 Bonaventure Blvd,Weston,33331,Broward,-80.39010617,26.0844872,"-80.39010617, 26.08448720",17R NJ 60993 85183,SHELTER,RISK,10,1998,1 Main,A, ,0,0,2287,45745,0,0,2287,45745,1214,L,No,No,0.20%,Yes,Yes, ,Yes, ,Yes,,,SHELTER,,Risk Shelter Inventory,Critical Community and Emergency Facilities,Regionally Significant,RSI_PT_181,Weston,South Florida Water Management District,FDEM,Risk Shelter Inventory - General - FDEM,,,,South Florida,Southeast District,Southeast,4,103,35,Not Affected,Not Affected,Not Affected,Not Affected,Not Affected,Not Affected,Not Affected,Not Affected,Not Affected,Low,Not Affected,Medium,Medium,Medium,Medium,Medium,Medium,Medium,Medium,Medium,Medium,760495.6988,236401.3764
182,182,Pompano Beach HS,600 NE 13th Ave,Pompano Beach,33060,Broward,-80.1105226,26.23666003,"-80.11052260, 26.23666003",17R NK 88839 02197,SHELTER,RISK,10,2002,10 Classroom / Admin / Cafeteria,A, ,0,0,1800,36000,0,0,1800,36000,268,L,No,No,No,Yes,Yes, , , ,Yes,,,SHELTER,,Risk Shelter Inventory,Critical Community and Emergency Facilities,Regionally Significant,RSI_PT_182,Pompano Beach,South Florida Water Management District,FDEM,Risk Shelter Inventory - General - FDEM,,,,South Florida,Southeast District,Southeast,4,100,37,Not Affected,Not Affected,Not Affected,Not Affected,Not Affected,Not Affected,Not Affected,Not Affected,Not Affected,Not Affected,Not Affected,Not Affected,Not Affected,Not Affected,Not Affected,Not Affected,Not Affected,Not Affected,Not Affected,Not Affected,Not Affected,787874.3038,254130.3255
183,183,Tradewinds ES,5400 Johnson Rd,Coconut Creek,33073,Broward,-80.19962653,26.31184519,"-80.19962653, 26.31184519",17R NK 79888 10466,SHELTER,RISK,10,1995,1 Main,A, ,0,0,2337,46730,0,0,2337,46730,2091,L,No,No,0.20%,Yes,Yes, , , ,Yes,,,SHELTER,,Risk Shelter Inventory,Critical Community and Emergency Facilities,Regionally Significant,RSI_PT_183,Coconut Creek,South Florida Water Management District,FDEM,Risk Shelter Inventory - General - FDEM,,,,South Florida,Southeast District,Southeast,4,95,30,Not Affected,Not Affected,Not Affected,Not Affected,Not Affected,Not Affected,Not Affected,Not Affected,Not Affected,Not Affected,Not Affected,Not Affected,Not Affected,Not Affected,Not Affected,Not Affected,Not Affected,Not Affected,Not Affected,Low,Low,778734.2165,262194.0528
184,184,Orange Brook ES,715 S 46th Ave,Hollywood,33021,Broward,-80.18836999,26.00376001,"-80.18836999, 26.00376001",17R NJ 81225 76352,SHELTER,RISK,10,2006,16 Main,A, ,0,0,815,16300,0,0,815,16300,1294,L,No,No,0.20%,Yes,Yes, , , ,Yes,,,SHELTER,,Risk Shelter Inventory,Critical Community and Emergency Facilities,Regionally Significant,RSI_PT_184,Hollywood,South Florida Water Management District,FDEM,Risk Shelter Inventory - General - FDEM,,,,South Florida,Southeast District,Southeast,4,105,37,Not Affected,Not Affected,Not Affected,Not Affected,Not Affected,Not Affected,Not Affected,Not Affected,Not Affected,Not Affected,Not Affected,Not Affected,Not Affected,Not Affected,Not Affected,Medium,Medium,Medium,High,High,High,780912.3445,228053.325
185,185,Floranada ES,5251 NE 14th Way,Ft. Lauderdale,33334,Broward,-80.12908999,26.19135002,"-80.12908999, 26.19135002",17R NJ 87019 97166,SHELTER,RISK,10,1999,1 Main,A, ,0,0,800,16000,0,0,800,16000,395,L,No,No,0.20%,Yes,Yes, , , ,Yes,,,SHELTER,,Risk Shelter Inventory,Critical Community and Emergency Facilities,Regionally Significant,RSI_PT_185,Fort Lauderdale,South Florida Water Management District,FDEM,Risk Shelter Inventory - General - FDEM,,,,South Florida,Southeast District,Southeast,4,100,37,Not Affected,Not Affected,Not Affected,Not Affected,Not Affected,Not Affected,Not Affected,Not Affected,Not Affected,Not Affected,Low,Medium,Medium,Medium,High,Not Affected,Not Affected,Not Affected,Not Affected,Not Affected,Not Affected,786181.1282,249045.7964
186,186,Rock Island ES,2350 NW 19th St,Ft. Lauderdale,33311,Broward,-80.17266355,26.15118123,"-80.17266355, 26.15118123",17R NJ 82693 92689,SHELTER,RISK,10,2001,1 Main,A, ,0,0,800,16000,0,0,800,16000,396, ,No,No,AH,Yes,Yes, , , ,Yes,,,SHELTER,,Risk Shelter Inventory,Critical Community and Emergency Facilities,Regionally Significant,RSI_PT_186,Fort Lauderdale,South Florida Water Management District,FDEM,Risk Shelter Inventory - General - FDEM,,,,South Florida,Southeast District,Southeast,4,99,32,Not Affected,Not Affected,Not Affected,Not Affected,Not Affected,Not Affected,Not Affected,Not Affected,Not Affected,Not Affected,Not Affected,Not Affected,Not Affected,Medium,Medium,Medium,Medium,Medium,Medium,Medium,Medium,781973.7605,244454.2272
187,187,Manatee Bay ES,19200 SW 36 St,Weston,33331,Broward,-80.4024531,26.07544441,"-80.40245310, 26.07544441",17R NJ 59763 84175,SHELTER,RISK,10,2001,1 Main,A, ,0,0,2297,45934,0,0,2297,45934,1254,L,No,No,0.20%,Yes,Yes, , , ,Yes,,,SHELTER,,Risk Shelter Inventory,Critical Community and Emergency Facilities,Regionally Significant,RSI_PT_187,Weston,South Florida Water Management District,FDEM,Risk Shelter Inventory - General - FDEM,,,,South Florida,Southeast District,Southeast,4,103,35,Not Affected,Not Affected,Not Affected,Not Affected,Not Affected,Not Affected,Not Affected,Not Affected,Medium,Medium,Medium,Medium,Medium,High,High,Not Affected,Not Affected,Not Affected,Medium,Medium,Medium,759292.3173,235362.2385
188,188,Park Trails ES,10700 Trails End,Parkland,33076,Broward,-80.26677247,26.32000684,"-80.26677247, 26.32000684",17R NK 73180 11330,SHELTER,RISK,10,2000,1 Main,A, ,0,0,2425,48509,0,0,2425,48509,395,L,No,No,0.20%,Yes,Yes, , , ,Yes,,,SHELTER,,Risk Shelter Inventory,Critical Community and Emergency Facilities,Regionally Significant,RSI_PT_188,Parkland,South Florida Water Management District,FDEM,Risk Shelter Inventory - General - FDEM,,,,South Florida,Southeast District,Southeast,4,95,30,Not Affected,Not Affected,Not Affected,Not Affected,Not Affected,Not Affected,Not Affected,Not Affected,Not Affected,Not Affected,Not Affected,Not Affected,Not Affected,Not Affected,Not Affected,Not Affected,Not Affected,Not Affected,Medium,Medium,Medium,772017.2888,262895.1128
189,189,Watkins ES,3520 SW 52nd Ave,Pembroke Park,33023,Broward,-80.19557902,25.97818598,"-80.19557902, 25.97818598",17R NJ 80521 73515,SHELTER,RISK,10,1995,1 Main,A, ,0,0,2389,47778,0,0,2389,47778,395,L,No,No,No,Yes,Yes, , , ,Yes,,,SHELTER,,Risk Shelter Inventory,Critical Community and Emergency Facilities,Regionally Significant,RSI_PT_189,Pembroke Park,South Florida Water Management District,FDEM,Risk Shelter Inventory - General - FDEM,,,,South Florida,Southeast District,Southeast,4,105,37,Not Affected,Not Affected,Not Affected,Not Affected,Not Affected,Not Affected,Not Affected,Not Affected,Not Affected,Not Affected,Not Affected,Not Affected,Not Affected,Not Affected,Not Affected,Not Affected,Not Affected,Not Affected,Not Affected,Low,Low,780279.6852,225194.4968
190,190,Coral Glades HS,2700 Sports Plex Dr,Coral Springs,33065,Broward,-80.29427725,26.26180138,"-80.29427725, 26.26180138",17R NK 70470 04869,SHELTER,RISK,10,2003,3 Cafeteria / Gym / Music,A, ,0,0,1696,33916,0,0,1696,33916,1153,L,No,No,0.20%,Yes,Yes, , , ,Yes,,,SHELTER,,Risk Shelter Inventory,Critical Community and Emergency Facilities,Regionally Significant,RSI_PT_190,Coral Springs,South Florida Water Management District,FDEM,Risk Shelter Inventory - General - FDEM,,,,South Florida,Southeast District,Southeast,4,96,30,Not Affected,Not Affected,Not Affected,Not Affected,Not Affected,Not Affected,Not Affected,Not Affected,Not Affected,Not Affected,Not Affected,Not Affected,Not Affected,Not Affected,Not Affected,Medium,Medium,Medium,Medium,Medium,Medium,769471.3649,256355.1097
191,191,Panther Run ES,801 NW 172 Ave,Pembroke Pines,33328,Broward,-80.37657502,26.01165364,"-80.37657502, 26.01165364",17R NJ 62385 77123,SHELTER,RISK,10,1997,1 Main,A, ,0,0,2394,47887,0,0,2394,47887,1259,L,No,No,0.20%,Yes,Yes, , , ,Yes,,,SHELTER,,Risk Shelter Inventory,Critical Community and Emergency Facilities,Regionally Significant,RSI_PT_191,Pembroke Pines,South Florida Water Management District,FDEM,Risk Shelter Inventory - General - FDEM,,,,South Florida,Southeast District,Southeast,4,103,35,Not Affected,Not Affected,Not Affected,Not Affected,Not Affected,Not Affected,Not Affected,Not Affected,Not Affected,Not Affected,Not Affected,Low,Medium,Medium,Medium,Low,Low,Low,Low,Low,Low,762084.0367,228361.8999
192,192,ATC - Arthur Ashe Jr Campus,1701 NW 23 Ave,Ft. Lauderdale,33311,Broward,-80.17062491,26.15034959,"-80.17062491, 26.15034959",17R NJ 82897 92598,SHELTER,RISK,10,2001,1 Main,A, ,0,0,1132,22642,0,0,1132,22642,941,L,No,No,AH,Yes,Yes, , , ,Yes,,,SHELTER,,Risk Shelter Inventory,Critical Community and Emergency Facilities,Regionally Significant,RSI_PT_192,Fort Lauderdale,South Florida Water Management District,FDEM,Risk Shelter Inventory - General - FDEM,,,,South Florida,Southeast District,Southeast,4,99,32,Not Affected,Not Affected,Not Affected,Not Affected,Not Affected,Not Affected,Not Affected,Not Affected,Not Affected,Not Affected,Not Affected,Not Affected,Low,Medium,Medium,Low,Medium,Medium,Medium,Medium,Medium,782180.0204,244368.2924
193,193,New Renaissance MS,10701 Miramar Blvd,Miramar,33025,Broward,-80.28746682,25.98633041,"-80.28746682, 25.98633041",17R NJ 71318 74364,SHELTER,RISK,10,2000,3 Cafeteria / Gym,A, ,0,0,1181,23623,0,0,1181,23623,817,L,No,No,0.20%,Yes,Yes, , , ,Yes,,,SHELTER,,Risk Shelter Inventory,Critical Community and Emergency Facilities,Regionally Significant,RSI_PT_193,Miramar,South Florida Water Management District,FDEM,Risk Shelter Inventory - General - FDEM,,,,South Florida,Southeast District,Southeast,4,104,35,Not Affected,Not Affected,Not Affected,Not Affected,Not Affected,Not Affected,Not Affected,Not Affected,Medium,Medium,Medium,Medium,Medium,High,High,Medium,Medium,Medium,High,High,High,771070.4324,225817.9185
194,194,Beachside Montessori Village,2230 Lincoln St,Hollywood,33020,Broward,-80.15225002,26.01676001,"-80.15225002, 26.01676001",17R NJ 84830 77815,SHELTER,RISK,10,2008,1 Main,A, ,0,0,1060,21195,0,0,1060,5981,1060,L,No,No,0.20%,Yes,Yes, , , ,Yes,,,SHELTER,,Risk Shelter Inventory,Critical Community and Emergency Facilities,Regionally Significant,RSI_PT_194,Hollywood,South Florida Water Management District,FDEM,Risk Shelter Inventory - General - FDEM,,,,South Florida,Southeast District,Southeast,4,105,37,Not Affected,Not Affected,Not Affected,Not Affected,Not Affected,Not Affected,Not Affected,Not Affected,Not Affected,Not Affected,Not Affected,Not Affected,Not Affected,Not Affected,Not Affected,Not Affected,Not Affected,Not Affected,Not Affected,Not Affected,Not Affected,784475.7937,229607.3432
195,195,Plantation ES,651 NW 42nd Ave,Plantation,33317,Broward,-80.20443577,26.13168642,"-80.20443577, 26.13168642",17R NJ 79530 90510,SHELTER,RISK,10,1999,1 Main,A, ,0,0,2384,47676,0,0,2384,47676,395,L,No,No,0.20%,Yes,Yes, , , ,Yes,,,SHELTER,,Risk Shelter Inventory,Critical Community and Emergency Facilities,Regionally Significant,RSI_PT_195,Plantation,South Florida Water Management District,FDEM,Risk Shelter Inventory - General - FDEM,,,,South Florida,Southeast District,Southeast,4,99,32,Not Affected,Not Affected,Not Affected,Not Affected,Not Affected,Not Affected,Not Affected,Not Affected,Not Affected,Not Affected,Medium,Medium,Medium,Medium,High,Medium,Medium,Medium,Medium,High,High,778870.4344,242193.7051
196,196,Monarch HS,5050 Wiles Rd,Coconut Creek,33063,Broward,-80.19155998,26.28422,"-80.19155998, 26.28422000",17R NK 80712 07412,SHELTER,RISK,10,2002,4 Cafeteria / Gym,A, ,0,0,1089,21782,0,0,1089,21782,950,L,No,No,No,Yes,Yes, , , ,Yes,,,SHELTER,,Risk Shelter Inventory,Critical Community and Emergency Facilities,Regionally Significant,RSI_PT_196,Coconut Creek,South Florida Water Management District,FDEM,Risk Shelter Inventory - General - FDEM,,,,South Florida,Southeast District,Southeast,4,95,30,Not Affected,Not Affected,Not Affected,Not Affected,Not Affected,Not Affected,Not Affected,Not Affected,Not Affected,Not Affected,Not Affected,Not Affected,Not Affected,Not Affected,Not Affected,Not Affected,Not Affected,Not Affected,Medium,Medium,Medium,779632.5297,259154.1715
197,197,Silver Palms ES,1209 NW 155th Ave,Pembroke Pines,33029,Broward,-80.35007071,26.01804627,"-80.35007071, 26.01804627",17R NJ 65034 77844,SHELTER,RISK,10,1995,1 Main,A, ,0,0,2328,46566,0,0,2328,46566,2091,L,No,No,0.20%,Yes,Yes, , , ,Yes,,,SHELTER,,Risk Shelter Inventory,Critical Community and Emergency Facilities,Regionally Significant,RSI_PT_197,Pembroke Pines,South Florida Water Management District,FDEM,Risk Shelter Inventory - General - FDEM,,,,South Florida,Southeast District,Southeast,4,103,35,Not Affected,Not Affected,Not Affected,Not Affected,Not Affected,Not Affected,Not Affected,Not Affected,Not Affected,Medium,Medium,Medium,Medium,Medium,High,Not Affected,Not Affected,Not Affected,Low,Medium,Medium,764710.8129,229149.0938
198,198,Gator Run ES,1101 Arvida Pkwy,Weston,33327,Broward,-80.41694418,26.1210978,"-80.41694418, 26.12109780",17R NJ 58291 89225,SHELTER,RISK,10,1998,1 Main,A, ,0,0,2287,45741,0,0,2287,45741,1214,L,No,No,No,Yes,Yes, , , ,Yes,,,SHELTER,,Risk Shelter Inventory,Critical Community and Emergency Facilities,Regionally Significant,RSI_PT_198,Weston,South Florida Water Management District,FDEM,Risk Shelter Inventory - General - FDEM,,,,South Florida,Southeast District,Southeast,4,103,35,Not Affected,Not Affected,Not Affected,Not Affected,Not Affected,Not Affected,Not Affected,Not Affected,Not Affected,Not Affected,Not Affected,Not Affected,Not Affected,Not Affected,Not Affected,Not Affected,Not Affected,Not Affected,Not Affected,Not Affected,Not Affected,757698.2879,240384.4475
199,199,Coral Cove ES,5100 SW 148 Ave,Miramar,33027,Broward,-80.34374424,25.96436987,"-80.34374424, 25.96436987",17R NJ 65697 71902,SHELTER,RISK,10,2004,1 Main,A, ,0,0,800,16000,0,0,800,16000,1289,L,No,No,No,Yes,Yes, , , ,Yes,,,SHELTER,,Risk Shelter Inventory,Critical Community and Emergency Facilities,Regionally Significant,RSI_PT_199,Miramar,South Florida Water Management District,FDEM,Risk Shelter Inventory - General - FDEM,,,,South Florida,Southeast District,Southeast,4,104,35,Not Affected,Not Affected,Not Affected,Not Affected,Not Affected,Not Affected,Not Affected,Not Affected,Not Affected,Medium,Low,Medium,Medium,Medium,High,Medium,Medium,Medium,Medium,Medium,Medium,765519.3673,223214.006
200,200,Park Lakes ES,3925 N SR 7,Lauderdale Lakes,33309,Broward,-80.20419997,26.17606,"-80.20419997, 26.17606000",17R NJ 79524 95425,SHELTER,RISK,10,2000,1 Main,A, ,0,0,2384,47676,0,0,2384,47676,1259,L,No,No,0.20%,Yes,Yes, , , ,Yes,,,SHELTER,,Risk Shelter Inventory,Critical Community and Emergency Facilities,Regionally Significant,RSI_PT_200,Lauderdale Lakes,South Florida Water Management District,FDEM,Risk Shelter Inventory - General - FDEM,,,,South Florida,Southeast District,Southeast,4,97,32,Not Affected,Not Affected,Not Affected,Not Affected,Not Affected,Not Affected,Not Affected,Not Affected,Not Affected,Not Affected,Not Affected,Not Affected,Not Affected,Not Affected,Not Affected,Not Affected,Not Affected,Not Affected,Not Affected,Not Affected,Medium,778742.4009,247116.7265
201,201,Sunset Lakes ES,18400 SW 25 St,Miramar,33027,Broward,-80.39331004,25.98474,"-80.39331004, 25.98474000",17R NJ 60724 74134,SHELTER,RISK,10,2002,1 Main,A, ,0,0,2303,46067,0,0,2303,46067,1254, ,No,No,0.20%,Yes,Yes, , , ,Yes,,,SHELTER,,Risk Shelter Inventory,Critical Community and Emergency Facilities,Regionally Significant,RSI_PT_201,Miramar,South Florida Water Management District,FDEM,Risk Shelter Inventory - General - FDEM,,,,South Florida,Southeast District,Southeast,4,103,35,Not Affected,Not Affected,Not Affected,Not Affected,Not Affected,Not Affected,Not Affected,Not Affected,Not Affected,Low,Not Affected,Low,Medium,Medium,Medium,Not Affected,Not Affected,Not Affected,Not Affected,Not Affected,Not Affected,760499.5462,225327.5502
202,202,Coconut Palm ES,13601 Monarch Lakes Blvd,Miramar,33027,Broward,-80.32777509,25.98532232,"-80.32777509, 25.98532232",17R NJ 67284 74231,SHELTER,RISK,10,2000,1 Main,A, ,0,0,2299,45982,0,0,2299,45982,1214,L,No,No,No,Yes,Yes, , , ,Yes,,,SHELTER,,Risk Shelter Inventory,Critical Community and Emergency Facilities,Regionally Significant,RSI_PT_202,Miramar,South Florida Water Management District,FDEM,Risk Shelter Inventory - General - FDEM,,,,South Florida,Southeast District,Southeast,4,104,35,Not Affected,Not Affected,Not Affected,Not Affected,Not Affected,Not Affected,Not Affected,Low,Medium,Medium,Medium,Medium,Medium,High,High,Medium,Not Affected,Medium,High,High,High,767046.1194,225585.467
203,203,Silver Lakes ES,2300 SW 173 Ave,Miramar,33027,Broward,-80.377289,25.98605454,"-80.37728900, 25.98605454",17R NJ 62327 74287,SHELTER,RISK,10,1997,1 Main,A, ,0,0,2406,48118,0,0,2406,48118,395,L,No,No,No,Yes,Yes, , , ,Yes,,,SHELTER,,Risk Shelter Inventory,Critical Community and Emergency Facilities,Regionally Significant,RSI_PT_203,Miramar,South Florida Water Management District,FDEM,Risk Shelter Inventory - General - FDEM,,,,South Florida,Southeast District,Southeast,4,103,35,Not Affected,Not Affected,Not Affected,Not Affected,Not Affected,Not Affected,Not Affected,Not Affected,Medium,Medium,Medium,Medium,Medium,High,High,Not Affected,Not Affected,Not Affected,Not Affected,Not Affected,Not Affected,762096.1526,225520.2997
204,204,Fox Trail ES,1250 Nob Hill Rd,Davie,33324,Broward,-80.27797304,26.10447801,"-80.27797304, 26.10447801",17R NJ 72195 87454,SHELTER,RISK,10,1997,1 Main,A, ,0,0,2389,47778,0,0,2389,47778,1259,L,No,No,0.20%,Yes,Yes, , , ,Yes,,,SHELTER,,Risk Shelter Inventory,Critical Community and Emergency Facilities,Regionally Significant,RSI_PT_204,Davie,South Florida Water Management District,FDEM,Risk Shelter Inventory - General - FDEM,,,,South Florida,Southeast District,Southeast,4,102,35,Not Affected,Not Affected,Not Affected,Not Affected,Not Affected,Not Affected,Not Affected,Not Affected,Not Affected,Not Affected,Not Affected,Not Affected,Not Affected,Medium,Medium,Not Affected,Not Affected,Not Affected,Not Affected,Not Affected,Not Affected,771623.3754,238951.7816
205,205,Liberty ES,2450 Banks Rd,Margate,33063,Broward,-80.19352201,26.25901101,"-80.19352201, 26.25901101",17R NK 80534 04618,SHELTER,RISK,10,2001,1 Main,A, ,0,0,2303,46067,0,0,2303,46067,1254,L,No,No,No,Yes,Yes, , , ,Yes,,,SHELTER,,Risk Shelter Inventory,Critical Community and Emergency Facilities,Regionally Significant,RSI_PT_205,Margate,South Florida Water Management District,FDEM,Risk Shelter Inventory - General - FDEM,,,,South Florida,Southeast District,Southeast,4,95,30,Not Affected,Not Affected,Not Affected,Not Affected,Not Affected,Not Affected,Not Affected,Not Affected,Not Affected,Not Affected,Not Affected,Not Affected,Not Affected,Not Affected,Not Affected,Not Affected,Not Affected,Not Affected,Not Affected,Not Affected,Not Affected,779523.3652,256351.5412
206,206,Parkside ES,10257 NW 29th St,Coral Springs,33065,Broward,-80.26337515,26.26723393,"-80.26337515, 26.26723393",17R NK 73553 05488,SHELTER,RISK,10,1999,1 Main,A, ,0,0,1214,24273,0,0,1214,24273,1214,L,No,No,0.20%,Yes,Yes, , , ,Yes,,,SHELTER,,Risk Shelter Inventory,Critical Community and Emergency Facilities,Regionally Significant,RSI_PT_206,Coral Springs,South Florida Water Management District,FDEM,Risk Shelter Inventory - General - FDEM,,,,South Florida,Southeast District,Southeast,4,96,30,Not Affected,Not Affected,Not Affected,Not Affected,Not Affected,Not Affected,Not Affected,Not Affected,Not Affected,Not Affected,Not Affected,Not Affected,Not Affected,Not Affected,Not Affected,Medium,Medium,Medium,Medium,Medium,Medium,772533.1876,257050.7585
207,207,West Broward HS,500 NW 209th Ave,Pembroke Pines,33029,Broward,-80.43035001,26.01213001,"-80.43035001, 26.01213001",17R NJ 57003 77151,SHELTER,RISK,10,2007,3 Gym / Arts / Cafeteria,A, ,0,0,1258,25155,0,0,1258,25155,714,L,No,No,AH,Yes,Yes, , , ,Yes,,,SHELTER,,Risk Shelter Inventory,Critical Community and Emergency Facilities,Regionally Significant,RSI_PT_207,Pembroke Pines,South Florida Water Management District,FDEM,Risk Shelter Inventory - General - FDEM,,,,South Florida,Southeast District,Southeast,4,103,35,Not Affected,Not Affected,Not Affected,Not Affected,Not Affected,Not Affected,Not Affected,Not Affected,Medium,Medium,Medium,Medium,Medium,High,High,Medium,Medium,Medium,Medium,Medium,Medium,756710.3566,228258.0142
208,208,Dolphin Bay ES,16450 Miramar Pkwy,Miramar,33027,Broward,-80.36665144,25.97844629,"-80.36665144, 25.97844629",17R NJ 63396 73450,SHELTER,RISK,10,2005,1 Main,A, ,0,0,815,16300,0,0,815,16300,1268, ,No,No,0.20%,Yes,Yes, , , ,Yes,,,SHELTER,,Risk Shelter Inventory,Critical Community and Emergency Facilities,Regionally Significant,RSI_PT_208,Miramar,South Florida Water Management District,FDEM,Risk Shelter Inventory - General - FDEM,,,,South Florida,Southeast District,Southeast,4,103,35,Not Affected,Not Affected,Not Affected,Not Affected,Not Affected,Not Affected,Not Affected,Not Affected,Not Affected,Not Affected,Not Affected,Not Affected,Low,Medium,Medium,Not Affected,Not Affected,Not Affected,Not Affected,Not Affected,Not Affected,763183.9606,224707.6713
209,209,Millennium MS,5803 NW 94th Ave,Tamarac,33321,Broward,-80.2762081,26.19607673,"-80.27620810, 26.19607673",17R NJ 72315 97600,SHELTER,RISK,10,2001,3 Cafeteria / Music,A, ,500,10000,325,6492,0,0,825,16492,325,L,No,No,No,Yes,Yes, ,Yes, ,Yes,,,SHELTER,,Risk Shelter Inventory,Critical Community and Emergency Facilities,Regionally Significant,RSI_PT_209,Tamarac,South Florida Water Management District,FDEM,Risk Shelter Inventory - General - FDEM,,,,South Florida,Southeast District,Southeast,4,96,32,Not Affected,Not Affected,Not Affected,Not Affected,Not Affected,Not Affected,Not Affected,Not Affected,Not Affected,Not Affected,Not Affected,Not Affected,Not Affected,Not Affected,Not Affected,Medium,Medium,Medium,Medium,Medium,Medium,771492.6083,249118.1714
210,210,Gulf Stream Academy K-8,900 SW 8th St,Hallandale,33009,Broward,-80.1609958,25.9768015,"-80.16099580, 25.97680150",17R NJ 83983 73384,SHELTER,RISK,10,2003,1 Classroom,A, ,0,0,1637,32746,0,0,1637,32746,309,L,No,No,No,Yes,Yes, , , ,Yes,,,SHELTER,,Risk Shelter Inventory,Critical Community and Emergency Facilities,Regionally Significant,RSI_PT_210,Hallandale Beach,South Florida Water Management District,FDEM,Risk Shelter Inventory - General - FDEM,,,,South Florida,Southeast District,Southeast,4,105,37,Not Affected,Not Affected,Not Affected,Not Affected,Not Affected,Not Affected,Not Affected,Not Affected,Low,Medium,Medium,Medium,Medium,High,High,Not Affected,Not Affected,Not Affected,Not Affected,Low,Low,783740.2005,225148.0703
211,211,Silver Shores ES,1701 SW 160 Ave,Miramar,33027,Broward,-80.36167531,25.99186094,"-80.36167531, 25.99186094",17R NJ 63887 74938,SHELTER,RISK,10,2002,1 Main,A, ,0,0,2295,45892,0,0,2295,45892,1254, ,No,No,AH,Yes,Yes, , , ,Yes,,,SHELTER,,Risk Shelter Inventory,Critical Community and Emergency Facilities,Regionally Significant,RSI_PT_211,Miramar,South Florida Water Management District,FDEM,Risk Shelter Inventory - General - FDEM,,,,South Florida,Southeast District,Southeast,4,103,35,Not Affected,Not Affected,Not Affected,Not Affected,Not Affected,Not Affected,Medium,Medium,Medium,Medium,Medium,High,High,High,High,Medium,Medium,Medium,Medium,Medium,Medium,763637.3081,226210.2968
212,212,Altha ES,25820 NE Fuqua Cir,Altha,32421,Calhoun,-85.12350375,30.5737529,"-85.12350375, 30.57375290",16R FU 79949 83863,SHELTER,RISK,2,2018,5 Classroom,A, ,0,0,0,0,0,0,193,3868,0, ,No,No,No,No,Yes, , , , ,,,SHELTER,,Risk Shelter Inventory,Critical Community and Emergency Facilities,Regionally Significant,RSI_PT_212,Altha,Northwest Florida Water Management District,FDEM,Risk Shelter Inventory - General - FDEM,,,,Apalachee,Northwest District,Northwest,3,5,2,Not Affected,Not Affected,Not Affected,Not Affected,Not Affected,Not Affected,Not Affected,Not Affected,Not Affected,Not Affected,Not Affected,Not Affected,Not Affected,Not Affected,Not Affected,Not Affected,Not Affected,Not Affected,Not Affected,Not Affected,Not Affected,292329.9335,730051.3379
213,213,Blountstown HS,18597 NE SR 69,Blountstown,32424,Calhoun,-85.04258996,30.46786001,"-85.04258996, 30.46786001",16R FU 87913 72257,SHELTER,RISK,2,2011,7 Classroom,A, ,0,0,0,0,0,0,486,9723,0,S FY 12/13 2624 15-SR-94-02-17-01-142,No,No,No,No,Yes, , , ,Yes,,,SHELTER,,Risk Shelter Inventory,Critical Community and Emergency Facilities,Regionally Significant,RSI_PT_213,,Northwest Florida Water Management District,FDEM,Risk Shelter Inventory - General - FDEM,,,,Apalachee,Northwest District,Northwest,3,5,2,Not Affected,Not Affected,Not Affected,Not Affected,Not Affected,Not Affected,Not Affected,Not Affected,Not Affected,Not Affected,Not Affected,Not Affected,Not Affected,Not Affected,Not Affected,Not Affected,Not Affected,Not Affected,Not Affected,Not Affected,Not Affected,299984.6978,718232.563
214,214,Blountstown HS,18597 NE SR 69,Blountstown,32424,Calhoun,-85.04258996,30.46786001,"-85.04258996, 30.46786001",16R FU 87913 72257,SHELTER,RISK,2,2011,4 Cafeteria,A, ,0,0,179,3575,0,0,179,3575,0, ,No,No,No,Yes,Yes, , , ,Yes,,,SHELTER,,Risk Shelter Inventory,Critical Community and Emergency Facilities,Regionally Significant,RSI_PT_213,,Northwest Florida Water Management District,FDEM,Risk Shelter Inventory - General - FDEM,,,,Apalachee,Northwest District,Northwest,3,5,2,Not Affected,Not Affected,Not Affected,Not Affected,Not Affected,Not Affected,Not Affected,Not Affected,Not Affected,Not Affected,Not Affected,Not Affected,Not Affected,Not Affected,Not Affected,Not Affected,Not Affected,Not Affected,Not Affected,Not Affected,Not Affected,299984.6978,718232.563
215,215,Altha ES,25820 NE Fuqua Cir,Altha,32421,Calhoun,-85.12350375,30.5737529,"-85.12350375, 30.57375290",16R FU 79949 83863,SHELTER,RISK,2,2017,2 Classroom,A, ,0,0,0,0,0,0,236,4721,0, ,No,No,No,No,Yes, , , , ,,,SHELTER,,Risk Shelter Inventory,Critical Community and Emergency Facilities,Regionally Significant,RSI_PT_212,Altha,Northwest Florida Water Management District,FDEM,Risk Shelter Inventory - General - FDEM,,,,Apalachee,Northwest District,Northwest,3,5,2,Not Affected,Not Affected,Not Affected,Not Affected,Not Affected,Not Affected,Not Affected,Not Affected,Not Affected,Not Affected,Not Affected,Not Affected,Not Affected,Not Affected,Not Affected,Not Affected,Not Affected,Not Affected,Not Affected,Not Affected,Not Affected,292329.9335,730051.3379
216,216,Mossy Pond Community Center,22216 NW Lake McKenzie Blvd,Altha,32421,Calhoun,-85.30692642,30.52151261,"-85.30692642, 30.52151261",16R FU 62444 77794,SHELTER,RISK,2,0,Main,A,"Yes, unknown kW",0,0,0,0,0,0,90,1796,0, ,No,No,No,No,Yes, , , , ,,,SHELTER,,Risk Shelter Inventory,Critical Community and Emergency Facilities,Regionally Significant,RSI_PT_216,,Northwest Florida Water Management District,FDEM,Risk Shelter Inventory - General - FDEM,,,,Apalachee,Northwest District,Northwest,3,5,2,Not Affected,Not Affected,Not Affected,Not Affected,Not Affected,Not Affected,Not Affected,Not Affected,Not Affected,Not Affected,Not Affected,Not Affected,Not Affected,Not Affected,Not Affected,Not Affected,Not Affected,Not Affected,Not Affected,Not Affected,Not Affected,274690.9456,724427.8159
217,217,Blountstown HS,18597 NE SR 69,Blountstown,32424,Calhoun,-85.04258996,30.46786001,"-85.04258996, 30.46786001",16R FU 87913 72257,SHELTER,RISK,2,2011,5 Classroom,A, ,0,0,0,0,0,0,179,3583,0,S FY 12/13 2624 15-SR-94-02-17-01-142,No,No,No,No,Yes, , , ,Yes,,,SHELTER,,Risk Shelter Inventory,Critical Community and Emergency Facilities,Regionally Significant,RSI_PT_213,,Northwest Florida Water Management District,FDEM,Risk Shelter Inventory - General - FDEM,,,,Apalachee,Northwest District,Northwest,3,5,2,Not Affected,Not Affected,Not Affected,Not Affected,Not Affected,Not Affected,Not Affected,Not Affected,Not Affected,Not Affected,Not Affected,Not Affected,Not Affected,Not Affected,Not Affected,Not Affected,Not Affected,Not Affected,Not Affected,Not Affected,Not Affected,299984.6978,718232.563
218,218,Blountstown HS,18597 NE SR 69,Blountstown,32424,Calhoun,-85.04258996,30.46786001,"-85.04258996, 30.46786001",16R FU 87913 72257,SHELTER,RISK,2,2011,2 Gym,A, ,0,0,0,0,536,10715,536,10715,0,S FY 12/13 2624 15-SR-94-02-17-01-142,No,No,No,No,Yes, , , ,Yes,,,SHELTER,,Risk Shelter Inventory,Critical Community and Emergency Facilities,Regionally Significant,RSI_PT_213,,Northwest Florida Water Management District,FDEM,Risk Shelter Inventory - General - FDEM,,,,Apalachee,Northwest District,Northwest,3,5,2,Not Affected,Not Affected,Not Affected,Not Affected,Not Affected,Not Affected,Not Affected,Not Affected,Not Affected,Not Affected,Not Affected,Not Affected,Not Affected,Not Affected,Not Affected,Not Affected,Not Affected,Not Affected,Not Affected,Not Affected,Not Affected,299984.6978,718232.563
219,219,Altha ES,25820 NE Fuqua Cir,Altha,32421,Calhoun,-85.12350375,30.5737529,"-85.12350375, 30.57375290",16R FU 79949 83863,SHELTER,RISK,2,2015,3 Cafeteria,A, ,0,0,315,6302,0,0,315,6302,0, ,No,No,No,Yes,Yes, , , , ,,,SHELTER,,Risk Shelter Inventory,Critical Community and Emergency Facilities,Regionally Significant,RSI_PT_212,Altha,Northwest Florida Water Management District,FDEM,Risk Shelter Inventory - General - FDEM,,,,Apalachee,Northwest District,Northwest,3,5,2,Not Affected,Not Affected,Not Affected,Not Affected,Not Affected,Not Affected,Not Affected,Not Affected,Not Affected,Not Affected,Not Affected,Not Affected,Not Affected,Not Affected,Not Affected,Not Affected,Not Affected,Not Affected,Not Affected,Not Affected,Not Affected,292329.9335,730051.3379
220,220,Altha ES,25820 NE Fuqua Cir,Altha,32421,Calhoun,-85.12350375,30.5737529,"-85.12350375, 30.57375290",16R FU 79949 83863,SHELTER,RISK,2,2015,6 Gym,A, ,0,0,700,14003,0,0,700,14003,0, ,No,No,No,Yes,Yes, , , , ,,,SHELTER,,Risk Shelter Inventory,Critical Community and Emergency Facilities,Regionally Significant,RSI_PT_212,Altha,Northwest Florida Water Management District,FDEM,Risk Shelter Inventory - General - FDEM,,,,Apalachee,Northwest District,Northwest,3,5,2,Not Affected,Not Affected,Not Affected,Not Affected,Not Affected,Not Affected,Not Affected,Not Affected,Not Affected,Not Affected,Not Affected,Not Affected,Not Affected,Not Affected,Not Affected,Not Affected,Not Affected,Not Affected,Not Affected,Not Affected,Not Affected,292329.9335,730051.3379
221,221,Blountstown HS,18597 NE SR 69,Blountstown,32424,Calhoun,-85.04258996,30.46786001,"-85.04258996, 30.46786001",16R FU 87913 72257,SHELTER,RISK,2,2011,8 Classroom,A, ,0,0,0,0,0,0,463,9268,0,S FY 12/13 2624 15-SR-94-02-17-01-142,No,No,No,No,Yes, , , ,Yes,,,SHELTER,,Risk Shelter Inventory,Critical Community and Emergency Facilities,Regionally Significant,RSI_PT_213,,Northwest Florida Water Management District,FDEM,Risk Shelter Inventory - General - FDEM,,,,Apalachee,Northwest District,Northwest,3,5,2,Not Affected,Not Affected,Not Affected,Not Affected,Not Affected,Not Affected,Not Affected,Not Affected,Not Affected,Not Affected,Not Affected,Not Affected,Not Affected,Not Affected,Not Affected,Not Affected,Not Affected,Not Affected,Not Affected,Not Affected,Not Affected,299984.6978,718232.563
222,222,Citrus Springs MS,150 W Citrus Springs Blvd,Citrus Springs,34443,Citrus,-82.43360098,28.973617,"-82.43360098, 28.97361700",17R LN 60324 05909,SHELTER,RISK,7,1993,3 Classroom,R, ,0,0,0,0,366,7320,366,7320,0,HMGP,No,No,No,No,Yes, , , , ,,,SHELTER,,Risk Shelter Inventory,Critical Community and Emergency Facilities,Regionally Significant,RSI_PT_222,,Southwest Florida Water Management District,FDEM,Risk Shelter Inventory - General - FDEM,,,,Tampa Bay,Southwest District,Northwest,7,23,11,Not Affected,Not Affected,Not Affected,Not Affected,Not Affected,Not Affected,Not Affected,Not Affected,Not Affected,Not Affected,Not Affected,Not Affected,Not Affected,Not Affected,Not Affected,Not Affected,Low,Not Affected,Low,Low,Low,552369.024,552888.3677
223,223,Citrus Springs MS,150 W Citrus Springs Blvd,Citrus Springs,34443,Citrus,-82.43360098,28.973617,"-82.43360098, 28.97361700",17R LN 60324 05909,SHELTER,RISK,7,1993,8 Classroom,R, ,0,0,0,0,298,5954,298,5954,0,HMGP,No,No,No,No,Yes, , , , ,,,SHELTER,,Risk Shelter Inventory,Critical Community and Emergency Facilities,Regionally Significant,RSI_PT_222,,Southwest Florida Water Management District,FDEM,Risk Shelter Inventory - General - FDEM,,,,Tampa Bay,Southwest District,Northwest,7,23,11,Not Affected,Not Affected,Not Affected,Not Affected,Not Affected,Not Affected,Not Affected,Not Affected,Not Affected,Not Affected,Not Affected,Not Affected,Not Affected,Not Affected,Not Affected,Not Affected,Low,Not Affected,Low,Low,Low,552369.024,552888.3677
224,224,Central Ridge ES,185 W Citrus Springs Blvd,Citrus Springs,34443,Citrus,-82.43819501,28.97382998,"-82.43819501, 28.97382998",17R LN 59876 05938,SHELTER,RISK,7,2006,3 Cafeteria,A,350 kW,0,0,239,4786,0,0,239,4786,239, ,No,No,No,Yes,Yes, , , , ,,,SHELTER,,Risk Shelter Inventory,Critical Community and Emergency Facilities,Regionally Significant,RSI_PT_224,,Southwest Florida Water Management District,FDEM,Risk Shelter Inventory - General - FDEM,,,,Tampa Bay,Southwest District,Northwest,7,23,11,Not Affected,Not Affected,Not Affected,Not Affected,Not Affected,Not Affected,Not Affected,Not Affected,Not Affected,Not Affected,Not Affected,Not Affected,Not Affected,Not Affected,Not Affected,Not Affected,Not Affected,Not Affected,Not Affected,Not Affected,Not Affected,551921.8705,552906.3494
225,225,Forest Ridge ES,2927 N Forest Ridge,Hernando,34442,Citrus,-82.44409604,28.90531098,"-82.44409604, 28.90531098",17R LM 59209 98352,SHELTER,RISK,7,1999,1 Main,R,75 kW,0,0,0,0,2210,44200,2210,44200,1468,S-1523-2002,No,No,No,No,Yes, , , , ,,,SHELTER,,Risk Shelter Inventory,Critical Community and Emergency Facilities,Regionally Significant,RSI_PT_225,,Southwest Florida Water Management District,FDEM,Risk Shelter Inventory - General - FDEM,,,,Tampa Bay,Southwest District,Northwest,7,23,11,Not Affected,Not Affected,Not Affected,Not Affected,Not Affected,Not Affected,Not Affected,Not Affected,Not Affected,Not Affected,Not Affected,Not Affected,Not Affected,Not Affected,Not Affected,Medium,Medium,Medium,High,High,High,551443.8922,545290.6762
226,226,Citrus HS,600 W Highland Blvd,Inverness,34452,Citrus,-82.337769,28.83481201,"-82.33776900, 28.83481201",17R LM 69488 90419,SHELTER,RISK,7,1992,16 Classroom,R, ,0,0,0,0,344,6873,344,6873,300,2002 HMGP 1306-375,No,No,No,No,Yes, , , , ,,,SHELTER,,Risk Shelter Inventory,Critical Community and Emergency Facilities,Regionally Significant,RSI_PT_226,Inverness,Southwest Florida Water Management District,FDEM,Risk Shelter Inventory - General - FDEM,,,,Tampa Bay,Southwest District,Northwest,7,23,11,Not Affected,Not Affected,Not Affected,Not Affected,Not Affected,Not Affected,Not Affected,Not Affected,Not Affected,Not Affected,Not Affected,Not Affected,Not Affected,Not Affected,Not Affected,High,Medium,High,Medium,Medium,High,561898.1551,537597.4307
227,227,Citrus Springs MS,150 W Citrus Springs Blvd,Citrus Springs,34443,Citrus,-82.43360098,28.973617,"-82.43360098, 28.97361700",17R LN 60324 05909,SHELTER,RISK,7,1993,1 Admin,R, ,0,0,0,0,57,1145,57,1145,1312,HMGP,No,No,No,No,Yes, , , , ,,,SHELTER,,Risk Shelter Inventory,Critical Community and Emergency Facilities,Regionally Significant,RSI_PT_222,,Southwest Florida Water Management District,FDEM,Risk Shelter Inventory - General - FDEM,,,,Tampa Bay,Southwest District,Northwest,7,23,11,Not Affected,Not Affected,Not Affected,Not Affected,Not Affected,Not Affected,Not Affected,Not Affected,Not Affected,Not Affected,Not Affected,Not Affected,Not Affected,Not Affected,Not Affected,Not Affected,Low,Not Affected,Low,Low,Low,552369.024,552888.3677
228,228,Citrus Springs MS,150 W Citrus Springs Blvd,Citrus Springs,34443,Citrus,-82.43360098,28.973617,"-82.43360098, 28.97361700",17R LN 60324 05909,SHELTER,RISK,7,1993,4 Classroom,R, ,0,0,0,0,353,7056,353,7056,0,HMGP,No,No,No,No,Yes, , , , ,,,SHELTER,,Risk Shelter Inventory,Critical Community and Emergency Facilities,Regionally Significant,RSI_PT_222,,Southwest Florida Water Management District,FDEM,Risk Shelter Inventory - General - FDEM,,,,Tampa Bay,Southwest District,Northwest,7,23,11,Not Affected,Not Affected,Not Affected,Not Affected,Not Affected,Not Affected,Not Affected,Not Affected,Not Affected,Not Affected,Not Affected,Not Affected,Not Affected,Not Affected,Not Affected,Not Affected,Low,Not Affected,Low,Low,Low,552369.024,552888.3677
229,229,Citrus Springs MS,150 W Citrus Springs Blvd,Citrus Springs,34443,Citrus,-82.43360098,28.973617,"-82.43360098, 28.97361700",17R LN 60324 05909,SHELTER,RISK,7,1993,10 Cafeteria,R, ,0,0,0,0,353,7060,353,7060,0, ,No,No,No,No,Yes, , , , ,,,SHELTER,,Risk Shelter Inventory,Critical Community and Emergency Facilities,Regionally Significant,RSI_PT_222,,Southwest Florida Water Management District,FDEM,Risk Shelter Inventory - General - FDEM,,,,Tampa Bay,Southwest District,Northwest,7,23,11,Not Affected,Not Affected,Not Affected,Not Affected,Not Affected,Not Affected,Not Affected,Not Affected,Not Affected,Not Affected,Not Affected,Not Affected,Not Affected,Not Affected,Not Affected,Not Affected,Low,Not Affected,Low,Low,Low,552369.024,552888.3677
230,230,Citrus HS,600 W Highland Blvd,Inverness,34452,Citrus,-82.337769,28.83481201,"-82.33776900, 28.83481201",17R LM 69488 90419,SHELTER,RISK,7,1992,17 Classroom,R, ,0,0,0,0,266,5319,266,5319,288,2002 HMGP 1306-375,No,No,No,No,Yes, , , , ,,,SHELTER,,Risk Shelter Inventory,Critical Community and Emergency Facilities,Regionally Significant,RSI_PT_226,Inverness,Southwest Florida Water Management District,FDEM,Risk Shelter Inventory - General - FDEM,,,,Tampa Bay,Southwest District,Northwest,7,23,11,Not Affected,Not Affected,Not Affected,Not Affected,Not Affected,Not Affected,Not Affected,Not Affected,Not Affected,Not Affected,Not Affected,Not Affected,Not Affected,Not Affected,Not Affected,High,Medium,High,Medium,Medium,High,561898.1551,537597.4307
231,231,Central Ridge ES,185 W Citrus Springs Blvd,Citrus Springs,34443,Citrus,-82.43819501,28.97382998,"-82.43819501, 28.97382998",17R LN 59876 05938,SHELTER,RISK,7,2006,1 (West Wing) Classroom,A, ,0,0,958,19152,0,0,958,19152,958, ,No,No,No,Yes,Yes, , , , ,,,SHELTER,,Risk Shelter Inventory,Critical Community and Emergency Facilities,Regionally Significant,RSI_PT_224,,Southwest Florida Water Management District,FDEM,Risk Shelter Inventory - General - FDEM,,,,Tampa Bay,Southwest District,Northwest,7,23,11,Not Affected,Not Affected,Not Affected,Not Affected,Not Affected,Not Affected,Not Affected,Not Affected,Not Affected,Not Affected,Not Affected,Not Affected,Not Affected,Not Affected,Not Affected,Not Affected,Not Affected,Not Affected,Not Affected,Not Affected,Not Affected,551921.8705,552906.3494
232,232,Citrus Springs MS,150 W Citrus Springs Blvd,Citrus Springs,34443,Citrus,-82.43360098,28.973617,"-82.43360098, 28.97361700",17R LN 60324 05909,SHELTER,RISK,7,1993,2 Classroom,R, ,0,0,0,0,327,6542,327,6542,0,HMGP,No,No,No,No,Yes, , , , ,,,SHELTER,,Risk Shelter Inventory,Critical Community and Emergency Facilities,Regionally Significant,RSI_PT_222,,Southwest Florida Water Management District,FDEM,Risk Shelter Inventory - General - FDEM,,,,Tampa Bay,Southwest District,Northwest,7,23,11,Not Affected,Not Affected,Not Affected,Not Affected,Not Affected,Not Affected,Not Affected,Not Affected,Not Affected,Not Affected,Not Affected,Not Affected,Not Affected,Not Affected,Not Affected,Not Affected,Low,Not Affected,Low,Low,Low,552369.024,552888.3677
233,233,Lakeside ES,2752 Moody Ave,Orange Park,32073,Clay,-81.74639003,30.150084,"-81.74639003, 30.15008400",17R MP 28119 35651,SHELTER,RISK,4,1998,6 Classroom,R, ,0,0,0,0,258,5154,258,5154,0,F-HMGP,No,No,No,No,Yes, , ,Yes, ,,,SHELTER,,Risk Shelter Inventory,Critical Community and Emergency Facilities,Regionally Significant,RSI_PT_233,,St. Johns River Water Management District,FDEM,Risk Shelter Inventory - General - FDEM,,,,Northeast Florida,Northeast District,Northeast,2,11,6,Not Affected,Not Affected,Not Affected,Not Affected,Not Affected,Not Affected,Not Affected,Not Affected,Not Affected,Not Affected,Not Affected,Not Affected,Not Affected,Not Affected,Not Affected,Not Affected,Low,Not Affected,Not Affected,Not Affected,Not Affected,616823.1,684522.0741
234,234,J L Wilkinson ES,4965 CR 218 W,Middleburg,32068,Clay,-81.94067902,30.08164299,"-81.94067902, 30.08164299",17R MP 09346 28205,SHELTER,RISK,4,1990,5 Classroom,R,"Yes, unknown kW",0,0,0,0,258,5155,258,5155,0,1588-2006,No,No,No,No,Yes, , ,Yes, ,,,SHELTER,,Risk Shelter Inventory,Critical Community and Emergency Facilities,Regionally Significant,RSI_PT_234,,St. Johns River Water Management District,FDEM,Risk Shelter Inventory - General - FDEM,,,,Northeast Florida,Northeast District,Northeast,2,11,6,Not Affected,Not Affected,Not Affected,Not Affected,Not Affected,Not Affected,Not Affected,Not Affected,Not Affected,Not Affected,Not Affected,Not Affected,Not Affected,Not Affected,Not Affected,Not Affected,Not Affected,Not Affected,Not Affected,Not Affected,Not Affected,598258.9536,676599.292
235,235,Fleming Island HS,2233 Village Square Pkwy,Orange Park,32003,Clay,-81.71153899,30.08716101,"-81.71153899, 30.08716101",17R MP 31432 28657,SHELTER,RISK,4,2002,1 Gym,R, ,0,0,0,0,0,0,546,10915,546,SR,No,No,No,No,Yes, , , , ,,,SHELTER,,Risk Shelter Inventory,Critical Community and Emergency Facilities,Regionally Significant,RSI_PT_235,,St. Johns River Water Management District,FDEM,Risk Shelter Inventory - General - FDEM,,,,Northeast Florida,Northeast District,Northeast,2,11,6,Not Affected,Not Affected,Not Affected,Not Affected,Not Affected,Not Affected,Not Affected,Not Affected,Not Affected,Not Affected,Not Affected,Not Affected,Not Affected,Not Affected,Not Affected,Not Affected,Not Affected,Not Affected,Not Affected,Not Affected,Not Affected,620305.3958,677600.5908
236,236,Lake Asbury ES,2902 Sandridge Rd,Green Cove Springs,32043,Clay,-81.80688178,30.0461135,"-81.80688178, 30.04611350",17R MP 22212 24169,SHELTER,RISK,4,1999,5 Classroom,R,"Yes, unknown kW",0,0,0,0,275,5497,275,5497,265,S-1496-2009,No,No,No,No,Yes, , , , ,,,SHELTER,,Risk Shelter Inventory,Critical Community and Emergency Facilities,Regionally Significant,RSI_PT_236,,St. Johns River Water Management District,FDEM,Risk Shelter Inventory - General - FDEM,,,,Northeast Florida,Northeast District,Northeast,2,11,6,Not Affected,Not Affected,Not Affected,Not Affected,Not Affected,Not Affected,Not Affected,Not Affected,Not Affected,Not Affected,Not Affected,Not Affected,Not Affected,Not Affected,Not Affected,Not Affected,Not Affected,Not Affected,Not Affected,Not Affected,Not Affected,611208.9622,672878.1283
237,237,Oakleaf Jr HS,4085 Plantation Oaks Blvd,Orange Park,32073,Clay,-81.83740271,30.17555345,"-81.83740271, 30.17555345",17R MP 19375 38534,SHELTER,RISK,4,2005,1 wing 2 Cafeteria,A,200 kW,0,0,419,8370,0,0,419,8370,418,L-EHPA,No,No,No,Yes,Yes, , , , ,,,SHELTER,,Risk Shelter Inventory,Critical Community and Emergency Facilities,Regionally Significant,RSI_PT_237,,St. Johns River Water Management District,FDEM,Risk Shelter Inventory - General - FDEM,,,,Northeast Florida,Northeast District,Northeast,2,11,6,Not Affected,Not Affected,Not Affected,Not Affected,Not Affected,Not Affected,Not Affected,Not Affected,Not Affected,Not Affected,Not Affected,Not Affected,Not Affected,Not Affected,Not Affected,Not Affected,Not Affected,Not Affected,Not Affected,Not Affected,Not Affected,608017.9777,687191.8756
238,238,Shadowlawn ES,2945 CR 218,Green Cove Springs,32043,Clay,-81.81318499,30.01554402,"-81.81318499, 30.01554402",17R MP 21581 20786,SHELTER,RISK,4,2007,1 Cafeteria / Auditorium,A,"Yes, unknown kW",0,0,502,10030,0,0,502,10030,502,L-EHPA,No,No,No,Yes,Yes, , , , ,,,SHELTER,,Risk Shelter Inventory,Critical Community and Emergency Facilities,Regionally Significant,RSI_PT_238,,St. Johns River Water Management District,FDEM,Risk Shelter Inventory - General - FDEM,,,,Northeast Florida,Northeast District,Northeast,2,20,6,Not Affected,Not Affected,Not Affected,Not Affected,Not Affected,Not Affected,Not Affected,Not Affected,Not Affected,Not Affected,Not Affected,Not Affected,Not Affected,Not Affected,Not Affected,Not Affected,Not Affected,Not Affected,Not Affected,Not Affected,Not Affected,610662.167,669474.5103
239,239,Coppergate ES,3460 Copper Colts Ct,Middleburg,32068,Clay,-81.81411698,30.10149,"-81.81411698, 30.10149000",17R MP 21559 30310,SHELTER,RISK,4,2005,1 Cafeteria,A,200 kW for campus,0,0,243,4857,0,0,243,4857,311,L EHPA,No,No,No,Yes,Yes, , , , ,,,SHELTER,,Risk Shelter Inventory,Critical Community and Emergency Facilities,Regionally Significant,RSI_PT_239,,St. Johns River Water Management District,FDEM,Risk Shelter Inventory - General - FDEM,,,,Northeast Florida,Northeast District,Northeast,2,11,6,Not Affected,Not Affected,Not Affected,Not Affected,Not Affected,Not Affected,Not Affected,Not Affected,Not Affected,Not Affected,Not Affected,Not Affected,Not Affected,Not Affected,Not Affected,Not Affected,Not Affected,Not Affected,Not Affected,Not Affected,Not Affected,610403.2922,679011.7254
240,240,Lake Asbury ES,2901 Sandridge Rd,Green Cove Springs,32043,Clay,-81.80737801,30.04527999,"-81.80737801, 30.04527999",17R MP 22164 24077,SHELTER,RISK,4,2000,6 Classroom,R,"Yes, unknown kW",0,0,0,0,289,5784,289,5784,265,F-HMGP,No,No,No,No,Yes, , , , ,,,SHELTER,,Risk Shelter Inventory,Critical Community and Emergency Facilities,Regionally Significant,RSI_PT_240,,St. Johns River Water Management District,FDEM,Risk Shelter Inventory - General - FDEM,,,,Northeast Florida,Northeast District,Northeast,2,11,6,Not Affected,Not Affected,Not Affected,Not Affected,Not Affected,Not Affected,Not Affected,Not Affected,Not Affected,Not Affected,Not Affected,Not Affected,Not Affected,Not Affected,Not Affected,Not Affected,Not Affected,Not Affected,Not Affected,Not Affected,Not Affected,611162.8229,672784.7704
241,241,Lake Asbury ES,2901 Sandridge Rd,Green Cove Springs,32043,Clay,-81.80737801,30.04527999,"-81.80737801, 30.04527999",17R MP 22164 24077,SHELTER,RISK,4,2004,7 Classroom,R,"Yes, unknown kW",0,0,0,0,272,5440,272,5440,265,F-HMGP,No,No,No,No,Yes, , , , ,,,SHELTER,,Risk Shelter Inventory,Critical Community and Emergency Facilities,Regionally Significant,RSI_PT_240,,St. Johns River Water Management District,FDEM,Risk Shelter Inventory - General - FDEM,,,,Northeast Florida,Northeast District,Northeast,2,11,6,Not Affected,Not Affected,Not Affected,Not Affected,Not Affected,Not Affected,Not Affected,Not Affected,Not Affected,Not Affected,Not Affected,Not Affected,Not Affected,Not Affected,Not Affected,Not Affected,Not Affected,Not Affected,Not Affected,Not Affected,Not Affected,611162.8229,672784.7704
242,242,Oakleaf Village ES,410 Oakleaf Village Park,Orange Park,32065,Clay,-81.82007601,30.17968699,"-81.82007601, 30.17968699",17R MP 21047 38980,SHELTER,RISK,4,2007,1 Cafeteria / Auditorium,A,"Yes, unknown kW",0,0,535,10692,0,0,535,10692,535,L-EHPA,No,No,No,Yes,Yes, , , , ,,,SHELTER,,Risk Shelter Inventory,Critical Community and Emergency Facilities,Regionally Significant,RSI_PT_242,,St. Johns River Water Management District,FDEM,Risk Shelter Inventory - General - FDEM,,,,Northeast Florida,Northeast District,Northeast,2,11,6,Not Affected,Not Affected,Not Affected,Not Affected,Not Affected,Not Affected,Not Affected,Not Affected,Not Affected,Not Affected,Not Affected,Not Affected,Not Affected,Not Affected,Not Affected,Not Affected,Not Affected,Not Affected,Not Affected,Not Affected,Not Affected,609676.3321,687679.9555
243,243,Keystone Heights HS,900 SW Orchid Ave,Keystone Heights,32656,Clay,-82.04196703,29.779079,"-82.04196703, 29.77907900",17R LN 99280 94760,SHELTER,RISK,4,2000,7 Band,R,"Yes, unknown kW",0,0,0,0,134,2678,134,2678,184,1588-2006,No,No,No,No,Yes, , , , ,,,SHELTER,,Risk Shelter Inventory,Critical Community and Emergency Facilities,Regionally Significant,RSI_PT_243,Keystone Heights,St. Johns River Water Management District,FDEM,Risk Shelter Inventory - General - FDEM,,,,Northeast Florida,Northeast District,Northeast,2,20,6,Not Affected,Not Affected,Not Affected,Not Affected,Not Affected,Not Affected,Not Affected,Not Affected,Not Affected,Not Affected,Not Affected,Not Affected,Not Affected,Not Affected,Not Affected,Not Affected,Not Affected,Not Affected,Low,Low,Low,589041.6973,642856.7785
244,244,Montclair ES,2398 Moody Ave,Orange Park,32073,Clay,-81.72552403,30.15852001,"-81.72552403, 30.15852001",17R MP 30135 36573,SHELTER,RISK,4,1999,4 Classroom,R,90 kW for campus,0,0,0,0,274,5480,274,5480,0,S-EMPA 01CP-10-04-2003-103,No,No,No,No,Yes, , , , ,,,SHELTER,,Risk Shelter Inventory,Critical Community and Emergency Facilities,Regionally Significant,RSI_PT_244,,St. Johns River Water Management District,FDEM,Risk Shelter Inventory - General - FDEM,,,,Northeast Florida,Northeast District,Northeast,2,11,6,Not Affected,Not Affected,Not Affected,Not Affected,Not Affected,Not Affected,Not Affected,Not Affected,Not Affected,Not Affected,Not Affected,Not Affected,Not Affected,Not Affected,Not Affected,Not Affected,Not Affected,Not Affected,Not Affected,Not Affected,Not Affected,618813.151,685495.1492
245,245,Clay Hill ES,6345 CR 218,Jacksonville,32234,Clay,-82.00831,30.14468702,"-82.00831000, 30.14468702",17R MP 02889 35247,SHELTER,RISK,4,1999,5 Classroom,R,"Yes, unknown kW",0,0,0,0,254,5079,254,5079,263,F-HMGP,No,No,No,No,Yes, , , , ,,,SHELTER,,Risk Shelter Inventory,Critical Community and Emergency Facilities,Regionally Significant,RSI_PT_245,,St. Johns River Water Management District,FDEM,Risk Shelter Inventory - General - FDEM,,,,Northeast Florida,Northeast District,Northeast,2,11,6,Not Affected,Not Affected,Not Affected,Not Affected,Not Affected,Not Affected,Not Affected,Not Affected,Not Affected,Not Affected,Not Affected,Not Affected,Not Affected,Not Affected,Not Affected,Not Affected,Not Affected,Not Affected,Not Affected,Not Affected,Not Affected,591635.4081,683489.3253
246,246,Rideout ES,3065 Apalachicola Blvd,Middleburg,32068,Clay,-81.80688096,30.09307201,"-81.80688096, 30.09307201",17R MP 22249 29373,SHELTER,RISK,4,2000,1 North wing Classroom,A,150 kW,0,0,470,9409,0,0,470,9409,470,L-EHPA,No,No,No,Yes,Yes, , , , ,,,SHELTER,,Risk Shelter Inventory,Critical Community and Emergency Facilities,Regionally Significant,RSI_PT_246,,St. Johns River Water Management District,FDEM,Risk Shelter Inventory - General - FDEM,,,,Northeast Florida,Northeast District,Northeast,2,11,6,Not Affected,Not Affected,Not Affected,Not Affected,Not Affected,Not Affected,Not Affected,Not Affected,Not Affected,Not Affected,Not Affected,Not Affected,Not Affected,Not Affected,Not Affected,Not Affected,Not Affected,Not Affected,Not Affected,Not Affected,Not Affected,611116.3424,678089.8338
247,247,Oakleaf Jr HS,4085 Plantation Oaks Blvd,Orange Park,32073,Clay,-81.83740271,30.17555345,"-81.83740271, 30.17555345",17R MP 19375 38534,SHELTER,RISK,4,2005,5 Gym,A,200 kW,0,0,0,0,0,0,553,11068,0, ,No,No,No,No,Yes, , , , ,,,SHELTER,,Risk Shelter Inventory,Critical Community and Emergency Facilities,Regionally Significant,RSI_PT_237,,St. Johns River Water Management District,FDEM,Risk Shelter Inventory - General - FDEM,,,,Northeast Florida,Northeast District,Northeast,2,11,6,Not Affected,Not Affected,Not Affected,Not Affected,Not Affected,Not Affected,Not Affected,Not Affected,Not Affected,Not Affected,Not Affected,Not Affected,Not Affected,Not Affected,Not Affected,Not Affected,Not Affected,Not Affected,Not Affected,Not Affected,Not Affected,608017.9777,687191.8756
248,248,Fleming Island HS,2233 Village Square Pkwy,Orange Park,32003,Clay,-81.71153899,30.08716101,"-81.71153899, 30.08716101",17R MP 31432 28657,SHELTER,RISK,4,2002,2 Cafeteria / Auditorium,R,"Yes, unknown kW",0,0,0,0,736,14712,736,14712,617,S-HMGP FY11/12 1515A,No,No,No,No,Yes, , , , ,,,SHELTER,,Risk Shelter Inventory,Critical Community and Emergency Facilities,Regionally Significant,RSI_PT_235,,St. Johns River Water Management District,FDEM,Risk Shelter Inventory - General - FDEM,,,,Northeast Florida,Northeast District,Northeast,2,11,6,Not Affected,Not Affected,Not Affected,Not Affected,Not Affected,Not Affected,Not Affected,Not Affected,Not Affected,Not Affected,Not Affected,Not Affected,Not Affected,Not Affected,Not Affected,Not Affected,Not Affected,Not Affected,Not Affected,Not Affected,Not Affected,620305.3958,677600.5908
249,249,Oakleaf HS,4035 Plantation Oaks Blvd,Orange Park,32065,Clay,-81.83393196,30.17020501,"-81.83393196, 30.17020501",17R MP 19705 37939,SHELTER,RISK,4,2008,5 Cafeteria / Auditorium,A,"Yes, unknown kW",0,0,888,17751,0,0,888,17751,888,L-EHPA,No,No,No,Yes,Yes, , , , ,,,SHELTER,,Risk Shelter Inventory,Critical Community and Emergency Facilities,Regionally Significant,RSI_PT_249,,St. Johns River Water Management District,FDEM,Risk Shelter Inventory - General - FDEM,,,,Northeast Florida,Northeast District,Northeast,2,11,6,Not Affected,Not Affected,Not Affected,Not Affected,Not Affected,Not Affected,Not Affected,Not Affected,Not Affected,Not Affected,Not Affected,Not Affected,Not Affected,Not Affected,Not Affected,Not Affected,Not Affected,Not Affected,Not Affected,Not Affected,Not Affected,608362.2182,686604.1687
250,250,Tynes ES,1550 Tynes Blvd,Middleburg,32068,Clay,-81.84558398,30.118863,"-81.84558398, 30.11886300",17R MP 18541 32258,SHELTER,RISK,4,1994,2 Cafeteria,R,"Yes, unknown kW",0,0,0,0,240,4804,240,4804,244,1588-2006,No,No,No,No,Yes, , , , ,,,SHELTER,,Risk Shelter Inventory,Critical Community and Emergency Facilities,Regionally Significant,RSI_PT_250,,St. Johns River Water Management District,FDEM,Risk Shelter Inventory - General - FDEM,,,,Northeast Florida,Northeast District,Northeast,2,11,6,Not Affected,Not Affected,Not Affected,Not Affected,Not Affected,Not Affected,Not Affected,Not Affected,Not Affected,Not Affected,Not Affected,Not Affected,Not Affected,Not Affected,Not Affected,Not Affected,Not Affected,Not Affected,Not Affected,Not Affected,Not Affected,607341.0404,680886.5363
251,251,Green Cove Springs Junior HS,1220 Bonaventure Ave,Green Cove Springs,32043,Clay,-81.69056898,29.98977499,"-81.69056898, 29.98977499",17R MP 33388 17852,SHELTER,RISK,4,1997,8 Cafeteria,R,90 kW for campus,0,0,0,0,303,6060,303,6060,443,1588-2006,No,No,No,No,Yes, , , , ,,,SHELTER,,Risk Shelter Inventory,Critical Community and Emergency Facilities,Regionally Significant,RSI_PT_251,Green Cove Springs,St. Johns River Water Management District,FDEM,Risk Shelter Inventory - General - FDEM,,,,Northeast Florida,Northeast District,Northeast,2,20,6,Not Affected,Not Affected,Not Affected,Not Affected,Not Affected,Not Affected,Not Affected,Not Affected,Not Affected,Not Affected,Not Affected,Not Affected,Not Affected,Not Affected,Not Affected,Not Affected,Not Affected,Not Affected,Not Affected,Not Affected,Not Affected,622526.3439,666829.8133
252,252,Oakleaf HS,4035 Plantation Oaks Blvd,Orange Park,32065,Clay,-81.83393196,30.17020501,"-81.83393196, 30.17020501",17R MP 19705 37939,SHELTER,RISK,4,2008,4 Gym,A,"Yes, unknown kW",0,0,0,0,0,0,871,17412,888,SR,No,No,No,No,Yes, , , , ,,,SHELTER,,Risk Shelter Inventory,Critical Community and Emergency Facilities,Regionally Significant,RSI_PT_249,,St. Johns River Water Management District,FDEM,Risk Shelter Inventory - General - FDEM,,,,Northeast Florida,Northeast District,Northeast,2,11,6,Not Affected,Not Affected,Not Affected,Not Affected,Not Affected,Not Affected,Not Affected,Not Affected,Not Affected,Not Affected,Not Affected,Not Affected,Not Affected,Not Affected,Not Affected,Not Affected,Not Affected,Not Affected,Not Affected,Not Affected,Not Affected,608362.2182,686604.1687
253,253,Keystone Heights HS,900 SW Orchid Ave,Keystone Heights,32656,Clay,-82.04196703,29.779079,"-82.04196703, 29.77907900",17R LN 99280 94760,SHELTER,RISK,4,1995,9 Gym,R,"Yes, unknown kW",0,0,0,0,848,16960,848,16960,859,1588-2006,No,No,No,No,Yes, ,Yes, , ,,,SHELTER,,Risk Shelter Inventory,Critical Community and Emergency Facilities,Regionally Significant,RSI_PT_243,Keystone Heights,St. Johns River Water Management District,FDEM,Risk Shelter Inventory - General - FDEM,,,,Northeast Florida,Northeast District,Northeast,2,20,6,Not Affected,Not Affected,Not Affected,Not Affected,Not Affected,Not Affected,Not Affected,Not Affected,Not Affected,Not Affected,Not Affected,Not Affected,Not Affected,Not Affected,Not Affected,Not Affected,Not Affected,Not Affected,Low,Low,Low,589041.6973,642856.7785
254,254,Plantation Oaks ES,4150 Plantation Oaks Blvd,Orange Park,32065,Clay,-81.84066003,30.17863402,"-81.84066003, 30.17863402",17R MP 19064 38878,SHELTER,RISK,4,2007,1 Cafeteria / Auditorium,A,"Yes, unknown kW",0,0,556,11124,0,0,556,11124,556,L- EHPA,No,No,No,Yes,Yes, , , , ,,,SHELTER,,Risk Shelter Inventory,Critical Community and Emergency Facilities,Regionally Significant,RSI_PT_254,,St. Johns River Water Management District,FDEM,Risk Shelter Inventory - General - FDEM,,,,Northeast Florida,Northeast District,Northeast,2,11,6,Not Affected,Not Affected,Not Affected,Not Affected,Not Affected,Not Affected,Not Affected,Not Affected,Not Affected,Not Affected,Not Affected,Not Affected,Not Affected,Not Affected,Not Affected,Not Affected,Not Affected,Not Affected,Not Affected,Not Affected,Not Affected,607698.7041,687528.2628
255,255,Lakeside ES,2752 Moody Ave,Orange Park,32073,Clay,-81.74639003,30.150084,"-81.74639003, 30.15008400",17R MP 28119 35651,SHELTER,RISK,4,1999,7 Classroom,R, ,0,0,0,0,270,5397,270,5397,0,F-HMGP,No,No,No,No,Yes, , ,Yes, ,,,SHELTER,,Risk Shelter Inventory,Critical Community and Emergency Facilities,Regionally Significant,RSI_PT_233,,St. Johns River Water Management District,FDEM,Risk Shelter Inventory - General - FDEM,,,,Northeast Florida,Northeast District,Northeast,2,11,6,Not Affected,Not Affected,Not Affected,Not Affected,Not Affected,Not Affected,Not Affected,Not Affected,Not Affected,Not Affected,Not Affected,Not Affected,Not Affected,Not Affected,Not Affected,Not Affected,Low,Not Affected,Not Affected,Not Affected,Not Affected,616823.1,684522.0741
256,256,Argyle ES,2625 Spencer Plantation Blvd,Orange Park,32073,Clay,-81.78929673,30.17949052,"-81.78929673, 30.17949052",17R MP 24010 38937,SHELTER,RISK,4,2003,2 Cafeteria,A,125 kW for campus,0,0,219,4373,0,0,219,4373,225,L-EHPA,No,No,No,Yes,Yes, , , , ,,,SHELTER,,Risk Shelter Inventory,Critical Community and Emergency Facilities,Regionally Significant,RSI_PT_256,,St. Johns River Water Management District,FDEM,Risk Shelter Inventory - General - FDEM,,,,Northeast Florida,Northeast District,Northeast,2,11,6,Not Affected,Not Affected,Not Affected,Not Affected,Not Affected,Not Affected,Not Affected,Not Affected,Not Affected,Not Affected,Not Affected,Not Affected,Not Affected,Not Affected,Not Affected,Not Affected,Not Affected,Not Affected,Not Affected,Not Affected,Not Affected,612636.918,687710.856
257,257,Lake Trafford ES,3500 Lake Trafford Rd,Immokalee,34142,Collier,-81.45999196,26.433828,"-81.45999196, 26.43382800",17R MK 54135 23810,SHELTER,RISK,8,1989,1 Cafeteria / Multipurpose,R, ,0,0,0,0,500,10000,500,10000,270, ,No,No,No,No,Yes, , , , ,,,SHELTER,,Risk Shelter Inventory,Critical Community and Emergency Facilities,Regionally Significant,RSI_PT_257,,South Florida Water Management District,FDEM,Risk Shelter Inventory - General - FDEM,,,,Southwest Florida,South District,Southwest,1,82,28,Not Affected,Not Affected,Not Affected,Not Affected,Not Affected,Not Affected,Not Affected,Not Affected,Not Affected,Not Affected,Not Affected,Not Affected,Not Affected,Not Affected,Not Affected,Not Affected,Not Affected,Not Affected,Not Affected,Not Affected,Not Affected,652873.1535,272501.5426
258,258,Village Oaks ES,1601 SR 29,Immokalee,34142,Collier,-81.43399837,26.44147616,"-81.43399837, 26.44147616",17R MK 56729 24649,SHELTER,RISK,8,1986,2 Cafeteria / Multipurpose,R, ,0,0,0,0,632,12647,632,12647,434,L & S-1118A,No,No,No,No,Yes, , , , ,,,SHELTER,,Risk Shelter Inventory,Critical Community and Emergency Facilities,Regionally Significant,RSI_PT_258,,South Florida Water Management District,FDEM,Risk Shelter Inventory - General - FDEM,,,,Southwest Florida,South District,Southwest,1,82,28,Not Affected,Not Affected,Not Affected,Not Affected,Not Affected,Not Affected,Not Affected,Not Affected,Not Affected,Not Affected,Not Affected,Not Affected,Not Affected,Not Affected,Not Affected,Not Affected,Not Affected,Not Affected,Not Affected,Not Affected,Not Affected,655442.9371,273403.8779
259,259,Bethune Education Center,614 S 5th St,Immokalee,34142,Collier,-81.42129094,26.40954516,"-81.42129094, 26.40954516",17R MK 57985 21108,SHELTER,RISK,8,2011,Main,A, ,0,0,0,0,690,13804,690,13804,690, ,No,No,AH,No,Yes, , , , ,,,SHELTER,,Risk Shelter Inventory,Critical Community and Emergency Facilities,Regionally Significant,RSI_PT_259,,South Florida Water Management District,FDEM,Risk Shelter Inventory - General - FDEM,,,,Southwest Florida,South District,Southwest,1,82,28,Not Affected,Not Affected,Not Affected,Not Affected,Not Affected,Not Affected,Not Affected,Not Affected,Not Affected,Not Affected,Not Affected,Not Affected,Not Affected,Not Affected,Not Affected,Not Affected,Low,Not Affected,Low,Medium,Medium,656781.8772,269886.7331
260,260,Immokalee HS,701 Immokalee Dr,Immokalee,34142,Collier,-81.42364099,26.42434702,"-81.42364099, 26.42434702",17R MK 57756 22748,SHELTER,RISK,8,1973,4 Cafeteria / Gym,A, ,0,0,0,0,1500,30000,1500,30000,1018,L,No,No,No,No,Yes, , , , ,,,SHELTER,,Risk Shelter Inventory,Critical Community and Emergency Facilities,Regionally Significant,RSI_PT_260,,South Florida Water Management District,FDEM,Risk Shelter Inventory - General - FDEM,,,,Southwest Florida,South District,Southwest,1,82,28,Not Affected,Not Affected,Not Affected,Not Affected,Not Affected,Not Affected,Not Affected,Not Affected,Not Affected,Not Affected,Not Affected,Not Affected,Not Affected,Not Affected,Not Affected,Not Affected,Not Affected,Not Affected,Not Affected,Not Affected,Not Affected,656513.5751,271524.4672
261,261,Pinecrest ES,313 9th St S,Immolakee,34142,Collier,-81.42647801,26.41341798,"-81.42647801, 26.41341798",17R MK 57469 21538,SHELTER,RISK,8,2007,2 Cafeteria / Multipurpose,A, ,0,0,0,0,500,10000,500,10000,315, ,No,No,No,No,Yes, , , , ,,,SHELTER,,Risk Shelter Inventory,Critical Community and Emergency Facilities,Regionally Significant,RSI_PT_261,,South Florida Water Management District,FDEM,Risk Shelter Inventory - General - FDEM,,,,Southwest Florida,South District,Southwest,1,82,28,Not Affected,Not Affected,Not Affected,Not Affected,Not Affected,Not Affected,Not Affected,Not Affected,Not Affected,Not Affected,Not Affected,Not Affected,Not Affected,Not Affected,Not Affected,Not Affected,Not Affected,Not Affected,Not Affected,Not Affected,Not Affected,656256.465,270305.7256
262,262,Eden Park ES,3650 Westclox St,Immokalee,34142,Collier,-81.45915704,26.44175301,"-81.45915704, 26.44175301",17R MK 54221 24688,SHELTER,RISK,8,2007,1 Cafeteria / Multipurpose,A, ,0,0,0,0,487,9750,488,9750,487, ,No,No,No,No,Yes, , , , ,,,SHELTER,,Risk Shelter Inventory,Critical Community and Emergency Facilities,Regionally Significant,RSI_PT_262,,South Florida Water Management District,FDEM,Risk Shelter Inventory - General - FDEM,,,,Southwest Florida,South District,Southwest,1,82,28,Not Affected,Not Affected,Not Affected,Not Affected,Not Affected,Not Affected,Not Affected,Not Affected,Not Affected,Not Affected,Not Affected,Not Affected,Not Affected,Not Affected,Not Affected,Not Affected,Not Affected,Not Affected,Not Affected,Not Affected,Not Affected,652938.1392,273382.7416
263,263,Highlands ES,1101 Lake Trafford Rd,Immokalee,34142,Collier,-81.42878002,26.43209198,"-81.42878002, 26.43209198",17R MK 57246 23607,SHELTER,RISK,8,1965,1 Cafeteria / Multipurpose,R, ,0,0,0,0,500,10000,500,10000,304, ,No,No,AH,No,Yes, , , , ,,,SHELTER,,Risk Shelter Inventory,Critical Community and Emergency Facilities,Regionally Significant,RSI_PT_263,,South Florida Water Management District,FDEM,Risk Shelter Inventory - General - FDEM,,,,Southwest Florida,South District,Southwest,1,82,28,Not Affected,Not Affected,Not Affected,Not Affected,Not Affected,Not Affected,Not Affected,Not Affected,Not Affected,Not Affected,Not Affected,Not Affected,Not Affected,Not Affected,Not Affected,Not Affected,Not Affected,Not Affected,Not Affected,Not Affected,Not Affected,655984.0613,272373.285
264,264,Immokalee MS,401 9th St,Immokalee,34142,Collier,-81.42648203,26.424912,"-81.42648203, 26.42491200",17R MK 57473 22811,SHELTER,RISK,8,1990,7 Gym / 9 Cafeteria,R, ,0,0,0,0,857,12860,643,12860,581,L,No,No,No,No,Yes, , , , ,,,SHELTER,,Risk Shelter Inventory,Critical Community and Emergency Facilities,Regionally Significant,RSI_PT_264,,South Florida Water Management District,FDEM,Risk Shelter Inventory - General - FDEM,,,,Southwest Florida,South District,Southwest,1,82,28,Not Affected,Not Affected,Not Affected,Not Affected,Not Affected,Not Affected,Not Affected,Not Affected,Not Affected,Not Affected,Not Affected,Not Affected,Not Affected,Not Affected,Not Affected,Not Affected,Not Affected,Not Affected,Not Affected,Not Affected,Not Affected,656229.4405,271581.2593
265,265,Columbia HS,469 SE Fighting Tiger Dr,Lake City,32025,Columbia,-82.63608001,30.14775002,"-82.63608001, 30.14775002",17R LP 42427 36287,SHELTER,RISK,3,2005,2 Auditorium,A, ,0,0,514,10270,0,0,514,10270,0, ,No,No,No,Yes,Yes, , , ,Yes,,,SHELTER,,Risk Shelter Inventory,Critical Community and Emergency Facilities,Regionally Significant,RSI_PT_265,,Suwannee River Water Management District,FDEM,Risk Shelter Inventory - General - FDEM,,,,North Central Florida,Northeast District,Northwest,2,10,6,Not Affected,Not Affected,Not Affected,Not Affected,Not Affected,Not Affected,Not Affected,Not Affected,Not Affected,Not Affected,Not Affected,Not Affected,Not Affected,Not Affected,Not Affected,Medium,Medium,Medium,Medium,Medium,Medium,531232.2242,683007.4518
266,266,Pinemount ES,325 SW Gabriel Pl,Lake City,32024,Columbia,-82.73988192,30.17651286,"-82.73988192, 30.17651286",17R LP 32477 39623,SHELTER,RISK,3,2008,5 Classroom / Art,A, ,0,0,161,3221,0,0,161,3221,0, ,No,No,No,Yes,Yes, , , ,Yes,,,SHELTER,,Risk Shelter Inventory,Critical Community and Emergency Facilities,Regionally Significant,RSI_PT_266,,Suwannee River Water Management District,FDEM,Risk Shelter Inventory - General - FDEM,,,,North Central Florida,Northeast District,Northwest,2,10,6,Not Affected,Not Affected,Not Affected,Not Affected,Not Affected,Not Affected,Not Affected,Not Affected,Not Affected,Not Affected,Not Affected,Not Affected,Not Affected,Not Affected,Not Affected,Not Affected,Not Affected,Not Affected,Not Affected,Not Affected,Not Affected,521212.4594,686093.6118
267,267,Summers ES,1390 SW McFarlane Ave,Lake City,32055,Columbia,-82.6483869,30.17031119,"-82.64838690, 30.17031119",17R LP 41278 38805,SHELTER,RISK,3,2001,14 Classroom,R, ,0,0,0,0,93,1860,93,1860,0,S FY 13/14 2571 (14-SR-IP-03-22-03-484),No,No,No,No,Yes, , , , ,,,SHELTER,,Risk Shelter Inventory,Critical Community and Emergency Facilities,Regionally Significant,RSI_PT_267,Lake City,Suwannee River Water Management District,FDEM,Risk Shelter Inventory - General - FDEM,,,,North Central Florida,Northeast District,Northwest,2,10,6,Not Affected,Not Affected,Not Affected,Not Affected,Not Affected,Not Affected,Not Affected,Not Affected,Not Affected,Not Affected,Not Affected,Not Affected,Not Affected,Not Affected,Not Affected,Not Affected,Not Affected,Not Affected,Not Affected,Not Affected,Not Affected,530020.6932,685498.4907
268,268,Lake City MS,843 SW Arlington Blvd,Lake City,32025,Columbia,-82.65626758,30.17869785,"-82.65626758, 30.17869785",17R LP 40532 39745,SHELTER,RISK,3,1988,1 Gym,R, ,0,0,0,0,803,16064,803,16064,0,S FY 13/14 2571 (14-SR-IP-03-22-03-484),No,No,No,No,Yes, , , , ,,,SHELTER,,Risk Shelter Inventory,Critical Community and Emergency Facilities,Regionally Significant,RSI_PT_268,Lake City,Suwannee River Water Management District,FDEM,Risk Shelter Inventory - General - FDEM,,,,North Central Florida,Northeast District,Northwest,2,10,6,Not Affected,Not Affected,Not Affected,Not Affected,Not Affected,Not Affected,Not Affected,Not Affected,Not Affected,Not Affected,Not Affected,Not Affected,Not Affected,Not Affected,Not Affected,Not Affected,Not Affected,Not Affected,Not Affected,Not Affected,Not Affected,529252.4843,686421.0373
269,269,Fort White HS,17828 SW SR 47,Fort White,32038,Columbia,-82.71160004,29.93119998,"-82.71160004, 29.93119998",17R LP 34793 12393,SHELTER,RISK,3,1999,12 Classroom,A, ,0,0,136,2724,0,0,136,2724,0,L,No,No,No,Yes,Yes, , , , ,,,SHELTER,,Risk Shelter Inventory,Critical Community and Emergency Facilities,Regionally Significant,RSI_PT_269,Fort White,Suwannee River Water Management District,FDEM,Risk Shelter Inventory - General - FDEM,,,,North Central Florida,Northeast District,Northwest,2,10,6,Not Affected,Not Affected,Not Affected,Not Affected,Not Affected,Not Affected,Not Affected,Not Affected,Not Affected,Not Affected,Not Affected,Not Affected,Not Affected,Not Affected,Not Affected,Not Affected,Not Affected,Not Affected,Not Affected,Not Affected,Not Affected,524217.3367,658892.5684
270,270,Pinemount ES,325 SW Gabriel Pl,Lake City,32024,Columbia,-82.73988192,30.17651286,"-82.73988192, 30.17651286",17R LP 32477 39623,SHELTER,RISK,3,2008,3 Cafeteria,A, ,0,0,211,4230,0,0,212,4230,0, ,No,No,No,Yes,Yes, , , ,Yes,,,SHELTER,,Risk Shelter Inventory,Critical Community and Emergency Facilities,Regionally Significant,RSI_PT_266,,Suwannee River Water Management District,FDEM,Risk Shelter Inventory - General - FDEM,,,,North Central Florida,Northeast District,Northwest,2,10,6,Not Affected,Not Affected,Not Affected,Not Affected,Not Affected,Not Affected,Not Affected,Not Affected,Not Affected,Not Affected,Not Affected,Not Affected,Not Affected,Not Affected,Not Affected,Not Affected,Not Affected,Not Affected,Not Affected,Not Affected,Not Affected,521212.4594,686093.6118
271,271,Fort White ES,18119 SW SR 47,Fort White,32038,Columbia,-82.71306997,29.92705002,"-82.71306997, 29.92705002",17R LP 34645 11935,SHELTER,RISK,3,2009,19N Classroom,A, ,0,0,119,2325,0,0,116,2325,180,"L,S,F",No,No,No,Yes,Yes, , , , ,,,SHELTER,,Risk Shelter Inventory,Critical Community and Emergency Facilities,Regionally Significant,RSI_PT_271,Fort White,Suwannee River Water Management District,FDEM,Risk Shelter Inventory - General - FDEM,,,,North Central Florida,Northeast District,Northwest,2,10,6,Not Affected,Not Affected,Not Affected,Not Affected,Not Affected,Not Affected,Not Affected,Not Affected,Not Affected,Not Affected,Not Affected,Not Affected,Not Affected,Not Affected,Not Affected,Not Affected,Not Affected,Not Affected,Not Affected,Not Affected,Not Affected,524080.4302,658430.4216
272,272,Westside ES,1956 SW CR 252B,Lake City,32024,Columbia,-82.69953999,30.15302001,"-82.69953999, 30.15302001",17R LP 36323 36961,SHELTER,RISK,3,1999,6 Classroom,A, ,0,0,243,4861,0,0,243,4861,0, ,No,No,No,Yes,Yes, , , , ,,,SHELTER,,Risk Shelter Inventory,Critical Community and Emergency Facilities,Regionally Significant,RSI_PT_272,,Suwannee River Water Management District,FDEM,Risk Shelter Inventory - General - FDEM,,,,North Central Florida,Northeast District,Northwest,2,10,6,Not Affected,Not Affected,Not Affected,Not Affected,Not Affected,Not Affected,Not Affected,Not Affected,Not Affected,Not Affected,Not Affected,Not Affected,Not Affected,Not Affected,Not Affected,Not Affected,Not Affected,Not Affected,Not Affected,Not Affected,Not Affected,525120.3618,683526.4133
273,273,Lake City MS,843 SW Arlington Blvd,Lake City,32025,Columbia,-82.65626758,30.17869785,"-82.65626758, 30.17869785",17R LP 40532 39745,SHELTER,RISK,3,1988,12 Multipurpose,R, ,0,0,0,0,271,5416,271,5416,0,S FY 13/14 2571 (14-SR-IP-03-22-03-484),No,No,No,No,Yes, , , , ,,,SHELTER,,Risk Shelter Inventory,Critical Community and Emergency Facilities,Regionally Significant,RSI_PT_268,Lake City,Suwannee River Water Management District,FDEM,Risk Shelter Inventory - General - FDEM,,,,North Central Florida,Northeast District,Northwest,2,10,6,Not Affected,Not Affected,Not Affected,Not Affected,Not Affected,Not Affected,Not Affected,Not Affected,Not Affected,Not Affected,Not Affected,Not Affected,Not Affected,Not Affected,Not Affected,Not Affected,Not Affected,Not Affected,Not Affected,Not Affected,Not Affected,529252.4843,686421.0373
274,274,Fort White HS,17828 SW SR 47,Fort White,32038,Columbia,-82.71160004,29.93119998,"-82.71160004, 29.93119998",17R LP 34793 12393,SHELTER,RISK,3,1999,11 Classroom,A, ,0,0,135,2702,0,0,135,2702,0,L,No,No,No,Yes,Yes, , , , ,,,SHELTER,,Risk Shelter Inventory,Critical Community and Emergency Facilities,Regionally Significant,RSI_PT_269,Fort White,Suwannee River Water Management District,FDEM,Risk Shelter Inventory - General - FDEM,,,,North Central Florida,Northeast District,Northwest,2,10,6,Not Affected,Not Affected,Not Affected,Not Affected,Not Affected,Not Affected,Not Affected,Not Affected,Not Affected,Not Affected,Not Affected,Not Affected,Not Affected,Not Affected,Not Affected,Not Affected,Not Affected,Not Affected,Not Affected,Not Affected,Not Affected,524217.3367,658892.5684
275,275,Summers ES,1388 SW McFarlane Ave,Lake City,32055,Columbia,-82.65017997,30.17045999,"-82.65017997, 30.17045999",17R LP 41105 38824,SHELTER,RISK,3,1998,11 Classroom,R, ,0,0,0,0,96,1911,96,1911,0,S FY 13/14 2571 (14-SR-IP-03-22-03-484),No,No,No,No,Yes, , , , ,,,SHELTER,,Risk Shelter Inventory,Critical Community and Emergency Facilities,Regionally Significant,RSI_PT_275,Lake City,Suwannee River Water Management District,FDEM,Risk Shelter Inventory - General - FDEM,,,,North Central Florida,Northeast District,Northwest,2,10,6,Not Affected,Not Affected,Not Affected,Not Affected,Not Affected,Not Affected,Not Affected,Not Affected,Not Affected,Not Affected,Not Affected,Not Affected,Not Affected,Not Affected,Not Affected,Not Affected,Not Affected,Not Affected,Not Affected,Not Affected,Not Affected,529848.0321,685513.1161
276,276,Pinemount ES,325 SW Gabriel Pl,Lake City,32024,Columbia,-82.73988192,30.17651286,"-82.73988192, 30.17651286",17R LP 32477 39623,SHELTER,RISK,3,2008,4 Classroom,A, ,0,0,295,5902,0,0,295,5902,0, ,No,No,No,Yes,Yes, , , ,Yes,,,SHELTER,,Risk Shelter Inventory,Critical Community and Emergency Facilities,Regionally Significant,RSI_PT_266,,Suwannee River Water Management District,FDEM,Risk Shelter Inventory - General - FDEM,,,,North Central Florida,Northeast District,Northwest,2,10,6,Not Affected,Not Affected,Not Affected,Not Affected,Not Affected,Not Affected,Not Affected,Not Affected,Not Affected,Not Affected,Not Affected,Not Affected,Not Affected,Not Affected,Not Affected,Not Affected,Not Affected,Not Affected,Not Affected,Not Affected,Not Affected,521212.4594,686093.6118
277,277,Pinemount ES,325 SW Gabriel Pl,Lake City,32024,Columbia,-82.73988192,30.17651286,"-82.73988192, 30.17651286",17R LP 32477 39623,SHELTER,RISK,3,2008,2 Classroom,A, ,0,0,221,4415,0,0,221,4415,0, ,No,No,No,Yes,Yes, , , ,Yes,,,SHELTER,,Risk Shelter Inventory,Critical Community and Emergency Facilities,Regionally Significant,RSI_PT_266,,Suwannee River Water Management District,FDEM,Risk Shelter Inventory - General - FDEM,,,,North Central Florida,Northeast District,Northwest,2,10,6,Not Affected,Not Affected,Not Affected,Not Affected,Not Affected,Not Affected,Not Affected,Not Affected,Not Affected,Not Affected,Not Affected,Not Affected,Not Affected,Not Affected,Not Affected,Not Affected,Not Affected,Not Affected,Not Affected,Not Affected,Not Affected,521212.4594,686093.6118
278,278,Fort White HS,17828 SW SR 47,Fort White,32038,Columbia,-82.71160004,29.93119998,"-82.71160004, 29.93119998",17R LP 34793 12393,SHELTER,RISK,3,2004,17 Classroom,A, ,0,0,167,3344,0,0,167,3344,0, ,No,No,No,Yes,Yes, , , ,Yes,,,SHELTER,,Risk Shelter Inventory,Critical Community and Emergency Facilities,Regionally Significant,RSI_PT_269,Fort White,Suwannee River Water Management District,FDEM,Risk Shelter Inventory - General - FDEM,,,,North Central Florida,Northeast District,Northwest,2,10,6,Not Affected,Not Affected,Not Affected,Not Affected,Not Affected,Not Affected,Not Affected,Not Affected,Not Affected,Not Affected,Not Affected,Not Affected,Not Affected,Not Affected,Not Affected,Not Affected,Not Affected,Not Affected,Not Affected,Not Affected,Not Affected,524217.3367,658892.5684
279,279,Summers ES,1389 SW McFarlane Ave,Lake City,32055,Columbia,-82.64848467,30.17066894,"-82.64848467, 30.17066894",17R LP 41269 38844,SHELTER,RISK,3,2001,13 Classroom,R, ,0,0,0,0,93,1860,93,1860,0,S FY 13/14 2571 (14-SR-IP-03-22-03-484),No,No,No,No,Yes, , , , ,,,SHELTER,,Risk Shelter Inventory,Critical Community and Emergency Facilities,Regionally Significant,RSI_PT_279,Lake City,Suwannee River Water Management District,FDEM,Risk Shelter Inventory - General - FDEM,,,,North Central Florida,Northeast District,Northwest,2,10,6,Not Affected,Not Affected,Not Affected,Not Affected,Not Affected,Not Affected,Not Affected,Not Affected,Not Affected,Not Affected,Not Affected,Not Affected,Not Affected,Not Affected,Not Affected,Not Affected,Not Affected,Not Affected,Not Affected,Not Affected,Not Affected,530010.8527,685538.0943
280,280,Westside ES,1956 SW County Rd 252B,Lake City,32024,Columbia,-82.69953999,30.15302001,"-82.69953999, 30.15302001",17R LP 36323 36961,SHELTER,RISK,3,1999,3 Classroom,A, ,0,0,243,4852,0,0,243,4852,0, ,No,No,No,Yes,Yes, , , , ,,,SHELTER,,Risk Shelter Inventory,Critical Community and Emergency Facilities,Regionally Significant,RSI_PT_272,,Suwannee River Water Management District,FDEM,Risk Shelter Inventory - General - FDEM,,,,North Central Florida,Northeast District,Northwest,2,10,6,Not Affected,Not Affected,Not Affected,Not Affected,Not Affected,Not Affected,Not Affected,Not Affected,Not Affected,Not Affected,Not Affected,Not Affected,Not Affected,Not Affected,Not Affected,Not Affected,Not Affected,Not Affected,Not Affected,Not Affected,Not Affected,525120.3618,683526.4133
281,281,Columbia HS,470 SE Fighting Tiger Dr,Lake City,32025,Columbia,-82.63662568,30.14770161,"-82.63662568, 30.14770161",17R LP 42374 36282,SHELTER,RISK,3,2007,7 Cafeteria,A, ,0,0,331,6628,0,0,331,6628,0, ,No,No,No,Yes,Yes, , , ,Yes,,,SHELTER,,Risk Shelter Inventory,Critical Community and Emergency Facilities,Regionally Significant,RSI_PT_281,,Suwannee River Water Management District,FDEM,Risk Shelter Inventory - General - FDEM,,,,North Central Florida,Northeast District,Northwest,2,10,6,Not Affected,Not Affected,Not Affected,Not Affected,Not Affected,Not Affected,Not Affected,Not Affected,Not Affected,Not Affected,Not Affected,Not Affected,Not Affected,Not Affected,Not Affected,Not Affected,Not Affected,Not Affected,Not Affected,Not Affected,Not Affected,531179.7834,683001.499
282,282,Lake City MS,843 SW Arlington Blvd,Lake City,32025,Columbia,-82.65626758,30.17869785,"-82.65626758, 30.17869785",17R LP 40532 39745,SHELTER,RISK,3,1988,8 Cafeteria,R, ,0,0,0,0,215,4304,215,4304,0,S FY 13/14 2571 (14-SR-IP-03-22-03-484),No,No,No,No,Yes, , , , ,,,SHELTER,,Risk Shelter Inventory,Critical Community and Emergency Facilities,Regionally Significant,RSI_PT_268,Lake City,Suwannee River Water Management District,FDEM,Risk Shelter Inventory - General - FDEM,,,,North Central Florida,Northeast District,Northwest,2,10,6,Not Affected,Not Affected,Not Affected,Not Affected,Not Affected,Not Affected,Not Affected,Not Affected,Not Affected,Not Affected,Not Affected,Not Affected,Not Affected,Not Affected,Not Affected,Not Affected,Not Affected,Not Affected,Not Affected,Not Affected,Not Affected,529252.4843,686421.0373
283,283,Summers ES,1388 SW McFarlane Ave,Lake City,32055,Columbia,-82.65017997,30.17045999,"-82.65017997, 30.17045999",17R LP 41105 38824,SHELTER,RISK,3,1998,12 Music / Classroom,R, ,53,1050,0,0,0,0,53,1050,0, ,No,No,No,No,Yes, , , , ,,,SHELTER,,Risk Shelter Inventory,Critical Community and Emergency Facilities,Regionally Significant,RSI_PT_275,Lake City,Suwannee River Water Management District,FDEM,Risk Shelter Inventory - General - FDEM,,,,North Central Florida,Northeast District,Northwest,2,10,6,Not Affected,Not Affected,Not Affected,Not Affected,Not Affected,Not Affected,Not Affected,Not Affected,Not Affected,Not Affected,Not Affected,Not Affected,Not Affected,Not Affected,Not Affected,Not Affected,Not Affected,Not Affected,Not Affected,Not Affected,Not Affected,529848.0321,685513.1161
284,284,Lake City MS,843 SW Arlington Blvd,Lake City,32025,Columbia,-82.65626758,30.17869785,"-82.65626758, 30.17869785",17R LP 40532 39745,SHELTER,RISK,3,2007,16 Classroom,A, ,0,0,205,4091,0,0,205,4091,0, ,No,No,No,Yes,Yes, , , , ,,,SHELTER,,Risk Shelter Inventory,Critical Community and Emergency Facilities,Regionally Significant,RSI_PT_268,Lake City,Suwannee River Water Management District,FDEM,Risk Shelter Inventory - General - FDEM,,,,North Central Florida,Northeast District,Northwest,2,10,6,Not Affected,Not Affected,Not Affected,Not Affected,Not Affected,Not Affected,Not Affected,Not Affected,Not Affected,Not Affected,Not Affected,Not Affected,Not Affected,Not Affected,Not Affected,Not Affected,Not Affected,Not Affected,Not Affected,Not Affected,Not Affected,529252.4843,686421.0373
285,285,Fort White ES,18119 SW SR 47,Fort White,32038,Columbia,-82.71306997,29.92705002,"-82.71306997, 29.92705002",17R LP 34645 11935,SHELTER,RISK,3,2009,19S Classroom,A, ,0,0,93,1863,0,0,93,1863,180,"L,S,F",No,No,No,Yes,Yes, , , , ,,,SHELTER,,Risk Shelter Inventory,Critical Community and Emergency Facilities,Regionally Significant,RSI_PT_271,Fort White,Suwannee River Water Management District,FDEM,Risk Shelter Inventory - General - FDEM,,,,North Central Florida,Northeast District,Northwest,2,10,6,Not Affected,Not Affected,Not Affected,Not Affected,Not Affected,Not Affected,Not Affected,Not Affected,Not Affected,Not Affected,Not Affected,Not Affected,Not Affected,Not Affected,Not Affected,Not Affected,Not Affected,Not Affected,Not Affected,Not Affected,Not Affected,524080.4302,658430.4216
286,286,Summers ES,1388 SW McFarlane Ave,Lake City,32055,Columbia,-82.65017997,30.17045999,"-82.65017997, 30.17045999",17R LP 41105 38824,SHELTER,RISK,3,1998,10 Classroom,R, ,0,0,0,0,94,1878,94,1878,0,S FY 13/14 2571 (14-SR-IP-03-22-03-484),No,No,No,No,Yes, , , , ,,,SHELTER,,Risk Shelter Inventory,Critical Community and Emergency Facilities,Regionally Significant,RSI_PT_275,Lake City,Suwannee River Water Management District,FDEM,Risk Shelter Inventory - General - FDEM,,,,North Central Florida,Northeast District,Northwest,2,10,6,Not Affected,Not Affected,Not Affected,Not Affected,Not Affected,Not Affected,Not Affected,Not Affected,Not Affected,Not Affected,Not Affected,Not Affected,Not Affected,Not Affected,Not Affected,Not Affected,Not Affected,Not Affected,Not Affected,Not Affected,Not Affected,529848.0321,685513.1161
287,287,DeSoto MS,420 East Gibson St,Arcadia,34266,DeSoto,-81.85057004,27.22324,"-81.85057004, 27.22324000",17R ML 15776 11447,SHELTER,RISK,6,2000,5E Gym,R, ,0,0,0,0,549,10979,549,10979,549,S-1508-2005,No,No,No,No,Yes, , , , ,,,SHELTER,,Risk Shelter Inventory,Critical Community and Emergency Facilities,Regionally Significant,RSI_PT_287,Arcadia,Southwest Florida Water Management District,FDEM,Risk Shelter Inventory - General - FDEM,,,,Central Florida,South District,Southwest,1,76,27,Not Affected,Not Affected,Not Affected,Not Affected,Not Affected,Not Affected,Not Affected,Not Affected,Not Affected,Not Affected,Not Affected,Not Affected,Not Affected,Not Affected,Not Affected,Not Affected,Not Affected,Not Affected,Not Affected,Not Affected,Not Affected,612465.4981,359389.5962
288,288,DeSoto MS,420 East Gibson St,Arcadia,34266,DeSoto,-81.85057004,27.22324,"-81.85057004, 27.22324000",17R ML 15776 11447,SHELTER,RISK,6,2000,7C Classroom,R, ,0,0,0,0,502,10036,502,10036,502,HMGP,No,No,No,No,Yes, , , , ,,,SHELTER,,Risk Shelter Inventory,Critical Community and Emergency Facilities,Regionally Significant,RSI_PT_287,Arcadia,Southwest Florida Water Management District,FDEM,Risk Shelter Inventory - General - FDEM,,,,Central Florida,South District,Southwest,1,76,27,Not Affected,Not Affected,Not Affected,Not Affected,Not Affected,Not Affected,Not Affected,Not Affected,Not Affected,Not Affected,Not Affected,Not Affected,Not Affected,Not Affected,Not Affected,Not Affected,Not Affected,Not Affected,Not Affected,Not Affected,Not Affected,612465.4981,359389.5962
289,289,DeSoto MS,420 East Gibson St,Arcadia,34266,DeSoto,-81.85057004,27.22324,"-81.85057004, 27.22324000",17R ML 15776 11447,SHELTER,RISK,6,2000,8D Classroom,R, ,0,0,0,0,469,9377,469,9377,469,HMGP,No,No,No,No,Yes, , , , ,,,SHELTER,,Risk Shelter Inventory,Critical Community and Emergency Facilities,Regionally Significant,RSI_PT_287,Arcadia,Southwest Florida Water Management District,FDEM,Risk Shelter Inventory - General - FDEM,,,,Central Florida,South District,Southwest,1,76,27,Not Affected,Not Affected,Not Affected,Not Affected,Not Affected,Not Affected,Not Affected,Not Affected,Not Affected,Not Affected,Not Affected,Not Affected,Not Affected,Not Affected,Not Affected,Not Affected,Not Affected,Not Affected,Not Affected,Not Affected,Not Affected,612465.4981,359389.5962
290,290,South Florida State College,2251 NE Turner Ave,Arcadia,34266,DeSoto,-81.84244999,27.22957999,"-81.84244999, 27.22957999",17R ML 16584 12144,SHELTER,RISK,6,2003,300B Classroom,A, ,30,604,0,0,0,0,30,604,30, ,No,No,No,No,Yes, , , , ,,,SHELTER,,Risk Shelter Inventory,Critical Community and Emergency Facilities,Regionally Significant,RSI_PT_290,,Southwest Florida Water Management District,FDEM,Risk Shelter Inventory - General - FDEM,,,,Central Florida,South District,Southwest,1,76,27,Not Affected,Not Affected,Not Affected,Not Affected,Not Affected,Not Affected,Not Affected,Not Affected,Not Affected,Not Affected,Not Affected,Not Affected,Not Affected,Not Affected,Not Affected,Not Affected,Low,Low,Low,Medium,Medium,613255.7458,360107.4837
291,291,County Administration Building,201 E Oak St,Arcadia,34266,DeSoto,-81.85741001,27.21480001,"-81.85741001, 27.21480001",17R ML 15092 10517,SHELTER,RISK,6,1993,Main,R,100 kW; Shared with Courthouse,0,0,0,0,140,2808,140,2808,289,"L, F",No,No,No,No,Yes, , , , ,,,SHELTER,,Risk Shelter Inventory,Critical Community and Emergency Facilities,Regionally Significant,RSI_PT_291,Arcadia,Southwest Florida Water Management District,FDEM,Risk Shelter Inventory - General - FDEM,,,,Central Florida,South District,Southwest,1,76,27,Not Affected,Not Affected,Not Affected,Not Affected,Not Affected,Not Affected,Not Affected,Not Affected,Not Affected,Not Affected,Not Affected,Not Affected,Not Affected,Not Affected,Not Affected,Not Affected,Not Affected,Not Affected,Not Affected,Not Affected,Not Affected,611805.7357,358440.8156
292,292,DeSoto MS,420 East Gibson St,Arcadia,34266,DeSoto,-81.85057004,27.22324,"-81.85057004, 27.22324000",17R ML 15776 11447,SHELTER,RISK,6,2000,6B Classroom,R, ,0,0,0,0,502,10036,502,10036,502,S-1508-2005,No,No,No,No,Yes, , , , ,,,SHELTER,,Risk Shelter Inventory,Critical Community and Emergency Facilities,Regionally Significant,RSI_PT_287,Arcadia,Southwest Florida Water Management District,FDEM,Risk Shelter Inventory - General - FDEM,,,,Central Florida,South District,Southwest,1,76,27,Not Affected,Not Affected,Not Affected,Not Affected,Not Affected,Not Affected,Not Affected,Not Affected,Not Affected,Not Affected,Not Affected,Not Affected,Not Affected,Not Affected,Not Affected,Not Affected,Not Affected,Not Affected,Not Affected,Not Affected,Not Affected,612465.4981,359389.5962
293,293,Turner Agri-Civic Center,2260 NE Roan St,Arcadia,34266,DeSoto,-81.83639051,27.22380332,"-81.83639051, 27.22380332",17R ML 17180 11500,SHELTER,RISK,6,2002,Meeting Hall,A, ,91,1816,0,0,0,0,91,1816,0, ,No,No,No,No,Yes, , , , ,,,SHELTER,,Risk Shelter Inventory,Critical Community and Emergency Facilities,Regionally Significant,RSI_PT_293,,Southwest Florida Water Management District,FDEM,Risk Shelter Inventory - General - FDEM,,,,Central Florida,South District,Southwest,1,76,27,Not Affected,Not Affected,Not Affected,Not Affected,Not Affected,Not Affected,Not Affected,Not Affected,Not Affected,Not Affected,Not Affected,Not Affected,Not Affected,Not Affected,Not Affected,Not Affected,Not Affected,Not Affected,Low,Low,Low,613865.8669,359476.648
294,294,Memorial ES,851 E Hickory St,Arcadia,34266,DeSoto,-81.85094002,27.21434001,"-81.85094002, 27.21434001",17R ML 15732 10461,SHELTER,RISK,6,1983,8-H Music,R, ,0,0,0,0,180,3600,180,3600,180,HB7121,No,No,No,No,Yes, , , ,Yes,,,SHELTER,,Risk Shelter Inventory,Critical Community and Emergency Facilities,Regionally Significant,RSI_PT_294,Arcadia,Southwest Florida Water Management District,FDEM,Risk Shelter Inventory - General - FDEM,,,,Central Florida,South District,Southwest,1,76,27,Not Affected,Not Affected,Not Affected,Not Affected,Not Affected,Not Affected,Not Affected,Not Affected,Not Affected,Not Affected,Not Affected,Not Affected,Not Affected,Not Affected,Not Affected,Not Affected,Low,Not Affected,Medium,Medium,Not Affected,612446.1521,358400.876
295,295,County Library,125 N Hillsborough Ave,Arcadia,34266,DeSoto,-81.85624827,27.21578561,"-81.85624827, 27.21578561",17R ML 15208 10625,SHELTER,RISK,6,1997,Main,R, ,0,0,0,0,67,1331,67,1331,184,"L, F",No,No,No,No,Yes, , , , ,,,SHELTER,,Risk Shelter Inventory,Critical Community and Emergency Facilities,Regionally Significant,RSI_PT_295,Arcadia,Southwest Florida Water Management District,FDEM,Risk Shelter Inventory - General - FDEM,,,,Central Florida,South District,Southwest,1,76,27,Not Affected,Not Affected,Not Affected,Not Affected,Not Affected,Not Affected,Not Affected,Not Affected,Not Affected,Not Affected,Not Affected,Not Affected,Not Affected,Not Affected,Not Affected,Low,Low,Low,Low,Low,Low,611918.6655,358552.2339
296,296,Ruth Raines MS,981 SE HWY 351,Cross City,32628,Dixie,-83.12924999,29.62137002,"-83.12924999, 29.62137002",17R KN 93839 78725,SHELTER,RISK,3,1993,5 Band,R, ,0,0,0,0,70,1406,70,1406,70,S-1435A,No,No,No,No,Yes, , , , ,,,SHELTER,,Risk Shelter Inventory,Critical Community and Emergency Facilities,Regionally Significant,RSI_PT_296,,Suwannee River Water Management District,FDEM,Risk Shelter Inventory - General - FDEM,,,,North Central Florida,Northeast District,Northwest,2,7,3,Not Affected,Not Affected,Not Affected,Not Affected,Not Affected,Not Affected,Not Affected,Not Affected,Not Affected,Not Affected,Not Affected,Not Affected,Not Affected,Not Affected,Not Affected,Not Affected,Not Affected,Not Affected,Not Affected,Not Affected,Not Affected,484194.5437,624143.8308
297,297,Dixie County HS,17924 SE Hwy 19,Cross City,32628,Dixie,-83.10721686,29.62371997,"-83.10721686, 29.62371997",17R KN 95977 78946,SHELTER,RISK,3,2017,2 Classroom,A, ,0,0,0,0,0,0,511,10227,0, ,No,No,No,No,Yes, , , , ,,,SHELTER,,Risk Shelter Inventory,Critical Community and Emergency Facilities,Regionally Significant,RSI_PT_297,,Suwannee River Water Management District,FDEM,Risk Shelter Inventory - General - FDEM,,,,North Central Florida,Northeast District,Northwest,2,7,3,Not Affected,Not Affected,Not Affected,Not Affected,Not Affected,Not Affected,Not Affected,Not Affected,Not Affected,Not Affected,Not Affected,Not Affected,Not Affected,Not Affected,Not Affected,Not Affected,Not Affected,Not Affected,Not Affected,Not Affected,Not Affected,486323.0453,624419.9657
298,298,Ruth Raines MS,981 SE HWY 351,Cross City,32628,Dixie,-83.12924999,29.62137002,"-83.12924999, 29.62137002",17R KN 93839 78725,SHELTER,RISK,3,1993,2 Voc Classroom,R, ,0,0,0,0,62,1234,62,1234,61,S-1435A,No,No,No,No,Yes, , , , ,,,SHELTER,,Risk Shelter Inventory,Critical Community and Emergency Facilities,Regionally Significant,RSI_PT_296,,Suwannee River Water Management District,FDEM,Risk Shelter Inventory - General - FDEM,,,,North Central Florida,Northeast District,Northwest,2,7,3,Not Affected,Not Affected,Not Affected,Not Affected,Not Affected,Not Affected,Not Affected,Not Affected,Not Affected,Not Affected,Not Affected,Not Affected,Not Affected,Not Affected,Not Affected,Not Affected,Not Affected,Not Affected,Not Affected,Not Affected,Not Affected,484194.5437,624143.8308
299,299,Dixie County HS,17924 SE Hwy 19,Cross City,32628,Dixie,-83.10721686,29.62371997,"-83.10721686, 29.62371997",17R KN 95977 78946,SHELTER,RISK,3,2017,6 Gym,A, ,0,0,0,0,0,0,821,16429,0, ,No,No,No,No,Yes, , , , ,,,SHELTER,,Risk Shelter Inventory,Critical Community and Emergency Facilities,Regionally Significant,RSI_PT_297,,Suwannee River Water Management District,FDEM,Risk Shelter Inventory - General - FDEM,,,,North Central Florida,Northeast District,Northwest,2,7,3,Not Affected,Not Affected,Not Affected,Not Affected,Not Affected,Not Affected,Not Affected,Not Affected,Not Affected,Not Affected,Not Affected,Not Affected,Not Affected,Not Affected,Not Affected,Not Affected,Not Affected,Not Affected,Not Affected,Not Affected,Not Affected,486323.0453,624419.9657
300,300,Dixie County HS,17924 SE Hwy 19,Cross City,32628,Dixie,-83.10721686,29.62371997,"-83.10721686, 29.62371997",17R KN 95977 78946,SHELTER,RISK,3,2017,1 Admin,A, ,0,0,0,0,0,0,217,4330,0, ,No,No,No,No,Yes, , , , ,,,SHELTER,,Risk Shelter Inventory,Critical Community and Emergency Facilities,Regionally Significant,RSI_PT_297,,Suwannee River Water Management District,FDEM,Risk Shelter Inventory - General - FDEM,,,,North Central Florida,Northeast District,Northwest,2,7,3,Not Affected,Not Affected,Not Affected,Not Affected,Not Affected,Not Affected,Not Affected,Not Affected,Not Affected,Not Affected,Not Affected,Not Affected,Not Affected,Not Affected,Not Affected,Not Affected,Not Affected,Not Affected,Not Affected,Not Affected,Not Affected,486323.0453,624419.9657
301,301,Ruth Raines MS,981 SE HWY 351,Cross City,32628,Dixie,-83.12924999,29.62137002,"-83.12924999, 29.62137002",17R KN 93839 78725,SHELTER,RISK,3,1993,3 Gym,R, ,0,0,0,0,618,12350,618,12350,160,S-1435A,No,No,No,No,Yes, , , , ,,,SHELTER,,Risk Shelter Inventory,Critical Community and Emergency Facilities,Regionally Significant,RSI_PT_296,,Suwannee River Water Management District,FDEM,Risk Shelter Inventory - General - FDEM,,,,North Central Florida,Northeast District,Northwest,2,7,3,Not Affected,Not Affected,Not Affected,Not Affected,Not Affected,Not Affected,Not Affected,Not Affected,Not Affected,Not Affected,Not Affected,Not Affected,Not Affected,Not Affected,Not Affected,Not Affected,Not Affected,Not Affected,Not Affected,Not Affected,Not Affected,484194.5437,624143.8308
302,302,Ruth Raines MS,981 SE HWY 351,Cross City,32628,Dixie,-83.12924999,29.62137002,"-83.12924999, 29.62137002",17R KN 93839 78725,SHELTER,RISK,3,1993,1 Classroom / Media / Art,R, ,0,0,0,0,773,15458,773,15458,489,S-1435A,No,No,No,No,Yes, , , , ,,,SHELTER,,Risk Shelter Inventory,Critical Community and Emergency Facilities,Regionally Significant,RSI_PT_296,,Suwannee River Water Management District,FDEM,Risk Shelter Inventory - General - FDEM,,,,North Central Florida,Northeast District,Northwest,2,7,3,Not Affected,Not Affected,Not Affected,Not Affected,Not Affected,Not Affected,Not Affected,Not Affected,Not Affected,Not Affected,Not Affected,Not Affected,Not Affected,Not Affected,Not Affected,Not Affected,Not Affected,Not Affected,Not Affected,Not Affected,Not Affected,484194.5437,624143.8308
303,303,Dixie County HS,17924 SE Hwy 19,Cross City,32628,Dixie,-83.10721686,29.62371997,"-83.10721686, 29.62371997",17R KN 95977 78946,SHELTER,RISK,3,2017,3 Classroom,A, ,0,0,0,0,0,0,543,10867,0, ,No,No,No,No,Yes, , , , ,,,SHELTER,,Risk Shelter Inventory,Critical Community and Emergency Facilities,Regionally Significant,RSI_PT_297,,Suwannee River Water Management District,FDEM,Risk Shelter Inventory - General - FDEM,,,,North Central Florida,Northeast District,Northwest,2,7,3,Not Affected,Not Affected,Not Affected,Not Affected,Not Affected,Not Affected,Not Affected,Not Affected,Not Affected,Not Affected,Not Affected,Not Affected,Not Affected,Not Affected,Not Affected,Not Affected,Not Affected,Not Affected,Not Affected,Not Affected,Not Affected,486323.0453,624419.9657
304,304,Dixie County HS,17924 SE Hwy 19,Cross City,32628,Dixie,-83.10721686,29.62371997,"-83.10721686, 29.62371997",17R KN 95977 78946,SHELTER,RISK,3,2017,7 Classroom,A, ,0,0,0,0,0,0,466,9328,0, ,No,No,No,No,Yes, , , , ,,,SHELTER,,Risk Shelter Inventory,Critical Community and Emergency Facilities,Regionally Significant,RSI_PT_297,,Suwannee River Water Management District,FDEM,Risk Shelter Inventory - General - FDEM,,,,North Central Florida,Northeast District,Northwest,2,7,3,Not Affected,Not Affected,Not Affected,Not Affected,Not Affected,Not Affected,Not Affected,Not Affected,Not Affected,Not Affected,Not Affected,Not Affected,Not Affected,Not Affected,Not Affected,Not Affected,Not Affected,Not Affected,Not Affected,Not Affected,Not Affected,486323.0453,624419.9657
305,305,Kernan Trail ES,2281 Kernan Blvd S,Jacksonville,32246,Duval,-81.48180603,30.304884,"-81.48180603, 30.30488400",17R MP 53673 52668,SHELTER,RISK,4,2002,1C Cafeteria,A,100 kW,0,0,155,3101,0,0,155,3101,0,L,No,No,No,Yes,Yes, , , , ,,,SHELTER,,Risk Shelter Inventory,Critical Community and Emergency Facilities,Regionally Significant,RSI_PT_305,Jacksonville,St. Johns River Water Management District,FDEM,Risk Shelter Inventory - General - FDEM,,,,Northeast Florida,Northeast District,Northeast,2,16,4,Not Affected,Not Affected,Not Affected,Not Affected,Not Affected,Not Affected,Not Affected,Not Affected,Not Affected,Not Affected,Not Affected,Not Affected,Not Affected,Not Affected,Not Affected,Not Affected,Not Affected,Not Affected,Not Affected,Not Affected,Not Affected,641924.918,702192.679
306,306,Andrew A Robinson ES,101 W 12th St,Jacksonville,32206,Duval,-81.655813,30.35158399,"-81.65581300, 30.35158399",17R MP 36971 57927,SHELTER,RISK,4,1990,1 Main,R, ,0,0,0,0,1831,36618,1831,36618,1831,"S, F HMGP1306, HMGP1539",No,No,No,No,Yes, , , ,Yes,,,SHELTER,,Risk Shelter Inventory,Critical Community and Emergency Facilities,Regionally Significant,RSI_PT_306,Jacksonville,St. Johns River Water Management District,FDEM,Risk Shelter Inventory - General - FDEM,,,,Northeast Florida,Northeast District,Northeast,2,14,5,Not Affected,Not Affected,Not Affected,Not Affected,Not Affected,Not Affected,Not Affected,Not Affected,Not Affected,Not Affected,Not Affected,Not Affected,Not Affected,Not Affected,Not Affected,Not Affected,Not Affected,Not Affected,Not Affected,Not Affected,Not Affected,625111.4946,707045.1924
307,307,Atlantic Coast HS,9735 R G Skinner Pkwy,Jacksonville,32256,Duval,-81.50634598,30.20280001,"-81.50634598, 30.20280001",17R MP 51263 41365,SHELTER,RISK,4,2010,6 Classroom,A, ,0,0,0,0,0,0,912,18232,0, ,No,No,No,No,Yes, , , , ,,,SHELTER,,Risk Shelter Inventory,Critical Community and Emergency Facilities,Regionally Significant,RSI_PT_307,Jacksonville,St. Johns River Water Management District,FDEM,Risk Shelter Inventory - General - FDEM,,,,Northeast Florida,Northeast District,Northeast,2,17,4,Not Affected,Not Affected,Not Affected,Not Affected,Not Affected,Not Affected,Not Affected,Not Affected,Not Affected,Not Affected,Not Affected,Not Affected,Not Affected,Not Affected,Not Affected,Not Affected,Not Affected,Not Affected,Not Affected,Not Affected,Not Affected,639796.7749,690816.6915
308,308,Landmark MS,101 Kernan Blvd N,Jacksonville,32225,Duval,-81.48724798,30.32335101,"-81.48724798, 30.32335101",17R MP 53158 54716,SHELTER,RISK,4,1989,1B Classroom / Auditorium,A,100 kW for campus,0,0,0,0,0,0,507,10134,507, ,No,No,No,No,Yes, , , , ,,,SHELTER,,Risk Shelter Inventory,Critical Community and Emergency Facilities,Regionally Significant,RSI_PT_308,Jacksonville,St. Johns River Water Management District,FDEM,Risk Shelter Inventory - General - FDEM,,,,Northeast Florida,Northeast District,Northeast,2,16,4,Not Affected,Not Affected,Not Affected,Not Affected,Not Affected,Not Affected,Not Affected,Not Affected,Not Affected,Not Affected,Not Affected,Not Affected,Not Affected,Not Affected,Not Affected,Not Affected,Not Affected,Not Affected,Not Affected,Not Affected,Not Affected,641360.4167,704231.1822
309,309,Douglas Anderson School of the Arts,2445 San Diego Rd,Jacksonville,32203,Duval,-81.63899697,30.30014999,"-81.63899697, 30.30014999",17R MP 38555 52218,SHELTER,RISK,4,1962,13C Dance,A,50 kW and 100 kW,0,0,0,0,0,0,219,4387,219, ,No,No,No,No,Yes, , , , ,,,SHELTER,,Risk Shelter Inventory,Critical Community and Emergency Facilities,Regionally Significant,RSI_PT_309,Jacksonville,St. Johns River Water Management District,FDEM,Risk Shelter Inventory - General - FDEM,,,,Northeast Florida,Northeast District,Northeast,2,12,5,Not Affected,Not Affected,Not Affected,Not Affected,Not Affected,Not Affected,Not Affected,Not Affected,Not Affected,Not Affected,Not Affected,Not Affected,Not Affected,Not Affected,Not Affected,Not Affected,Not Affected,Not Affected,Not Affected,Not Affected,Not Affected,626835.4238,701368.5967
310,310,Twin Lakes Academy ES,8000 Point Meadows Dr,Jacksonville,32256,Duval,-81.51819397,30.22312398,"-81.51819397, 30.22312398",17R MP 50133 43623,SHELTER,RISK,4,1997,1 (2nd floor) Main,R,500 kW,0,0,0,0,1344,26879,1344,26879,1369, ,No,No,No,No,Yes, , , , ,,,SHELTER,,Risk Shelter Inventory,Critical Community and Emergency Facilities,Regionally Significant,RSI_PT_310,Jacksonville,St. Johns River Water Management District,FDEM,Risk Shelter Inventory - General - FDEM,,,,Northeast Florida,Northeast District,Northeast,2,17,4,Not Affected,Not Affected,Not Affected,Not Affected,Not Affected,Not Affected,Not Affected,Not Affected,Not Affected,Not Affected,Not Affected,Not Affected,Not Affected,Not Affected,Not Affected,Not Affected,Medium,Not Affected,Not Affected,Not Affected,Not Affected,638612.196,693049.0826
311,311,Waterleaf ES,450 Kernan Blvd N,Jacksonville,32225,Duval,-81.49097902,30.33278899,"-81.49097902, 30.33278899",17R MP 52804 55764,SHELTER,RISK,4,2011,1A Classroom,A,475 kW for campus,0,0,0,0,0,0,493,9851,0, ,No,No,No,No,Yes, , , , ,,,SHELTER,,Risk Shelter Inventory,Critical Community and Emergency Facilities,Regionally Significant,RSI_PT_311,Jacksonville,St. Johns River Water Management District,FDEM,Risk Shelter Inventory - General - FDEM,,,,Northeast Florida,Northeast District,Northeast,2,16,4,Not Affected,Not Affected,Not Affected,Not Affected,Not Affected,Not Affected,Not Affected,Not Affected,Not Affected,Not Affected,Not Affected,Not Affected,Not Affected,Not Affected,Not Affected,Not Affected,Not Affected,Not Affected,Not Affected,Not Affected,Not Affected,640980.7733,705271.1498
312,312,John Allen Axson ES,4763 Sutton Park Ct,Jacksonville,32224,Duval,-81.46038197,30.255462,"-81.46038197, 30.25546200",17R MP 55711 47182,SHELTER,RISK,4,2004,2 Multipurpose,A, ,0,0,211,4210,0,0,211,4210,0, ,E,5,No,Yes,Yes, , , , ,,,SHELTER,,Risk Shelter Inventory,Critical Community and Emergency Facilities,Regionally Significant,RSI_PT_312,Jacksonville,St. Johns River Water Management District,FDEM,Risk Shelter Inventory - General - FDEM,,,,Northeast Florida,Northeast District,Northeast,2,17,4,Not Affected,Not Affected,Not Affected,Not Affected,Not Affected,Not Affected,Not Affected,Not Affected,Not Affected,Not Affected,Not Affected,Not Affected,Not Affected,Not Affected,Not Affected,Not Affected,Not Affected,Not Affected,Not Affected,Not Affected,Not Affected,644095.815,696750.7474
313,313,Mandarin MS,5100 Hood Rd,Jacksonville,32257,Duval,-81.58747098,30.18900599,"-81.58747098, 30.18900599",17R MP 43446 39874,SHELTER,RISK,4,1989,1E (2nd floor) Classroom,R,100 kW for campus,0,0,0,0,847,16942,847,16942,1764,"L, F HB7121",No,No,No,No,Yes, , , , ,,,SHELTER,,Risk Shelter Inventory,Critical Community and Emergency Facilities,Regionally Significant,RSI_PT_313,Jacksonville,St. Johns River Water Management District,FDEM,Risk Shelter Inventory - General - FDEM,,,,Northeast Florida,Northeast District,Northeast,2,17,4,Not Affected,Not Affected,Not Affected,Not Affected,Not Affected,Not Affected,Not Affected,Not Affected,Not Affected,Not Affected,Not Affected,Not Affected,Not Affected,Not Affected,Not Affected,Not Affected,Not Affected,Not Affected,Not Affected,Not Affected,Not Affected,632026.5306,689130.731
314,314,Douglas Anderson School of the Arts,2445 San Diego Rd,Jacksonville,32199,Duval,-81.63899697,30.30014999,"-81.63899697, 30.30014999",17R MP 38555 52218,SHELTER,RISK,4,1955,7 Music,A,50 kW and 100 kW,0,0,0,0,0,0,189,3778,188, ,No,No,No,No,Yes, , , , ,,,SHELTER,,Risk Shelter Inventory,Critical Community and Emergency Facilities,Regionally Significant,RSI_PT_309,Jacksonville,St. Johns River Water Management District,FDEM,Risk Shelter Inventory - General - FDEM,,,,Northeast Florida,Northeast District,Northeast,2,12,5,Not Affected,Not Affected,Not Affected,Not Affected,Not Affected,Not Affected,Not Affected,Not Affected,Not Affected,Not Affected,Not Affected,Not Affected,Not Affected,Not Affected,Not Affected,Not Affected,Not Affected,Not Affected,Not Affected,Not Affected,Not Affected,626835.4238,701368.5967
315,315,Landmark MS,101 Kernan Blvd N,Jacksonville,32225,Duval,-81.48724798,30.32335101,"-81.48724798, 30.32335101",17R MP 53158 54716,SHELTER,RISK,4,1989,1C & A2 Classroom,A,100 kW for campus,0,0,0,0,0,0,946,18915,946, ,No,No,No,No,Yes, , , , ,,,SHELTER,,Risk Shelter Inventory,Critical Community and Emergency Facilities,Regionally Significant,RSI_PT_308,Jacksonville,St. Johns River Water Management District,FDEM,Risk Shelter Inventory - General - FDEM,,,,Northeast Florida,Northeast District,Northeast,2,16,4,Not Affected,Not Affected,Not Affected,Not Affected,Not Affected,Not Affected,Not Affected,Not Affected,Not Affected,Not Affected,Not Affected,Not Affected,Not Affected,Not Affected,Not Affected,Not Affected,Not Affected,Not Affected,Not Affected,Not Affected,Not Affected,641360.4167,704231.1822
316,316,John Allen Axson ES,4763 Sutton Park Ct,Jacksonville,32224,Duval,-81.46038197,30.255462,"-81.46038197, 30.25546200",17R MP 55711 47182,SHELTER,RISK,4,2004,3 Classroom,A, ,0,0,672,13438,0,0,672,13438,0, ,E,5,No,Yes,Yes, , , , ,,,SHELTER,,Risk Shelter Inventory,Critical Community and Emergency Facilities,Regionally Significant,RSI_PT_312,Jacksonville,St. Johns River Water Management District,FDEM,Risk Shelter Inventory - General - FDEM,,,,Northeast Florida,Northeast District,Northeast,2,17,4,Not Affected,Not Affected,Not Affected,Not Affected,Not Affected,Not Affected,Not Affected,Not Affected,Not Affected,Not Affected,Not Affected,Not Affected,Not Affected,Not Affected,Not Affected,Not Affected,Not Affected,Not Affected,Not Affected,Not Affected,Not Affected,644095.815,696750.7474
317,317,Oceanway ES,12555 Gillespie Ave,Jacksonville,32218,Duval,-81.62302501,30.46103098,"-81.62302501, 30.46103098",17R MP 40189 70037,SHELTER,RISK,4,2001,1A Classroom,A,100 kW for campus,121,2426,0,0,0,0,121,2426,0, ,D,5,No,No,Yes, , , , ,,,SHELTER,,Risk Shelter Inventory,Critical Community and Emergency Facilities,Regionally Significant,RSI_PT_317,Jacksonville,St. Johns River Water Management District,FDEM,Risk Shelter Inventory - General - FDEM,,,,Northeast Florida,Northeast District,Northeast,2,15,4,Not Affected,Not Affected,Not Affected,Not Affected,Not Affected,Not Affected,Not Affected,Not Affected,Not Affected,Not Affected,Not Affected,Not Affected,Not Affected,Not Affected,Not Affected,Not Affected,Not Affected,Not Affected,Not Affected,Not Affected,Not Affected,628025.6105,719249.6495
318,318,Arlington MS,8141 Lone Star Rd,Jacksonville,32211,Duval,-81.57003604,30.34025702,"-81.57003604, 30.34025702",17R MP 45209 56627,SHELTER,RISK,4,2005,3 ESE,A, ,0,0,211,4218,0,0,211,4218,0, ,No,No,No,Yes,Yes, , , , ,,,SHELTER,,Risk Shelter Inventory,Critical Community and Emergency Facilities,Regionally Significant,RSI_PT_318,Jacksonville,St. Johns River Water Management District,FDEM,Risk Shelter Inventory - General - FDEM,,,,Northeast Florida,Northeast District,Northeast,2,14,5,Not Affected,Not Affected,Not Affected,Not Affected,Not Affected,Not Affected,Not Affected,Not Affected,Not Affected,Not Affected,Not Affected,Not Affected,Not Affected,Not Affected,Not Affected,Not Affected,Not Affected,Not Affected,Not Affected,Not Affected,Not Affected,633372.3506,705947.7694
319,319,Kernan Trail ES,2281 Kernan Blvd S,Jacksonville,32246,Duval,-81.48180603,30.304884,"-81.48180603, 30.30488400",17R MP 53673 52668,SHELTER,RISK,4,2002,1A (1st floor) Classroom,A,100 kW,0,0,0,0,0,0,167,3331,537,L,No,No,No,No,Yes, , , , ,,,SHELTER,,Risk Shelter Inventory,Critical Community and Emergency Facilities,Regionally Significant,RSI_PT_305,Jacksonville,St. Johns River Water Management District,FDEM,Risk Shelter Inventory - General - FDEM,,,,Northeast Florida,Northeast District,Northeast,2,16,4,Not Affected,Not Affected,Not Affected,Not Affected,Not Affected,Not Affected,Not Affected,Not Affected,Not Affected,Not Affected,Not Affected,Not Affected,Not Affected,Not Affected,Not Affected,Not Affected,Not Affected,Not Affected,Not Affected,Not Affected,Not Affected,641924.918,702192.679
320,320,Mandarin MS,5100 Hood Rd,Jacksonville,32257,Duval,-81.58747098,30.18900599,"-81.58747098, 30.18900599",17R MP 43446 39874,SHELTER,RISK,4,1989,1B Classroom / Auditorium / Music,R,100 kW for campus,0,0,0,0,507,10134,507,10134,1764,"L, F HB7121",No,No,No,No,Yes, , , , ,,,SHELTER,,Risk Shelter Inventory,Critical Community and Emergency Facilities,Regionally Significant,RSI_PT_313,Jacksonville,St. Johns River Water Management District,FDEM,Risk Shelter Inventory - General - FDEM,,,,Northeast Florida,Northeast District,Northeast,2,17,4,Not Affected,Not Affected,Not Affected,Not Affected,Not Affected,Not Affected,Not Affected,Not Affected,Not Affected,Not Affected,Not Affected,Not Affected,Not Affected,Not Affected,Not Affected,Not Affected,Not Affected,Not Affected,Not Affected,Not Affected,Not Affected,632026.5306,689130.731
321,321,Chets Creek ES,13200 Chets Creek Blvd,Jacksonville,32224,Duval,-81.46912899,30.266378,"-81.46912899, 30.26637800",17R MP 54874 48395,SHELTER,RISK,4,1997,1 (1st floor) Main,R, ,0,0,0,0,1180,23604,1180,23604,1180,"S, F HMGP 1561-235 HMGP 1539",E,No,No,No,Yes, , , , ,,,SHELTER,,Risk Shelter Inventory,Critical Community and Emergency Facilities,Regionally Significant,RSI_PT_321,Jacksonville,St. Johns River Water Management District,FDEM,Risk Shelter Inventory - General - FDEM,,,,Northeast Florida,Northeast District,Northeast,2,17,4,Not Affected,Not Affected,Not Affected,Not Affected,Not Affected,Not Affected,Not Affected,Not Affected,Not Affected,Not Affected,Not Affected,Not Affected,Not Affected,Not Affected,Not Affected,Not Affected,Not Affected,Not Affected,Not Affected,Not Affected,Not Affected,643230.3478,697944.7797
322,322,Douglas Anderson School of the Arts,2445 San Diego Rd,Jacksonville,32202,Duval,-81.63899697,30.30014999,"-81.63899697, 30.30014999",17R MP 38555 52218,SHELTER,RISK,4,1962,13B Multipurpose,A,50 kW and 100 kW,0,0,0,0,0,0,101,2012,100, ,No,No,No,No,Yes, , , , ,,,SHELTER,,Risk Shelter Inventory,Critical Community and Emergency Facilities,Regionally Significant,RSI_PT_309,Jacksonville,St. Johns River Water Management District,FDEM,Risk Shelter Inventory - General - FDEM,,,,Northeast Florida,Northeast District,Northeast,2,12,5,Not Affected,Not Affected,Not Affected,Not Affected,Not Affected,Not Affected,Not Affected,Not Affected,Not Affected,Not Affected,Not Affected,Not Affected,Not Affected,Not Affected,Not Affected,Not Affected,Not Affected,Not Affected,Not Affected,Not Affected,Not Affected,626835.4238,701368.5967
323,323,Atlantic Coast HS,9735 R G Skinner Pkwy,Jacksonville,32256,Duval,-81.50634598,30.20280001,"-81.50634598, 30.20280001",17R MP 51263 41365,SHELTER,RISK,4,2010,5 Classroom,A, ,0,0,0,0,0,0,1081,21611,0, ,No,No,No,No,Yes, , , , ,,,SHELTER,,Risk Shelter Inventory,Critical Community and Emergency Facilities,Regionally Significant,RSI_PT_307,Jacksonville,St. Johns River Water Management District,FDEM,Risk Shelter Inventory - General - FDEM,,,,Northeast Florida,Northeast District,Northeast,2,17,4,Not Affected,Not Affected,Not Affected,Not Affected,Not Affected,Not Affected,Not Affected,Not Affected,Not Affected,Not Affected,Not Affected,Not Affected,Not Affected,Not Affected,Not Affected,Not Affected,Not Affected,Not Affected,Not Affected,Not Affected,Not Affected,639796.7749,690816.6915
324,324,Westview K-8,5270 Connie Jean Rd,Jacksonville,32210,Duval,-81.82229302,30.252472,"-81.82229302, 30.25247200",17R MP 20891 47047,SHELTER,RISK,4,2009,"North side of Cafeteria, Gym, & PMH wing",A, ,0,0,817,16340,0,0,817,16340,817,L,No,No,No,Yes,Yes, , , , ,,,SHELTER,,Risk Shelter Inventory,Critical Community and Emergency Facilities,Regionally Significant,RSI_PT_324,Jacksonville,St. Johns River Water Management District,FDEM,Risk Shelter Inventory - General - FDEM,,,,Northeast Florida,Northeast District,Northeast,2,15,5,Not Affected,Not Affected,Not Affected,Not Affected,Not Affected,Not Affected,Not Affected,Not Affected,Not Affected,Not Affected,Not Affected,Not Affected,Not Affected,Not Affected,Not Affected,Not Affected,Not Affected,Not Affected,Not Affected,Not Affected,Not Affected,609320.4505,695753.5878
325,325,Enterprise Academy,8085 Old Middleburg Road S,Jacksonville,32222,Duval,-81.82085603,30.19984798,"-81.82085603, 30.19984798",17R MP 20988 41215,SHELTER,RISK,4,1997,1A Cafeteria / Classroom,A,400 kW and 150 kW,0,0,0,0,0,0,1184,23680,0, ,No,No,No,No,Yes, , , , ,,,SHELTER,,Risk Shelter Inventory,Critical Community and Emergency Facilities,Regionally Significant,RSI_PT_325,Jacksonville,St. Johns River Water Management District,FDEM,Risk Shelter Inventory - General - FDEM,,,,Northeast Florida,Northeast District,Northeast,2,12,5,Not Affected,Not Affected,Not Affected,Not Affected,Not Affected,Not Affected,Not Affected,Not Affected,Not Affected,Not Affected,Not Affected,Not Affected,Not Affected,Not Affected,Not Affected,Not Affected,Not Affected,Not Affected,Not Affected,Not Affected,Not Affected,609561.771,689916.0534
326,326,Baldwin Community Center,275 US-301 N,Baldwin,32224,Duval,-81.97302998,30.30321001,"-81.97302998, 30.30321001",17R MP 06437 52785,SHELTER,RISK,4,2013,Main,A, ,0,0,0,0,0,0,97,1943,0, ,No,No,No,No,Yes, , , , ,,,SHELTER,,Risk Shelter Inventory,Critical Community and Emergency Facilities,Regionally Significant,RSI_PT_326,Baldwin,St. Johns River Water Management District,FDEM,Risk Shelter Inventory - General - FDEM,,,,Northeast Florida,Northeast District,Northeast,2,15,4,Not Affected,Not Affected,Not Affected,Not Affected,Not Affected,Not Affected,Not Affected,Not Affected,Not Affected,Not Affected,Not Affected,Not Affected,Not Affected,Not Affected,Not Affected,Not Affected,Not Affected,Not Affected,Not Affected,Not Affected,Not Affected,594740.4577,701137.1872
327,327,Douglas Anderson School of the Arts,2445 San Diego Rd,Jacksonville,32201,Duval,-81.63899697,30.30014999,"-81.63899697, 30.30014999",17R MP 38555 52218,SHELTER,RISK,4,1962,13A Auditorium,A,50 kW and 100 kW,0,0,0,0,0,0,374,7482,374, ,No,No,No,No,Yes, , , , ,,,SHELTER,,Risk Shelter Inventory,Critical Community and Emergency Facilities,Regionally Significant,RSI_PT_309,Jacksonville,St. Johns River Water Management District,FDEM,Risk Shelter Inventory - General - FDEM,,,,Northeast Florida,Northeast District,Northeast,2,12,5,Not Affected,Not Affected,Not Affected,Not Affected,Not Affected,Not Affected,Not Affected,Not Affected,Not Affected,Not Affected,Not Affected,Not Affected,Not Affected,Not Affected,Not Affected,Not Affected,Not Affected,Not Affected,Not Affected,Not Affected,Not Affected,626835.4238,701368.5967
328,328,Landmark MS,101 Kernan Blvd N,Jacksonville,32225,Duval,-81.48724798,30.32335101,"-81.48724798, 30.32335101",17R MP 53158 54716,SHELTER,RISK,4,1989,1F Classroom,A,100 kW for campus,0,0,0,0,0,0,920,18399,903,"S, F HMGP1300-104",No,No,No,No,Yes, ,Yes, , ,,,SHELTER,,Risk Shelter Inventory,Critical Community and Emergency Facilities,Regionally Significant,RSI_PT_308,Jacksonville,St. Johns River Water Management District,FDEM,Risk Shelter Inventory - General - FDEM,,,,Northeast Florida,Northeast District,Northeast,2,16,4,Not Affected,Not Affected,Not Affected,Not Affected,Not Affected,Not Affected,Not Affected,Not Affected,Not Affected,Not Affected,Not Affected,Not Affected,Not Affected,Not Affected,Not Affected,Not Affected,Not Affected,Not Affected,Not Affected,Not Affected,Not Affected,641360.4167,704231.1822
329,329,Atlantic Coast HS,9735 R G Skinner Pkwy,Jacksonville,32256,Duval,-81.50634598,30.20280001,"-81.50634598, 30.20280001",17R MP 51263 41365,SHELTER,RISK,4,2010,3 Classroom,A, ,0,0,0,0,0,0,1086,21725,0, ,No,No,No,No,Yes, ,Yes, , ,,,SHELTER,,Risk Shelter Inventory,Critical Community and Emergency Facilities,Regionally Significant,RSI_PT_307,Jacksonville,St. Johns River Water Management District,FDEM,Risk Shelter Inventory - General - FDEM,,,,Northeast Florida,Northeast District,Northeast,2,17,4,Not Affected,Not Affected,Not Affected,Not Affected,Not Affected,Not Affected,Not Affected,Not Affected,Not Affected,Not Affected,Not Affected,Not Affected,Not Affected,Not Affected,Not Affected,Not Affected,Not Affected,Not Affected,Not Affected,Not Affected,Not Affected,639796.7749,690816.6915
330,330,Arlington MS,8141 Lone Star Rd,Jacksonville,32211,Duval,-81.57003604,30.34025702,"-81.57003604, 30.34025702",17R MP 45209 56627,SHELTER,RISK,4,2005,1 Main,A, ,0,0,2517,50331,0,0,2517,50331,0,"F, S",No,No,No,Yes,Yes, , , , ,,,SHELTER,,Risk Shelter Inventory,Critical Community and Emergency Facilities,Regionally Significant,RSI_PT_318,Jacksonville,St. Johns River Water Management District,FDEM,Risk Shelter Inventory - General - FDEM,,,,Northeast Florida,Northeast District,Northeast,2,14,5,Not Affected,Not Affected,Not Affected,Not Affected,Not Affected,Not Affected,Not Affected,Not Affected,Not Affected,Not Affected,Not Affected,Not Affected,Not Affected,Not Affected,Not Affected,Not Affected,Not Affected,Not Affected,Not Affected,Not Affected,Not Affected,633372.3506,705947.7694
331,331,The Legends Center of Jacksonville,5130 Soutel Dr,Jacksonville,32208,Duval,-81.72721701,30.393925,"-81.72721701, 30.39392500",17R MP 30139 62661,SHELTER,RISK,4,2010,1A Gym,A,475 kW,0,0,406,8120,0,0,406,8120,478,"L, S, F HB7121",C,No,No,Yes,Yes, ,Yes, , ,,,SHELTER,,Risk Shelter Inventory,Critical Community and Emergency Facilities,Regionally Significant,RSI_PT_331,Jacksonville,St. Johns River Water Management District,FDEM,Risk Shelter Inventory - General - FDEM,,,,Northeast Florida,Northeast District,Northeast,2,13,5,Not Affected,Not Affected,Not Affected,Not Affected,Not Affected,Not Affected,Not Affected,Not Affected,Not Affected,Not Affected,Not Affected,Not Affected,Not Affected,Not Affected,Not Affected,Not Affected,Not Affected,Not Affected,Not Affected,Not Affected,Not Affected,618168.7766,711615.1458
332,332,Don Brewer ES,3385 Hartsfield Rd,Jacksonville,32277,Duval,-81.55801002,30.36025699,"-81.55801002, 30.36025699",17R MP 46376 58837,SHELTER,RISK,4,2001,1B (2nd floor) Classroom,A,100 kW,0,0,417,8344,0,0,417,8344,0, ,No,No,No,Yes,Yes, , , , ,,,SHELTER,,Risk Shelter Inventory,Critical Community and Emergency Facilities,Regionally Significant,RSI_PT_332,Jacksonville,St. Johns River Water Management District,FDEM,Risk Shelter Inventory - General - FDEM,,,,Northeast Florida,Northeast District,Northeast,2,14,5,Not Affected,Not Affected,Not Affected,Not Affected,Not Affected,Not Affected,Not Affected,Not Affected,Not Affected,Not Affected,Not Affected,Not Affected,Not Affected,Not Affected,Not Affected,Not Affected,Not Affected,Not Affected,Not Affected,Not Affected,Not Affected,634483.2185,708189.8309
333,516,Sebring HS,3514 Kenilworth Blvd,Sebring,33870,Highlands,-81.43135997,27.48608999,"-81.43135997, 27.48608999",17R ML 57387 40350,SHELTER,RISK,6,2008,13 Classroom,A, ,0,0,732,14637,0,0,732,14637,750,L,No,No,No,Yes,Yes, , , , ,,,SHELTER,,Risk Shelter Inventory,Critical Community and Emergency Facilities,Regionally Significant,RSI_PT_333,Sebring,Southwest Florida Water Management District,FDEM,Risk Shelter Inventory - General - FDEM,,,,Central Florida,South District,Southwest,1,83,29,Not Affected,Not Affected,Not Affected,Not Affected,Not Affected,Not Affected,Not Affected,Not Affected,Not Affected,Not Affected,Not Affected,Not Affected,Not Affected,Not Affected,Not Affected,Not Affected,Not Affected,Not Affected,Not Affected,Not Affected,Not Affected,653289.8779,389363.3578
334,517,Memorial ES,868 S Memorial Dr,Avon Park,33825,Highlands,-81.49401263,27.55044914,"-81.49401263, 27.55044914",17R ML 51227 47502,SHELTER,RISK,6,2007,2 Cafeteria,A, ,0,0,0,0,0,0,1082,21634,235,L,No,No,No,No,Yes, , , , ,,,SHELTER,,Risk Shelter Inventory,Critical Community and Emergency Facilities,Regionally Significant,RSI_PT_334,,Southwest Florida Water Management District,FDEM,Risk Shelter Inventory - General - FDEM,,,,Central Florida,South District,Southwest,1,83,29,Not Affected,Not Affected,Not Affected,Not Affected,Not Affected,Not Affected,Not Affected,Not Affected,Not Affected,Not Affected,Not Affected,Not Affected,Not Affected,Not Affected,Not Affected,Not Affected,Not Affected,Not Affected,Not Affected,Not Affected,Not Affected,646967.4219,396381.6366
335,518,South Florida State College,600 W College Dr,Avon Park,33825,Highlands,-81.50947997,27.56872998,"-81.50947997, 27.56872998",17R ML 49708 49533,SHELTER,RISK,6,0,A,A, ,0,0,0,0,0,0,459,9173,217,S-1395B,No,No,No,No,Yes, , , , ,,,SHELTER,,Risk Shelter Inventory,Critical Community and Emergency Facilities,Regionally Significant,RSI_PT_335,Avon Park,Southwest Florida Water Management District,FDEM,Risk Shelter Inventory - General - FDEM,,,,Central Florida,South District,Southwest,1,83,29,Not Affected,Not Affected,Not Affected,Not Affected,Not Affected,Not Affected,Not Affected,Not Affected,Not Affected,Not Affected,Not Affected,Not Affected,Not Affected,Not Affected,Not Affected,Medium,High,Medium,Medium,Medium,Medium,645402.3118,398380.3888
336,519,Avon Park HS,700 E Main St,Avon Park,33825,Highlands,-81.48868003,27.59375,"-81.48868003, 27.59375000",17R ML 51772 52296,SHELTER,RISK,6,2008,10 Classroom,A, ,0,0,538,10768,0,0,538,10768,0, ,No,No,No,Yes,Yes, , , , ,,,SHELTER,,Risk Shelter Inventory,Critical Community and Emergency Facilities,Regionally Significant,RSI_PT_336,Avon Park,Southwest Florida Water Management District,FDEM,Risk Shelter Inventory - General - FDEM,,,,Central Florida,South District,Southwest,1,83,29,Not Affected,Not Affected,Not Affected,Not Affected,Not Affected,Not Affected,Not Affected,Not Affected,Not Affected,Not Affected,Not Affected,Not Affected,Not Affected,Not Affected,Not Affected,Medium,Medium,Medium,Medium,Medium,Medium,647394.9637,401199.8104
337,520,Park ES,327 E Palmetto St,Avon Park,33825,Highlands,-81.49515002,27.60747,"-81.49515002, 27.60747000",17R ML 51139 53818,SHELTER,RISK,6,1990,1 Cafeteria,R, ,0,0,0,0,0,0,164,3280,0, ,No,No,No,No,Yes, , , , ,,,SHELTER,,Risk Shelter Inventory,Critical Community and Emergency Facilities,Regionally Significant,RSI_PT_337,Avon Park,Southwest Florida Water Management District,FDEM,Risk Shelter Inventory - General - FDEM,,,,Central Florida,South District,Southwest,1,83,29,Not Affected,Not Affected,Not Affected,Not Affected,Not Affected,Not Affected,Not Affected,Not Affected,Not Affected,Not Affected,Not Affected,Not Affected,Not Affected,Not Affected,Not Affected,Not Affected,Not Affected,Not Affected,Not Affected,Not Affected,Not Affected,646726.7341,402710.1223
338,521,Avon ES,705 Winthrop St,Avon Park,33825,Highlands,-81.51002999,27.60199,"-81.51002999, 27.60199000",17R ML 49669 53217,SHELTER,RISK,6,2002,9 Classroom,A, ,0,0,0,0,0,0,126,2518,0, ,No,No,No,No,Yes, , , , ,,,SHELTER,,Risk Shelter Inventory,Critical Community and Emergency Facilities,Regionally Significant,RSI_PT_338,Avon Park,Southwest Florida Water Management District,FDEM,Risk Shelter Inventory - General - FDEM,,,,Central Florida,South District,Southwest,1,83,29,Not Affected,Not Affected,Not Affected,Not Affected,Not Affected,Not Affected,Not Affected,Not Affected,Not Affected,Not Affected,Not Affected,Not Affected,Not Affected,Not Affected,Not Affected,Not Affected,Not Affected,Not Affected,Not Affected,Not Affected,Not Affected,645273.5494,402072.0145
339,522,Woodlawn ES,817 Woodlawn Dr,Sebring,33870,Highlands,-81.44395,27.50725002,"-81.44395000, 27.50725002",17R ML 56152 42698,SHELTER,RISK,6,2001,4 Classroom,A, ,0,0,0,0,0,0,84,1680,0, ,No,No,No,No,Yes, , , , ,,,SHELTER,,Risk Shelter Inventory,Critical Community and Emergency Facilities,Regionally Significant,RSI_PT_339,Sebring,Southwest Florida Water Management District,FDEM,Risk Shelter Inventory - General - FDEM,,,,Central Florida,South District,Southwest,1,83,29,Not Affected,Not Affected,Not Affected,Not Affected,Not Affected,Not Affected,Not Affected,Not Affected,Not Affected,Not Affected,Not Affected,Not Affected,Not Affected,Not Affected,Not Affected,Not Affected,Not Affected,Not Affected,Not Affected,Not Affected,Not Affected,651999.869,391686.7973
340,523,Avon Park MS,401 S Lake Ave,Avon Park,33825,Highlands,-81.50152002,27.59150998,"-81.50152002, 27.59150998",17R ML 50504 52053,SHELTER,RISK,6,2008,5 Classroom,A, ,0,0,587,11731,0,0,587,11731,670,L,No,No,No,Yes,Yes, , , , ,,,SHELTER,,Risk Shelter Inventory,Critical Community and Emergency Facilities,Regionally Significant,RSI_PT_340,Avon Park,Southwest Florida Water Management District,FDEM,Risk Shelter Inventory - General - FDEM,,,,Central Florida,South District,Southwest,1,83,29,Not Affected,Not Affected,Not Affected,Not Affected,Not Affected,Not Affected,Not Affected,Not Affected,Not Affected,Not Affected,Not Affected,Not Affected,Not Affected,Not Affected,Not Affected,Not Affected,Not Affected,Not Affected,Not Affected,Not Affected,Not Affected,646135.2851,400925.4163
341,524,Lake Placid MS,201 S Tangerine Ave,Lake Placid,33852,Highlands,-81.37364998,27.29642998,"-81.37364998, 27.29642998",17R ML 63025 19323,SHELTER,RISK,6,2009,9 ESE Classroom,A, ,0,0,233,4668,0,0,233,4668,0, ,No,No,No,Yes,Yes, , , , ,,,SHELTER,,Risk Shelter Inventory,Critical Community and Emergency Facilities,Regionally Significant,RSI_PT_341,Lake Placid,Southwest Florida Water Management District,FDEM,Risk Shelter Inventory - General - FDEM,,,,Central Florida,South District,Southwest,1,83,29,Not Affected,Not Affected,Not Affected,Not Affected,Not Affected,Not Affected,Not Affected,Not Affected,Not Affected,Not Affected,Not Affected,Not Affected,Not Affected,Not Affected,Not Affected,Not Affected,Not Affected,Not Affected,Not Affected,Not Affected,Not Affected,659428.2369,368427.556
342,525,Summerfield Crossings ES,11050 Fairway Meadows Drive,Riverview,33579,Hillsborough,-82.32297,27.79988598,"-82.32297000, 27.79988598",17R LL 69676 75736,SHELTER,RISK,7,2005,2 Classroom,A, ,0,0,610,12194,0,0,610,12194,300,"L, S",No,No,No,Yes,Yes, , , ,Yes,,,SHELTER,,Risk Shelter Inventory,Critical Community and Emergency Facilities,Regionally Significant,RSI_PT_342,,Southwest Florida Water Management District,FDEM,Risk Shelter Inventory - General - FDEM,,,,Tampa Bay,Southwest District,Southwest,7,69,20,Not Affected,Not Affected,Not Affected,Not Affected,Not Affected,Not Affected,Not Affected,Not Affected,Not Affected,Not Affected,Not Affected,Not Affected,Not Affected,Not Affected,Not Affected,Not Affected,Not Affected,Not Affected,Not Affected,Not Affected,Not Affected,564902.4737,422693.4931
343,526,Sessums ES,11525 Ramble Creek Dr,Riverview,33569,Hillsborough,-82.31936997,27.83315698,"-82.31936997, 27.83315698",17R LL 70070 79419,SHELTER,RISK,7,2003,2 Classroom,A, ,0,0,732,14642,0,0,732,14642,1050,"L, S",No,No,No,Yes,Yes, , , ,Yes,,,SHELTER,,Risk Shelter Inventory,Critical Community and Emergency Facilities,Regionally Significant,RSI_PT_343,,Southwest Florida Water Management District,FDEM,Risk Shelter Inventory - General - FDEM,,,,Tampa Bay,Southwest District,Southwest,7,69,20,Not Affected,Not Affected,Not Affected,Not Affected,Not Affected,Not Affected,Not Affected,Not Affected,Not Affected,Not Affected,Not Affected,Not Affected,Not Affected,Not Affected,Not Affected,Not Affected,Not Affected,Not Affected,Not Affected,Not Affected,Not Affected,565206.0879,426392.8145
344,527,Wilson ES,702 W. English St,Plant City,33563,Hillsborough,-82.12932599,28.02782501,"-82.12932599, 28.02782501",17R LM 88986 00798,SHELTER,RISK,7,1999,3 Classroom / Library,R, ,0,0,0,0,406,8116,406,8116,721,S-1435A-2003,No,No,No,No,Yes, , , ,Yes,,,SHELTER,,Risk Shelter Inventory,Critical Community and Emergency Facilities,Regionally Significant,RSI_PT_344,Plant City,Southwest Florida Water Management District,FDEM,Risk Shelter Inventory - General - FDEM,,,,Tampa Bay,Southwest District,Southwest,7,68,23,Not Affected,Not Affected,Not Affected,Not Affected,Not Affected,Not Affected,Not Affected,Not Affected,Not Affected,Not Affected,Not Affected,Not Affected,Not Affected,Not Affected,Not Affected,Not Affected,Not Affected,Not Affected,Not Affected,Not Affected,Not Affected,583558.1254,448278.1026
345,528,Carrollwood ES,3516 McFarland Rd,Tampa,33618,Hillsborough,-82.49933102,28.05246998,"-82.49933102, 28.05246998",17R LM 52644 03921,SHELTER,RISK,7,2004,18 Classroom,A, ,0,0,237,4733,0,0,237,4733,470, ,No,No,No,Yes,Yes, , , ,Yes,,,SHELTER,,Risk Shelter Inventory,Critical Community and Emergency Facilities,Regionally Significant,RSI_PT_345,,Southwest Florida Water Management District,FDEM,Risk Shelter Inventory - General - FDEM,,,,Tampa Bay,Southwest District,Southwest,7,66,14,Not Affected,Not Affected,Not Affected,Not Affected,Not Affected,Not Affected,Not Affected,Not Affected,Not Affected,Not Affected,Not Affected,Not Affected,Not Affected,Not Affected,Not Affected,Not Affected,Not Affected,Not Affected,Not Affected,Not Affected,Not Affected,547220.4366,450518.5659
346,529,Turner Bartles K-8 (Lower),9190 Imperial Oak Blvd,Tampa,33647,Hillsborough,-82.34776098,28.16709301,"-82.34776098, 28.16709301",17R LM 67682 16447,SHELTER,RISK,7,2003,7 Admin / Media,A, ,0,0,275,5506,0,0,275,5506,349, ,No,No,No,Yes,Yes, , , ,Yes,,,SHELTER,,Risk Shelter Inventory,Critical Community and Emergency Facilities,Regionally Significant,RSI_PT_346,,Southwest Florida Water Management District,FDEM,Risk Shelter Inventory - General - FDEM,,,,Tampa Bay,Southwest District,Southwest,7,67,23,Not Affected,Not Affected,Not Affected,Not Affected,Not Affected,Not Affected,Not Affected,Not Affected,Not Affected,Not Affected,Not Affected,Not Affected,Not Affected,Not Affected,Not Affected,Not Affected,Not Affected,Not Affected,Not Affected,Not Affected,Not Affected,561918.5407,463437.1215
347,530,Brandon HS,1101 Victoria St,Brandon,33510,Hillsborough,-82.29989403,27.944283,"-82.29989403, 27.94428300",17R LL 72119 91710,SHELTER,RISK,7,2006,2 Classroom,A, ,0,0,653,13053,0,0,653,13053,800,"L, S",No,No,No,Yes,Yes, , , ,Yes,,,SHELTER,,Risk Shelter Inventory,Critical Community and Emergency Facilities,Regionally Significant,RSI_PT_347,,Southwest Florida Water Management District,FDEM,Risk Shelter Inventory - General - FDEM,,,,Tampa Bay,Southwest District,Southwest,7,67,23,Not Affected,Not Affected,Not Affected,Not Affected,Not Affected,Not Affected,Not Affected,Not Affected,Not Affected,Not Affected,Not Affected,Not Affected,Not Affected,Not Affected,Not Affected,Not Affected,Not Affected,Not Affected,Not Affected,Not Affected,Not Affected,566950.317,438758.8826
348,531,Durant HS,4748 Cougar Path,Plant City,33567,Hillsborough,-82.17177203,27.88807898,"-82.17177203, 27.88807898",17R LL 84665 85356,SHELTER,RISK,7,1993,2 Classroom / Lab,R, ,0,0,0,0,409,8174,409,8174,302,HMGP,No,No,No,No,Yes, , , ,Yes,,,SHELTER,,Risk Shelter Inventory,Critical Community and Emergency Facilities,Regionally Significant,RSI_PT_348,,Southwest Florida Water Management District,FDEM,Risk Shelter Inventory - General - FDEM,,,,Tampa Bay,Southwest District,Southwest,7,68,20,Not Affected,Not Affected,Not Affected,Not Affected,Not Affected,Not Affected,Not Affected,Not Affected,Not Affected,Not Affected,Not Affected,Not Affected,Not Affected,Not Affected,Not Affected,Not Affected,Not Affected,Not Affected,Not Affected,Not Affected,Not Affected,579623.5357,432697.857
349,532,Symmes ES,6280 Watson Rd,Riverview,33578,Hillsborough,-82.30965199,27.88858299,"-82.30965199, 27.88858299",17R LL 71093 85549,SHELTER,RISK,7,2000,3 Classroom,A, ,0,0,0,0,0,0,583,11650,350, ,E,No,No,No,Yes, , , ,Yes,,,SHELTER,,Risk Shelter Inventory,Critical Community and Emergency Facilities,Regionally Significant,RSI_PT_349,,Southwest Florida Water Management District,FDEM,Risk Shelter Inventory - General - FDEM,,,,Tampa Bay,Southwest District,Southwest,7,69,20,Not Affected,Not Affected,Not Affected,Not Affected,Not Affected,Not Affected,Not Affected,Not Affected,Not Affected,Not Affected,Not Affected,Not Affected,Not Affected,Not Affected,Not Affected,Not Affected,Not Affected,Not Affected,Not Affected,Not Affected,Not Affected,566076.935,432560.5563
350,533,Pride ES,10310 Lions Den Dr,Tampa,33647,Hillsborough,-82.31856497,28.15778101,"-82.31856497, 28.15778101",17R LM 70538 15383,SHELTER,RISK,7,2006,6 Classroom,A, ,0,0,308,6161,0,0,308,6161,400,"L,S",No,No,No,Yes,Yes, , , ,Yes,,,SHELTER,,Risk Shelter Inventory,Critical Community and Emergency Facilities,Regionally Significant,RSI_PT_350,,Southwest Florida Water Management District,FDEM,Risk Shelter Inventory - General - FDEM,,,,Tampa Bay,Southwest District,Southwest,7,67,23,Not Affected,Not Affected,Not Affected,Not Affected,Not Affected,Not Affected,Not Affected,Not Affected,Not Affected,Not Affected,Not Affected,Not Affected,Not Affected,Not Affected,Not Affected,Not Affected,Not Affected,Not Affected,Not Affected,Not Affected,Not Affected,564793.6592,462441.7334
351,534,Newsome HS,16550 Fish Hawk Blvd,Lithia,33547,Hillsborough,-82.20517098,27.85933098,"-82.20517098, 27.85933098",17R LL 81346 82203,SHELTER,RISK,7,2003,7 Gym,A, ,0,0,692,13841,0,0,692,13841,529,"L, S",No,No,No,Yes,Yes, , , ,Yes,,,SHELTER,,Risk Shelter Inventory,Critical Community and Emergency Facilities,Regionally Significant,RSI_PT_351,,Southwest Florida Water Management District,FDEM,Risk Shelter Inventory - General - FDEM,,,,Tampa Bay,Southwest District,Southwest,7,69,20,Not Affected,Not Affected,Not Affected,Not Affected,Not Affected,Not Affected,Not Affected,Not Affected,Not Affected,Not Affected,Not Affected,Not Affected,Not Affected,Not Affected,Not Affected,Not Affected,Not Affected,Not Affected,Not Affected,Not Affected,Not Affected,576388.7861,429457.4124
352,535,Hammonds ES,8008 N. Mobley RD,Odessa,33556,Hillsborough,-82.57467603,28.11371801,"-82.57467603, 28.11371801",17R LM 45325 10801,SHELTER,RISK,7,2005,5 Cafeteria,A, ,0,0,0,0,0,0,162,3233,0,"L, S",No,No,No,No,Yes, , , ,Yes,,,SHELTER,,Risk Shelter Inventory,Critical Community and Emergency Facilities,Regionally Significant,RSI_PT_352,,Southwest Florida Water Management District,FDEM,Risk Shelter Inventory - General - FDEM,,,,Tampa Bay,Southwest District,Southwest,7,66,14,Not Affected,Not Affected,Not Affected,Not Affected,Not Affected,Not Affected,Not Affected,Not Affected,Not Affected,Not Affected,Not Affected,Not Affected,Not Affected,Not Affected,Not Affected,Not Affected,Not Affected,Not Affected,Not Affected,Not Affected,Not Affected,539750.5689,457232.3863
353,536,Eisenhower MS,7620 Old Big Bend Rd,Gibsonton,33534,Hillsborough,-82.36483299,27.793109,"-82.36483299, 27.79310900",17R LL 65543 75031,SHELTER,RISK,7,2003,5 Gym,R, ,0,0,479,9576,479,9576,479,9576,485,"L, S",E,No,No,Yes,Yes, , , ,Yes,,,SHELTER,,Risk Shelter Inventory,Critical Community and Emergency Facilities,Regionally Significant,RSI_PT_353,,Southwest Florida Water Management District,FDEM,Risk Shelter Inventory - General - FDEM,,,,Tampa Bay,Southwest District,Southwest,7,62,16,Not Affected,Not Affected,Not Affected,Not Affected,Not Affected,Not Affected,Not Affected,Not Affected,Not Affected,Not Affected,Not Affected,Not Affected,Not Affected,Not Affected,Not Affected,Not Affected,Not Affected,Not Affected,Not Affected,Not Affected,Not Affected,560796.3061,421885.6748
354,537,Freedom HS,17410 Commerce Park Blvd,Tampa,33647,Hillsborough,-82.38178777,28.13342805,"-82.38178777, 28.13342805",17R LM 64299 12754,SHELTER,RISK,7,2000,10 Gym,R, ,0,0,0,0,741,14821,741,14821,0,S-1467-2004,No,No,No,No,Yes, , , ,Yes,,,SHELTER,,Risk Shelter Inventory,Critical Community and Emergency Facilities,Regionally Significant,RSI_PT_354,Tampa,Southwest Florida Water Management District,FDEM,Risk Shelter Inventory - General - FDEM,,,,Tampa Bay,Southwest District,Southwest,7,67,14,Not Affected,Not Affected,Not Affected,Not Affected,Not Affected,Not Affected,Not Affected,Not Affected,Not Affected,Not Affected,Not Affected,Not Affected,Not Affected,Not Affected,Not Affected,Not Affected,Not Affected,Not Affected,Not Affected,Not Affected,Not Affected,558633.1876,459654.5119
355,538,Mulrennan MS,4215 Durant Rd,Valrico,33596,Hillsborough,-82.22908002,27.90758199,"-82.22908002, 27.90758199",17R LL 79045 87572,SHELTER,RISK,7,2003,2 Classroom,A, ,0,0,543,10868,0,0,543,10868,750,"L, S",No,No,No,Yes,Yes, , , ,Yes,,,SHELTER,,Risk Shelter Inventory,Critical Community and Emergency Facilities,Regionally Significant,RSI_PT_355,,Southwest Florida Water Management District,FDEM,Risk Shelter Inventory - General - FDEM,,,,Tampa Bay,Southwest District,Southwest,7,68,20,Not Affected,Not Affected,Not Affected,Not Affected,Not Affected,Not Affected,Not Affected,Not Affected,Not Affected,Not Affected,Not Affected,Not Affected,Not Affected,Not Affected,Not Affected,Not Affected,Not Affected,Not Affected,Not Affected,Not Affected,Not Affected,573962.311,434781.3571
356,539,Smith MS,14303 Citrus Pointe Dr,Tampa,33625,Hillsborough,-82.57390398,28.076835,"-82.57390398, 28.07683500",17R LM 45348 06713,SHELTER,RISK,7,2005,4 Classroom,A, ,0,0,1599,31989,0,0,1599,31989,675,"L,S",No,No,No,Yes,Yes, ,Yes, ,Yes,,,SHELTER,,Risk Shelter Inventory,Critical Community and Emergency Facilities,Regionally Significant,RSI_PT_356,,Southwest Florida Water Management District,FDEM,Risk Shelter Inventory - General - FDEM,,,,Tampa Bay,Southwest District,Southwest,7,66,14,Not Affected,Not Affected,Not Affected,Not Affected,Not Affected,Not Affected,Not Affected,Not Affected,Not Affected,Not Affected,Not Affected,Not Affected,Not Affected,Not Affected,Not Affected,Not Affected,Not Affected,Not Affected,Not Affected,Not Affected,Not Affected,539873.6334,453137.4481
357,540,Shields MS,15732 Beth Shields Way,Ruskin,33573,Hillsborough,-82.36952703,27.739784,"-82.36952703, 27.73978400",17R LL 65015 69128,SHELTER,RISK,7,2006,6 Classroom,A, ,0,0,390,7791,0,0,390,7791,540,"L, S",No,No,No,Yes,Yes, ,Yes, ,Yes,,,SHELTER,,Risk Shelter Inventory,Critical Community and Emergency Facilities,Regionally Significant,RSI_PT_357,,Southwest Florida Water Management District,FDEM,Risk Shelter Inventory - General - FDEM,,,,Tampa Bay,Southwest District,Southwest,7,70,16,Not Affected,Not Affected,Not Affected,Not Affected,Not Affected,Not Affected,Not Affected,Not Affected,Not Affected,Not Affected,Not Affected,Not Affected,Not Affected,Not Affected,Not Affected,Not Affected,Not Affected,Not Affected,Not Affected,Not Affected,Not Affected,560413.0361,415958.2234
358,541,Martinez MS,5601 Lutz Lake Fern Rd,Lutz,33558,Hillsborough,-82.532706,28.16115799,"-82.53270600, 28.16115799",17R LM 49515 16004,SHELTER,RISK,7,2000,3 Classroom,R, ,0,0,0,0,848,16953,848,16953,948,S-1467-2004,No,No,No,No,Yes, , , ,Yes,,,SHELTER,,Risk Shelter Inventory,Critical Community and Emergency Facilities,Regionally Significant,RSI_PT_358,,Southwest Florida Water Management District,FDEM,Risk Shelter Inventory - General - FDEM,,,,Tampa Bay,Southwest District,Southwest,7,66,14,Not Affected,Not Affected,Not Affected,Not Affected,Not Affected,Not Affected,Not Affected,Not Affected,Not Affected,Not Affected,Not Affected,Not Affected,Not Affected,Not Affected,Not Affected,Not Affected,Not Affected,Not Affected,Not Affected,Not Affected,Not Affected,543802.7797,462548.7935
359,542,Doby ES,6720 Covington Garden Dr,Apollo Beach,33572,Hillsborough,-82.368688,27.78070102,"-82.36868800, 27.78070102",17R LL 65148 73660,SHELTER,RISK,7,2005,2 Classroom,A, ,0,0,736,14729,0,0,736,14729,800,"L, S",E,No,No,Yes,Yes, , , ,Yes,,,SHELTER,,Risk Shelter Inventory,Critical Community and Emergency Facilities,Regionally Significant,RSI_PT_359,,Southwest Florida Water Management District,FDEM,Risk Shelter Inventory - General - FDEM,,,,Tampa Bay,Southwest District,Southwest,7,70,16,Not Affected,Not Affected,Not Affected,Not Affected,Not Affected,Not Affected,Not Affected,Not Affected,Not Affected,Not Affected,Not Affected,Not Affected,Not Affected,Not Affected,Not Affected,Not Affected,Not Affected,Not Affected,Not Affected,Not Affected,Not Affected,560435.4693,420502.8367
360,543,Whitley Bowers Career Center,13609 N. 22nd St,Tampa,33613,Hillsborough,-82.43162603,28.07099499,"-82.43162603, 28.07099499",17R LM 59323 05894,SHELTER,RISK,7,0,7 Main,A, ,0,0,275,5500,0,0,275,5500,275,"L, S",No,No,No,Yes,Yes, , , ,Yes,,,SHELTER,,Risk Shelter Inventory,Critical Community and Emergency Facilities,Regionally Significant,RSI_PT_360,,Southwest Florida Water Management District,FDEM,Risk Shelter Inventory - General - FDEM,,,,Tampa Bay,Southwest District,Southwest,7,67,16,Not Affected,Not Affected,Not Affected,Not Affected,Not Affected,Not Affected,Not Affected,Not Affected,Not Affected,Not Affected,Not Affected,Not Affected,Not Affected,Not Affected,Not Affected,Not Affected,Not Affected,Not Affected,Not Affected,Not Affected,Not Affected,553835.9976,452658.3661
361,544,McKitrick ES,5503 Lutz Lake Fern Rd,Lutz,33558,Hillsborough,-82.53012404,28.15650302,"-82.53012404, 28.15650302",17R LM 49762 15485,SHELTER,RISK,7,2000,3 Classroom / ESE,A, ,0,0,568,11352,0,0,568,11352,725,"L, S",No,No,No,Yes,Yes, , , ,Yes,,,SHELTER,,Risk Shelter Inventory,Critical Community and Emergency Facilities,Regionally Significant,RSI_PT_361,,Southwest Florida Water Management District,FDEM,Risk Shelter Inventory - General - FDEM,,,,Tampa Bay,Southwest District,Southwest,7,66,14,Not Affected,Not Affected,Not Affected,Not Affected,Not Affected,Not Affected,Not Affected,Not Affected,Not Affected,Not Affected,Not Affected,Not Affected,Not Affected,Not Affected,Not Affected,Not Affected,Not Affected,Not Affected,Not Affected,Not Affected,Not Affected,544061.9759,462034.8784
362,545,Reddick ES,325 West Lake Dr,Wimauma,33598,Hillsborough,-82.32066598,27.718031,"-82.32066598, 27.71803100",17R LL 69805 66665,SHELTER,RISK,7,2006,2 Classroom,A, ,0,0,831,16619,0,0,831,16619,675,"L, S",No,No,No,Yes,Yes, , , ,Yes,,,SHELTER,,Risk Shelter Inventory,Critical Community and Emergency Facilities,Regionally Significant,RSI_PT_362,,Southwest Florida Water Management District,FDEM,Risk Shelter Inventory - General - FDEM,,,,Tampa Bay,Southwest District,Southwest,7,70,20,Not Affected,Not Affected,Not Affected,Not Affected,Not Affected,Not Affected,Not Affected,Not Affected,Not Affected,Not Affected,Not Affected,Not Affected,Not Affected,Not Affected,Not Affected,Not Affected,Not Affected,Not Affected,Not Affected,Not Affected,Not Affected,565252.8027,413607.2563
363,546,Lockhart ES,3719 N. 17th St,Tampa,33610,Hillsborough,-82.43951298,27.979251,"-82.43951298, 27.97925100",17R LL 58427 95738,SHELTER,RISK,7,1994,5 Classroom,R, ,0,0,0,0,585,11700,585,11700,408,S-1435A-2003,No,No,No,No,Yes, , , , ,,,SHELTER,,Risk Shelter Inventory,Critical Community and Emergency Facilities,Regionally Significant,RSI_PT_363,Tampa,Southwest Florida Water Management District,FDEM,Risk Shelter Inventory - General - FDEM,,,,Tampa Bay,Southwest District,Southwest,7,63,16,Not Affected,Not Affected,Not Affected,Not Affected,Not Affected,Not Affected,Not Affected,Not Affected,Not Affected,Not Affected,Not Affected,Not Affected,Not Affected,Not Affected,Not Affected,Not Affected,Not Affected,Not Affected,Not Affected,Not Affected,Not Affected,553191.3668,442460.6799
364,547,Hammonds ES,8008 N. Mobley RD,Odessa,33556,Hillsborough,-82.57467603,28.11371801,"-82.57467603, 28.11371801",17R LM 45325 10801,SHELTER,RISK,7,2005,3 Classroom,A, ,0,0,0,0,0,0,455,9104,0,"L, S",No,No,No,No,Yes, , , ,Yes,,,SHELTER,,Risk Shelter Inventory,Critical Community and Emergency Facilities,Regionally Significant,RSI_PT_352,,Southwest Florida Water Management District,FDEM,Risk Shelter Inventory - General - FDEM,,,,Tampa Bay,Southwest District,Southwest,7,66,14,Not Affected,Not Affected,Not Affected,Not Affected,Not Affected,Not Affected,Not Affected,Not Affected,Not Affected,Not Affected,Not Affected,Not Affected,Not Affected,Not Affected,Not Affected,Not Affected,Not Affected,Not Affected,Not Affected,Not Affected,Not Affected,539750.5689,457232.3863
365,548,Marshall MS,18 S. Maryland Ave,Plant City,33563,Hillsborough,-82.10811198,28.01632399,"-82.10811198, 28.01632399",17R LL 91060 99505,SHELTER,RISK,7,1995,7 Gym,R, ,0,0,0,0,509,10186,509,10186,225,S-1523,No,No,No,No,Yes, , , , ,,,SHELTER,,Risk Shelter Inventory,Critical Community and Emergency Facilities,Regionally Significant,RSI_PT_365,Plant City,Southwest Florida Water Management District,FDEM,Risk Shelter Inventory - General - FDEM,,,,Tampa Bay,Southwest District,Southwest,7,68,23,Not Affected,Not Affected,Not Affected,Not Affected,Not Affected,Not Affected,Not Affected,Not Affected,Not Affected,Not Affected,Not Affected,Not Affected,Not Affected,Not Affected,Not Affected,Not Affected,Not Affected,Not Affected,Not Affected,Not Affected,Not Affected,585659.1625,447032.757
366,549,Pride ES,10310 Lions Den Dr,Tampa,33647,Hillsborough,-82.31856497,28.15778101,"-82.31856497, 28.15778101",17R LM 70538 15383,SHELTER,RISK,7,1999,3 Classroom,A, ,0,0,663,13257,0,0,663,13257,557,"L, S",No,No,No,Yes,Yes, , , , ,,,SHELTER,,Risk Shelter Inventory,Critical Community and Emergency Facilities,Regionally Significant,RSI_PT_350,,Southwest Florida Water Management District,FDEM,Risk Shelter Inventory - General - FDEM,,,,Tampa Bay,Southwest District,Southwest,7,67,23,Not Affected,Not Affected,Not Affected,Not Affected,Not Affected,Not Affected,Not Affected,Not Affected,Not Affected,Not Affected,Not Affected,Not Affected,Not Affected,Not Affected,Not Affected,Not Affected,Not Affected,Not Affected,Not Affected,Not Affected,Not Affected,564793.6592,462441.7334
367,550,Nelson ES,5413 Durant Rd,Dover,33527,Hillsborough,-82.20435903,27.907785,"-82.20435903, 27.90778500",17R LL 81478 87570,SHELTER,RISK,7,2006,5 Classroom,A, ,0,0,408,8162,0,0,408,8162,540,"L, S",No,No,No,Yes,Yes, , , ,Yes,,,SHELTER,,Risk Shelter Inventory,Critical Community and Emergency Facilities,Regionally Significant,RSI_PT_367,,Southwest Florida Water Management District,FDEM,Risk Shelter Inventory - General - FDEM,,,,Tampa Bay,Southwest District,Southwest,7,68,20,Not Affected,Not Affected,Not Affected,Not Affected,Not Affected,Not Affected,Not Affected,Not Affected,Not Affected,Not Affected,Not Affected,Not Affected,Not Affected,Not Affected,Not Affected,Not Affected,Not Affected,Not Affected,Not Affected,Not Affected,Not Affected,576390.2235,434839.0177
368,551,FishHawk Creek ES,16815 Dorman Rd,Lithia,33547,Hillsborough,-82.21911402,27.84179499,"-82.21911402, 27.84179499",17R LL 79953 80273,SHELTER,RISK,7,2003,3 Classroom,A, ,0,0,889,17770,0,0,889,17770,725,"L, S",No,No,No,Yes,Yes, , , ,Yes,,,SHELTER,,Risk Shelter Inventory,Critical Community and Emergency Facilities,Regionally Significant,RSI_PT_368,,Southwest Florida Water Management District,FDEM,Risk Shelter Inventory - General - FDEM,,,,Tampa Bay,Southwest District,Southwest,7,69,20,Not Affected,Not Affected,Not Affected,Not Affected,Not Affected,Not Affected,Not Affected,Not Affected,Not Affected,Not Affected,Not Affected,Not Affected,Not Affected,Not Affected,Not Affected,Not Affected,Not Affected,Not Affected,Not Affected,Not Affected,Not Affected,575046.7374,427490.315
369,552,Bloomingdale HS,1700 E. Bloomingdale Ave,Valrico,33594,Hillsborough,-82.25494197,27.89496602,"-82.25494197, 27.89496602",17R LL 76485 86200,SHELTER,RISK,7,1998,13 Classroom,R, ,0,0,0,0,644,12871,644,12871,828,S-1523,No,No,No,No,Yes, , , ,Yes,,,SHELTER,,Risk Shelter Inventory,Critical Community and Emergency Facilities,Regionally Significant,RSI_PT_369,,Southwest Florida Water Management District,FDEM,Risk Shelter Inventory - General - FDEM,,,,Tampa Bay,Southwest District,Southwest,7,69,20,Not Affected,Not Affected,Not Affected,Not Affected,Not Affected,Not Affected,Not Affected,Not Affected,Not Affected,Not Affected,Not Affected,Not Affected,Not Affected,Not Affected,Not Affected,Not Affected,Not Affected,Not Affected,Not Affected,Not Affected,Not Affected,571441.8186,433344.2216
370,553,Summerfield Crossings ES,11050 Fairway Meadows Drive,Riverview,33579,Hillsborough,-82.32297,27.79988598,"-82.32297000, 27.79988598",17R LL 69676 75736,SHELTER,RISK,7,2005,6 Classroom,A, ,0,0,348,6969,0,0,348,6969,300,"L, S",No,No,No,Yes,Yes, , , ,Yes,,,SHELTER,,Risk Shelter Inventory,Critical Community and Emergency Facilities,Regionally Significant,RSI_PT_342,,Southwest Florida Water Management District,FDEM,Risk Shelter Inventory - General - FDEM,,,,Tampa Bay,Southwest District,Southwest,7,69,20,Not Affected,Not Affected,Not Affected,Not Affected,Not Affected,Not Affected,Not Affected,Not Affected,Not Affected,Not Affected,Not Affected,Not Affected,Not Affected,Not Affected,Not Affected,Not Affected,Not Affected,Not Affected,Not Affected,Not Affected,Not Affected,564902.4737,422693.4931
371,554,Chiles ES,16541 Tampa Palms Blvd,Tampa,33647,Hillsborough,-82.39207099,28.11365201,"-82.39207099, 28.11365201",17R LM 63264 10575,SHELTER,RISK,7,2000,3 Classroom,A, ,0,0,586,11714,0,0,586,11714,729,"L, S",No,No,No,Yes,Yes, , , ,Yes,,,SHELTER,,Risk Shelter Inventory,Critical Community and Emergency Facilities,Regionally Significant,RSI_PT_371,Tampa,Southwest Florida Water Management District,FDEM,Risk Shelter Inventory - General - FDEM,,,,Tampa Bay,Southwest District,Southwest,7,67,14,Not Affected,Not Affected,Not Affected,Not Affected,Not Affected,Not Affected,Not Affected,Not Affected,Not Affected,Not Affected,Not Affected,Not Affected,Not Affected,Not Affected,Not Affected,Not Affected,Not Affected,Not Affected,Not Affected,Not Affected,Not Affected,557653.8184,457445.2558
372,555,Randall MS,16510 Fish Hawk Blvd,Lithia,33547,Hillsborough,-82.20683102,27.85650498,"-82.20683102, 27.85650498",17R LL 81179 81891,SHELTER,RISK,7,1999,3 Cafeteria,R, ,0,0,0,0,234,4687,234,4687,406,HMGP,No,No,No,No,Yes, , , ,Yes,,,SHELTER,,Risk Shelter Inventory,Critical Community and Emergency Facilities,Regionally Significant,RSI_PT_372,,Southwest Florida Water Management District,FDEM,Risk Shelter Inventory - General - FDEM,,,,Tampa Bay,Southwest District,Southwest,7,69,20,Not Affected,Not Affected,Not Affected,Not Affected,Not Affected,Not Affected,Not Affected,Not Affected,Not Affected,Not Affected,Not Affected,Not Affected,Not Affected,Not Affected,Not Affected,Not Affected,Not Affected,Not Affected,Not Affected,Not Affected,Not Affected,576230.2193,429141.2344
373,556,Jennnings MS,9325 Govenor's Run Dr,Seffner,33584,Hillsborough,-82.32788104,28.026214,"-82.32788104, 28.02621400",17R LM 69464 00817,SHELTER,RISK,7,2003,3 Classroom,A, ,0,0,826,16516,0,0,826,16516,1025,"L, S",E,5,No,Yes,Yes, , , ,Yes,,,SHELTER,,Risk Shelter Inventory,Critical Community and Emergency Facilities,Regionally Significant,RSI_PT_373,,Southwest Florida Water Management District,FDEM,Risk Shelter Inventory - General - FDEM,,,,Tampa Bay,Southwest District,Southwest,7,67,23,Not Affected,Not Affected,Not Affected,Not Affected,Not Affected,Not Affected,Not Affected,Not Affected,Not Affected,Not Affected,Not Affected,Not Affected,Not Affected,Not Affected,Not Affected,Not Affected,Not Affected,Not Affected,Not Affected,Not Affected,Not Affected,564078.7892,447819.3359
374,557,Shields MS,15732 Beth Shields Way,Ruskin,33573,Hillsborough,-82.36952703,27.739784,"-82.36952703, 27.73978400",17R LL 65015 69128,SHELTER,RISK,7,2003,3 Classroom,A, ,0,0,668,13368,0,0,668,13368,1025,"L, S",No,No,No,Yes,Yes, , , ,Yes,,,SHELTER,,Risk Shelter Inventory,Critical Community and Emergency Facilities,Regionally Significant,RSI_PT_357,,Southwest Florida Water Management District,FDEM,Risk Shelter Inventory - General - FDEM,,,,Tampa Bay,Southwest District,Southwest,7,70,16,Not Affected,Not Affected,Not Affected,Not Affected,Not Affected,Not Affected,Not Affected,Not Affected,Not Affected,Not Affected,Not Affected,Not Affected,Not Affected,Not Affected,Not Affected,Not Affected,Not Affected,Not Affected,Not Affected,Not Affected,Not Affected,560413.0361,415958.2234
375,558,Turner Bartles K-8 (Upper),9020 Imperial Oak Blvd,Tampa,33647,Hillsborough,-82.35073002,28.16883301,"-82.35073002, 28.16883301",17R LM 67393 16643,SHELTER,RISK,7,2003,4 Classroom,A, ,0,0,831,16620,0,0,831,16620,900,"L, S",No,No,No,Yes,Yes, , , ,Yes,,,SHELTER,,Risk Shelter Inventory,Critical Community and Emergency Facilities,Regionally Significant,RSI_PT_375,,Southwest Florida Water Management District,FDEM,Risk Shelter Inventory - General - FDEM,,,,Tampa Bay,Southwest District,Southwest,7,67,23,Not Affected,Not Affected,Not Affected,Not Affected,Not Affected,Not Affected,Not Affected,Not Affected,Not Affected,Not Affected,Not Affected,Not Affected,Not Affected,Not Affected,Not Affected,Not Affected,Not Affected,Not Affected,Not Affected,Not Affected,Not Affected,561625.0095,463626.4476
376,559,Barrington MS,5925 Village Center Drive,Lithia,33547,Hillsborough,-82.25674198,27.84819801,"-82.25674198, 27.84819801",17R LL 76255 81020,SHELTER,RISK,7,2005,2 Gym,A, ,0,0,464,9274,0,0,464,9274,1500,"L, S",No,No,No,Yes,Yes, , , ,Yes,,,SHELTER,,Risk Shelter Inventory,Critical Community and Emergency Facilities,Regionally Significant,RSI_PT_376,,Southwest Florida Water Management District,FDEM,Risk Shelter Inventory - General - FDEM,,,,Tampa Bay,Southwest District,Southwest,7,69,20,Not Affected,Not Affected,Not Affected,Not Affected,Not Affected,Not Affected,Not Affected,Not Affected,Not Affected,Not Affected,Not Affected,Not Affected,Not Affected,Not Affected,Not Affected,Not Affected,Not Affected,Not Affected,Not Affected,Not Affected,Not Affected,571338.4097,428148.4722
377,560,Stowers ES,13915 Barrington Stowers Dr,Lithia,33547,Hillsborough,-82.25858499,27.84926,"-82.25858499, 27.84926000",17R LL 76075 81140,SHELTER,RISK,7,2005,3 Classroom,A, ,0,0,1331,26627,0,0,1331,26627,1250,"L, S",No,No,No,Yes,Yes, , , ,Yes,,,SHELTER,,Risk Shelter Inventory,Critical Community and Emergency Facilities,Regionally Significant,RSI_PT_377,,Southwest Florida Water Management District,FDEM,Risk Shelter Inventory - General - FDEM,,,,Tampa Bay,Southwest District,Southwest,7,69,20,Not Affected,Not Affected,Not Affected,Not Affected,Not Affected,Not Affected,Not Affected,Not Affected,Not Affected,Not Affected,Not Affected,Not Affected,Not Affected,Not Affected,Not Affected,Not Affected,Not Affected,Not Affected,Not Affected,Not Affected,Not Affected,571155.6134,428263.8385
378,561,Nelson ES,5413 Durant Rd,Dover,33527,Hillsborough,-82.20435903,27.907785,"-82.20435903, 27.90778500",17R LL 81478 87570,SHELTER,RISK,7,2003,2 Classroom,A, ,0,0,533,10658,0,0,533,10658,805,"L, S",No,No,No,Yes,Yes, , , ,Yes,,,SHELTER,,Risk Shelter Inventory,Critical Community and Emergency Facilities,Regionally Significant,RSI_PT_367,,Southwest Florida Water Management District,FDEM,Risk Shelter Inventory - General - FDEM,,,,Tampa Bay,Southwest District,Southwest,7,68,20,Not Affected,Not Affected,Not Affected,Not Affected,Not Affected,Not Affected,Not Affected,Not Affected,Not Affected,Not Affected,Not Affected,Not Affected,Not Affected,Not Affected,Not Affected,Not Affected,Not Affected,Not Affected,Not Affected,Not Affected,Not Affected,576390.2235,434839.0177
379,562,Oak Park ES,2716 N 46th St,Tampa,33605,Hillsborough,-82.40710897,27.96755698,"-82.40710897, 27.96755698",17R LL 61600 94405,SHELTER,RISK,7,2004,3 Classroom,A, ,0,0,636,12712,0,0,636,12712,333,"L, S",E,5,No,Yes,Yes, , , , ,,,SHELTER,,Risk Shelter Inventory,Critical Community and Emergency Facilities,Regionally Significant,RSI_PT_379,Tampa,Southwest Florida Water Management District,FDEM,Risk Shelter Inventory - General - FDEM,,,,Tampa Bay,Southwest District,Southwest,7,63,16,Not Affected,Not Affected,Not Affected,Not Affected,Not Affected,Not Affected,Not Affected,Not Affected,Not Affected,Not Affected,Not Affected,Not Affected,Not Affected,Not Affected,Not Affected,Not Affected,Not Affected,Not Affected,Not Affected,Not Affected,Not Affected,556389.035,441202.781
380,563,Burnett MS,1010 N. Kingsway Rd,Seffner,33584,Hillsborough,-82.27842001,28.00839802,"-82.27842001, 28.00839802",17R LL 74306 98791,SHELTER,RISK,7,1994,2 Cafeteria / Music,R, ,0,0,0,0,482,9633,482,9633,443,HMGP,No,No,No,No,Yes, , , ,Yes,,,SHELTER,,Risk Shelter Inventory,Critical Community and Emergency Facilities,Regionally Significant,RSI_PT_380,,Southwest Florida Water Management District,FDEM,Risk Shelter Inventory - General - FDEM,,,,Tampa Bay,Southwest District,Southwest,7,68,23,Not Affected,Not Affected,Not Affected,Not Affected,Not Affected,Not Affected,Not Affected,Not Affected,Not Affected,Not Affected,Not Affected,Not Affected,Not Affected,Not Affected,Not Affected,Medium,Medium,Medium,Medium,Medium,Medium,568959.5256,445907.7488
381,564,Durant HS,4748 Cougar Path,Plant City,33567,Hillsborough,-82.17177203,27.88807898,"-82.17177203, 27.88807898",17R LL 84665 85356,SHELTER,RISK,7,2006,5 Classroom,R, ,0,0,0,0,733,14658,733,14658,302,HMGP,No,No,No,No,Yes, , , , ,,,SHELTER,,Risk Shelter Inventory,Critical Community and Emergency Facilities,Regionally Significant,RSI_PT_348,,Southwest Florida Water Management District,FDEM,Risk Shelter Inventory - General - FDEM,,,,Tampa Bay,Southwest District,Southwest,7,68,20,Not Affected,Not Affected,Not Affected,Not Affected,Not Affected,Not Affected,Not Affected,Not Affected,Not Affected,Not Affected,Not Affected,Not Affected,Not Affected,Not Affected,Not Affected,Not Affected,Not Affected,Not Affected,Not Affected,Not Affected,Not Affected,579623.5357,432697.857
382,565,Durant HS,4748 Cougar Path,Plant City,33567,Hillsborough,-82.17177203,27.88807898,"-82.17177203, 27.88807898",17R LL 84665 85356,SHELTER,RISK,7,1993,4 Cafeteria,R, ,0,0,0,0,400,7993,400,7993,302,HMGP,No,No,No,No,Yes, , , ,Yes,,,SHELTER,,Risk Shelter Inventory,Critical Community and Emergency Facilities,Regionally Significant,RSI_PT_348,,Southwest Florida Water Management District,FDEM,Risk Shelter Inventory - General - FDEM,,,,Tampa Bay,Southwest District,Southwest,7,68,20,Not Affected,Not Affected,Not Affected,Not Affected,Not Affected,Not Affected,Not Affected,Not Affected,Not Affected,Not Affected,Not Affected,Not Affected,Not Affected,Not Affected,Not Affected,Not Affected,Not Affected,Not Affected,Not Affected,Not Affected,Not Affected,579623.5357,432697.857
383,566,Steinbrenner HS,5575 W Lutz Lake Fern Rd,Lutz,33558,Hillsborough,-82.53311998,28.157592,"-82.53311998, 28.15759200",17R LM 49469 15610,SHELTER,RISK,7,2005,4 Cafeteria,A, ,0,0,1537,30748,0,0,1537,30748,1500,"L, S",No,No,No,Yes,Yes, , , ,Yes,,,SHELTER,,Risk Shelter Inventory,Critical Community and Emergency Facilities,Regionally Significant,RSI_PT_383,,Southwest Florida Water Management District,FDEM,Risk Shelter Inventory - General - FDEM,,,,Tampa Bay,Southwest District,Southwest,7,66,14,Not Affected,Not Affected,Not Affected,Not Affected,Not Affected,Not Affected,Not Affected,Not Affected,Not Affected,Not Affected,Not Affected,Not Affected,Not Affected,Not Affected,Not Affected,Not Affected,Not Affected,Not Affected,Not Affected,Not Affected,Not Affected,543766.9199,462152.3114
384,567,Armwood HS,12000 US Hwy 92,Seffner,33584,Hillsborough,-82.29688928,28.00297598,"-82.29688928, 28.00297598",17R LL 72483 98209,SHELTER,RISK,7,2006,8 Classroom,A,LP Generator,0,0,331,6617,0,0,331,6617,800,"L, S",No,No,No,Yes,Yes, , , , ,,,SHELTER,,Risk Shelter Inventory,Critical Community and Emergency Facilities,Regionally Significant,RSI_PT_384,,Southwest Florida Water Management District,FDEM,Risk Shelter Inventory - General - FDEM,,,,Tampa Bay,Southwest District,Southwest,7,67,23,Not Affected,Not Affected,Not Affected,Not Affected,Not Affected,Not Affected,Not Affected,Not Affected,Not Affected,Not Affected,Not Affected,Not Affected,Not Affected,Not Affected,Not Affected,Not Affected,Not Affected,Not Affected,Not Affected,Not Affected,Not Affected,567155.3446,445280.4893
385,333,Mandarin MS,5100 Hood Rd,Jacksonville,32257,Duval,-81.58747098,30.18900599,"-81.58747098, 30.18900599",17R MP 43446 39874,SHELTER,RISK,4,1989,1C & A2 Classroom,R,100 kW for campus,0,0,0,0,975,19498,975,19498,1764,"L, F HB7121",No,No,No,No,Yes, , , , ,,,SHELTER,,Risk Shelter Inventory,Critical Community and Emergency Facilities,Regionally Significant,RSI_PT_313,Jacksonville,St. Johns River Water Management District,FDEM,Risk Shelter Inventory - General - FDEM,,,,Northeast Florida,Northeast District,Northeast,2,17,4,Not Affected,Not Affected,Not Affected,Not Affected,Not Affected,Not Affected,Not Affected,Not Affected,Not Affected,Not Affected,Not Affected,Not Affected,Not Affected,Not Affected,Not Affected,Not Affected,Not Affected,Not Affected,Not Affected,Not Affected,Not Affected,632026.5306,689130.731
386,334,Atlantic Coast HS,9735 R G Skinner Pkwy,Jacksonville,32256,Duval,-81.50634598,30.20280001,"-81.50634598, 30.20280001",17R MP 51263 41365,SHELTER,RISK,4,2011,1 Admin,A, ,0,0,329,6581,0,0,329,6581,850,L,No,No,No,Yes,Yes, , , , ,,,SHELTER,,Risk Shelter Inventory,Critical Community and Emergency Facilities,Regionally Significant,RSI_PT_307,Jacksonville,St. Johns River Water Management District,FDEM,Risk Shelter Inventory - General - FDEM,,,,Northeast Florida,Northeast District,Northeast,2,17,4,Not Affected,Not Affected,Not Affected,Not Affected,Not Affected,Not Affected,Not Affected,Not Affected,Not Affected,Not Affected,Not Affected,Not Affected,Not Affected,Not Affected,Not Affected,Not Affected,Not Affected,Not Affected,Not Affected,Not Affected,Not Affected,639796.7749,690816.6915
387,335,Mandarin MS,5100 Hood Rd,Jacksonville,32257,Duval,-81.58747098,30.18900599,"-81.58747098, 30.18900599",17R MP 43446 39874,SHELTER,RISK,4,1989,1A Classroom / Gym,R,100 kW for campus,0,0,0,0,558,11154,558,11154,1764,"L, F HB7121",No,No,No,No,Yes, ,Yes, , ,,,SHELTER,,Risk Shelter Inventory,Critical Community and Emergency Facilities,Regionally Significant,RSI_PT_313,Jacksonville,St. Johns River Water Management District,FDEM,Risk Shelter Inventory - General - FDEM,,,,Northeast Florida,Northeast District,Northeast,2,17,4,Not Affected,Not Affected,Not Affected,Not Affected,Not Affected,Not Affected,Not Affected,Not Affected,Not Affected,Not Affected,Not Affected,Not Affected,Not Affected,Not Affected,Not Affected,Not Affected,Not Affected,Not Affected,Not Affected,Not Affected,Not Affected,632026.5306,689130.731
388,336,Chaffee Trail ES,11400 Sam Caruso Way,Jacksonville,32221,Duval,-81.85222404,30.278689,"-81.85222404, 30.27868900",17R MP 18034 49974,SHELTER,RISK,4,2007,1 ESE / Classroom,A, ,0,0,800,16000,0,0,800,16000,800,L,No,No,No,Yes,Yes, , , , ,,,SHELTER,,Risk Shelter Inventory,Critical Community and Emergency Facilities,Regionally Significant,RSI_PT_388,Jacksonville,St. Johns River Water Management District,FDEM,Risk Shelter Inventory - General - FDEM,,,,Northeast Florida,Northeast District,Northeast,2,15,5,Not Affected,Not Affected,Not Affected,Not Affected,Not Affected,Not Affected,Not Affected,Not Affected,Not Affected,Not Affected,Not Affected,Not Affected,Not Affected,Not Affected,Not Affected,Not Affected,Not Affected,Not Affected,Not Affected,Not Affected,Not Affected,606393.1057,698612.5171
389,337,Oceanway ES,12555 Gillespie Ave,Jacksonville,32218,Duval,-81.62302501,30.46103098,"-81.62302501, 30.46103098",17R MP 40189 70037,SHELTER,RISK,4,2001,1C Dining,A,100 kW for campus,0,0,155,3101,0,0,155,3101,0, ,D,5,No,Yes,Yes, , , , ,,,SHELTER,,Risk Shelter Inventory,Critical Community and Emergency Facilities,Regionally Significant,RSI_PT_317,Jacksonville,St. Johns River Water Management District,FDEM,Risk Shelter Inventory - General - FDEM,,,,Northeast Florida,Northeast District,Northeast,2,15,4,Not Affected,Not Affected,Not Affected,Not Affected,Not Affected,Not Affected,Not Affected,Not Affected,Not Affected,Not Affected,Not Affected,Not Affected,Not Affected,Not Affected,Not Affected,Not Affected,Not Affected,Not Affected,Not Affected,Not Affected,Not Affected,628025.6105,719249.6495
390,338,Waterleaf ES,450 Kernan Blvd N,Jacksonville,32225,Duval,-81.49097902,30.33278899,"-81.49097902, 30.33278899",17R MP 52804 55764,SHELTER,RISK,4,2011,1E Classroom,A,475 kW for campus,0,0,0,0,0,0,327,6534,0, ,No,No,No,No,Yes, , , , ,,,SHELTER,,Risk Shelter Inventory,Critical Community and Emergency Facilities,Regionally Significant,RSI_PT_311,Jacksonville,St. Johns River Water Management District,FDEM,Risk Shelter Inventory - General - FDEM,,,,Northeast Florida,Northeast District,Northeast,2,16,4,Not Affected,Not Affected,Not Affected,Not Affected,Not Affected,Not Affected,Not Affected,Not Affected,Not Affected,Not Affected,Not Affected,Not Affected,Not Affected,Not Affected,Not Affected,Not Affected,Not Affected,Not Affected,Not Affected,Not Affected,Not Affected,640980.7733,705271.1498
391,339,Mandarin MS,5100 Hood Rd,Jacksonville,32257,Duval,-81.58747098,30.18900599,"-81.58747098, 30.18900599",17R MP 43446 39874,SHELTER,RISK,4,1989,1E (1st floor) Classroom / Admin,R,100 kW for campus,0,0,0,0,953,19066,953,19066,1764,"L, F HB7121",No,No,No,No,Yes, , , , ,,,SHELTER,,Risk Shelter Inventory,Critical Community and Emergency Facilities,Regionally Significant,RSI_PT_313,Jacksonville,St. Johns River Water Management District,FDEM,Risk Shelter Inventory - General - FDEM,,,,Northeast Florida,Northeast District,Northeast,2,17,4,Not Affected,Not Affected,Not Affected,Not Affected,Not Affected,Not Affected,Not Affected,Not Affected,Not Affected,Not Affected,Not Affected,Not Affected,Not Affected,Not Affected,Not Affected,Not Affected,Not Affected,Not Affected,Not Affected,Not Affected,Not Affected,632026.5306,689130.731
392,340,Abess Park ES,12731 Abess Blvd,Jacksonville,32225,Duval,-81.47766504,30.322695,"-81.47766504, 30.32269500",17R MP 54079 54640,SHELTER,RISK,4,1997,1B (2nd floor) Main,R,500 kW,473,9452,0,0,0,0,473,9452,473, ,No,No,No,No,Yes, , , , ,,,SHELTER,,Risk Shelter Inventory,Critical Community and Emergency Facilities,Regionally Significant,RSI_PT_392,Jacksonville,St. Johns River Water Management District,FDEM,Risk Shelter Inventory - General - FDEM,,,,Northeast Florida,Northeast District,Northeast,2,16,4,Not Affected,Not Affected,Not Affected,Not Affected,Not Affected,Not Affected,Not Affected,Not Affected,Not Affected,Not Affected,Not Affected,Not Affected,Not Affected,Not Affected,Not Affected,Not Affected,Not Affected,Not Affected,Not Affected,Not Affected,Not Affected,642282.26,704177.1816
393,341,Douglas Anderson School of the Arts,2445 San Diego Rd,Jacksonville,32205,Duval,-81.63899697,30.30014999,"-81.63899697, 30.30014999",17R MP 38555 52218,SHELTER,RISK,4,2015,16B Classroom,A,50 kW and 100 kW,0,0,276,5521,0,0,276,5521,276, ,No,No,No,Yes,Yes, , , , ,,,SHELTER,,Risk Shelter Inventory,Critical Community and Emergency Facilities,Regionally Significant,RSI_PT_309,Jacksonville,St. Johns River Water Management District,FDEM,Risk Shelter Inventory - General - FDEM,,,,Northeast Florida,Northeast District,Northeast,2,12,5,Not Affected,Not Affected,Not Affected,Not Affected,Not Affected,Not Affected,Not Affected,Not Affected,Not Affected,Not Affected,Not Affected,Not Affected,Not Affected,Not Affected,Not Affected,Not Affected,Not Affected,Not Affected,Not Affected,Not Affected,Not Affected,626835.4238,701368.5967
394,342,Don Brewer ES,3385 Hartsfield Rd,Jacksonville,32277,Duval,-81.55801002,30.36025699,"-81.55801002, 30.36025699",17R MP 46376 58837,SHELTER,RISK,4,2001,1A (1st floor) Classroom,A,100 kW,0,0,167,3331,0,0,167,3331,537, ,No,No,No,Yes,Yes, , , , ,,,SHELTER,,Risk Shelter Inventory,Critical Community and Emergency Facilities,Regionally Significant,RSI_PT_332,Jacksonville,St. Johns River Water Management District,FDEM,Risk Shelter Inventory - General - FDEM,,,,Northeast Florida,Northeast District,Northeast,2,14,5,Not Affected,Not Affected,Not Affected,Not Affected,Not Affected,Not Affected,Not Affected,Not Affected,Not Affected,Not Affected,Not Affected,Not Affected,Not Affected,Not Affected,Not Affected,Not Affected,Not Affected,Not Affected,Not Affected,Not Affected,Not Affected,634483.2185,708189.8309
395,343,Bartram Springs ES,14799 Bartram Springs Pkwy,Jacksonville,32258,Duval,-81.49528396,30.108925,"-81.49528396, 30.10892500",17R MP 52282 30958,SHELTER,RISK,4,2009,1E Admin,A,475 kW for campus,0,0,0,0,0,0,318,6361,0, ,No,No,No,No,Yes, , , , ,,,SHELTER,,Risk Shelter Inventory,Critical Community and Emergency Facilities,Regionally Significant,RSI_PT_395,Jacksonville,St. Johns River Water Management District,FDEM,Risk Shelter Inventory - General - FDEM,,,,Northeast Florida,Northeast District,Northeast,2,17,4,Not Affected,Not Affected,Not Affected,Not Affected,Not Affected,Not Affected,Not Affected,Not Affected,Not Affected,Not Affected,Not Affected,Not Affected,Not Affected,Not Affected,Not Affected,Not Affected,Not Affected,Not Affected,Not Affected,Not Affected,Not Affected,641072.0137,680420.5179
396,344,Landmark MS,101 Kernan Blvd N,Jacksonville,32225,Duval,-81.48724798,30.32335101,"-81.48724798, 30.32335101",17R MP 53158 54716,SHELTER,RISK,4,1989,1A Classroom / Gym,R,100 kW for campus,0,0,0,0,0,0,558,11154,558,"S, F HMGP 1561-235",No,No,No,No,Yes, ,Yes, , ,,,SHELTER,,Risk Shelter Inventory,Critical Community and Emergency Facilities,Regionally Significant,RSI_PT_308,Jacksonville,St. Johns River Water Management District,FDEM,Risk Shelter Inventory - General - FDEM,,,,Northeast Florida,Northeast District,Northeast,2,16,4,Not Affected,Not Affected,Not Affected,Not Affected,Not Affected,Not Affected,Not Affected,Not Affected,Not Affected,Not Affected,Not Affected,Not Affected,Not Affected,Not Affected,Not Affected,Not Affected,Not Affected,Not Affected,Not Affected,Not Affected,Not Affected,641360.4167,704231.1822
397,345,Chets Creek ES,13200 Chets Creek Blvd,Jacksonville,32244,Duval,-81.46912899,30.266378,"-81.46912899, 30.26637800",17R MP 54874 48395,SHELTER,RISK,4,1997,1 (2nd floor) Main,R, ,0,0,0,0,1322,26445,1322,26445,1322,"S, F HMGP 1561-235 HMGP 1539",E,No,No,No,Yes, , , , ,,,SHELTER,,Risk Shelter Inventory,Critical Community and Emergency Facilities,Regionally Significant,RSI_PT_321,Jacksonville,St. Johns River Water Management District,FDEM,Risk Shelter Inventory - General - FDEM,,,,Northeast Florida,Northeast District,Northeast,2,17,4,Not Affected,Not Affected,Not Affected,Not Affected,Not Affected,Not Affected,Not Affected,Not Affected,Not Affected,Not Affected,Not Affected,Not Affected,Not Affected,Not Affected,Not Affected,Not Affected,Not Affected,Not Affected,Not Affected,Not Affected,Not Affected,643230.3478,697944.7797
398,346,Abess Park ES,12731 Abess Blvd,Jacksonville,32225,Duval,-81.47766504,30.322695,"-81.47766504, 30.32269500",17R MP 54079 54640,SHELTER,RISK,4,1997,1A (1st floor) Main,R,100 kW,0,0,0,0,1184,23677,1184,23677,1184,"L, F HMGP 1561, HMGP 1545",No,No,No,No,Yes, , , , ,,,SHELTER,,Risk Shelter Inventory,Critical Community and Emergency Facilities,Regionally Significant,RSI_PT_392,Jacksonville,St. Johns River Water Management District,FDEM,Risk Shelter Inventory - General - FDEM,,,,Northeast Florida,Northeast District,Northeast,2,16,4,Not Affected,Not Affected,Not Affected,Not Affected,Not Affected,Not Affected,Not Affected,Not Affected,Not Affected,Not Affected,Not Affected,Not Affected,Not Affected,Not Affected,Not Affected,Not Affected,Not Affected,Not Affected,Not Affected,Not Affected,Not Affected,642282.26,704177.1816
399,347,Douglas Anderson School of the Arts,2445 San Diego Rd,Jacksonville,32204,Duval,-81.63899697,30.30014999,"-81.63899697, 30.30014999",17R MP 38555 52218,SHELTER,RISK,4,2015,16A Cafeteria,A,50 kW and 100 kW,0,0,945,18895,0,0,945,18895,944, ,No,No,No,Yes,Yes, , , , ,,,SHELTER,,Risk Shelter Inventory,Critical Community and Emergency Facilities,Regionally Significant,RSI_PT_309,Jacksonville,St. Johns River Water Management District,FDEM,Risk Shelter Inventory - General - FDEM,,,,Northeast Florida,Northeast District,Northeast,2,12,5,Not Affected,Not Affected,Not Affected,Not Affected,Not Affected,Not Affected,Not Affected,Not Affected,Not Affected,Not Affected,Not Affected,Not Affected,Not Affected,Not Affected,Not Affected,Not Affected,Not Affected,Not Affected,Not Affected,Not Affected,Not Affected,626835.4238,701368.5967
400,348,Landmark MS,101 Kernan Blvd N,Jacksonville,32225,Duval,-81.48724798,30.32335101,"-81.48724798, 30.32335101",17R MP 53158 54716,SHELTER,RISK,4,1989,1D Classroom,A,100 kW for campus,0,0,0,0,0,0,170,3396,170, ,No,No,No,No,Yes, , , , ,,,SHELTER,,Risk Shelter Inventory,Critical Community and Emergency Facilities,Regionally Significant,RSI_PT_308,Jacksonville,St. Johns River Water Management District,FDEM,Risk Shelter Inventory - General - FDEM,,,,Northeast Florida,Northeast District,Northeast,2,16,4,Not Affected,Not Affected,Not Affected,Not Affected,Not Affected,Not Affected,Not Affected,Not Affected,Not Affected,Not Affected,Not Affected,Not Affected,Not Affected,Not Affected,Not Affected,Not Affected,Not Affected,Not Affected,Not Affected,Not Affected,Not Affected,641360.4167,704231.1822
401,349,John Allen Axson ES,4763 Sutton Park Ct,Jacksonville,32224,Duval,-81.46038197,30.255462,"-81.46038197, 30.25546200",17R MP 55711 47182,SHELTER,RISK,4,2004,4 Classroom,A, ,0,0,330,6600,0,0,330,6600,300, ,E,5,No,Yes,Yes, , , , ,,,SHELTER,,Risk Shelter Inventory,Critical Community and Emergency Facilities,Regionally Significant,RSI_PT_312,Jacksonville,St. Johns River Water Management District,FDEM,Risk Shelter Inventory - General - FDEM,,,,Northeast Florida,Northeast District,Northeast,2,17,4,Not Affected,Not Affected,Not Affected,Not Affected,Not Affected,Not Affected,Not Affected,Not Affected,Not Affected,Not Affected,Not Affected,Not Affected,Not Affected,Not Affected,Not Affected,Not Affected,Not Affected,Not Affected,Not Affected,Not Affected,Not Affected,644095.815,696750.7474
402,350,Waterleaf ES,450 Kernan Blvd N,Jacksonville,32225,Duval,-81.49097902,30.33278899,"-81.49097902, 30.33278899",17R MP 52804 55764,SHELTER,RISK,4,2011,1B Classroom,A,475 kW for campus,0,0,0,0,0,0,136,2718,0, ,No,No,No,No,Yes, , , , ,,,SHELTER,,Risk Shelter Inventory,Critical Community and Emergency Facilities,Regionally Significant,RSI_PT_311,Jacksonville,St. Johns River Water Management District,FDEM,Risk Shelter Inventory - General - FDEM,,,,Northeast Florida,Northeast District,Northeast,2,16,4,Not Affected,Not Affected,Not Affected,Not Affected,Not Affected,Not Affected,Not Affected,Not Affected,Not Affected,Not Affected,Not Affected,Not Affected,Not Affected,Not Affected,Not Affected,Not Affected,Not Affected,Not Affected,Not Affected,Not Affected,Not Affected,640980.7733,705271.1498
403,351,Andrew A Robinson ES,101 W 12th St,Jacksonville,32206,Duval,-81.655813,30.35158399,"-81.65581300, 30.35158399",17R MP 36971 57927,SHELTER,RISK,4,1990,2 Classroom / Music / Art,R, ,0,0,0,0,542,10833,542,10833,542,"S, F HMGP1306, HMGP1539",No,No,No,No,Yes, , , , ,,,SHELTER,,Risk Shelter Inventory,Critical Community and Emergency Facilities,Regionally Significant,RSI_PT_306,Jacksonville,St. Johns River Water Management District,FDEM,Risk Shelter Inventory - General - FDEM,,,,Northeast Florida,Northeast District,Northeast,2,14,5,Not Affected,Not Affected,Not Affected,Not Affected,Not Affected,Not Affected,Not Affected,Not Affected,Not Affected,Not Affected,Not Affected,Not Affected,Not Affected,Not Affected,Not Affected,Not Affected,Not Affected,Not Affected,Not Affected,Not Affected,Not Affected,625111.4946,707045.1924
404,352,Don Brewer ES,3385 Hartsfield Rd,Jacksonville,32277,Duval,-81.55801002,30.36025699,"-81.55801002, 30.36025699",17R MP 46376 58837,SHELTER,RISK,4,2001,1C Cafeteria,A,100 kW,0,0,181,3628,0,0,181,3628,0, ,No,No,No,Yes,Yes, , , , ,,,SHELTER,,Risk Shelter Inventory,Critical Community and Emergency Facilities,Regionally Significant,RSI_PT_332,Jacksonville,St. Johns River Water Management District,FDEM,Risk Shelter Inventory - General - FDEM,,,,Northeast Florida,Northeast District,Northeast,2,14,5,Not Affected,Not Affected,Not Affected,Not Affected,Not Affected,Not Affected,Not Affected,Not Affected,Not Affected,Not Affected,Not Affected,Not Affected,Not Affected,Not Affected,Not Affected,Not Affected,Not Affected,Not Affected,Not Affected,Not Affected,Not Affected,634483.2185,708189.8309
405,353,Arlington MS,8141 Lone Star Rd,Jacksonville,32211,Duval,-81.57003604,30.34025702,"-81.57003604, 30.34025702",17R MP 45209 56627,SHELTER,RISK,4,2005,2 Gym,A, ,0,0,450,8996,0,0,450,8996,0, ,No,No,No,Yes,Yes, , , , ,,,SHELTER,,Risk Shelter Inventory,Critical Community and Emergency Facilities,Regionally Significant,RSI_PT_318,Jacksonville,St. Johns River Water Management District,FDEM,Risk Shelter Inventory - General - FDEM,,,,Northeast Florida,Northeast District,Northeast,2,14,5,Not Affected,Not Affected,Not Affected,Not Affected,Not Affected,Not Affected,Not Affected,Not Affected,Not Affected,Not Affected,Not Affected,Not Affected,Not Affected,Not Affected,Not Affected,Not Affected,Not Affected,Not Affected,Not Affected,Not Affected,Not Affected,633372.3506,705947.7694
406,354,Douglas Anderson School of the Arts,2445 San Diego Rd,Jacksonville,32200,Duval,-81.63899697,30.30014999,"-81.63899697, 30.30014999",17R MP 38555 52218,SHELTER,RISK,4,1955,8 Theater,A,50 kW and 100 kW,0,0,0,0,0,0,274,5473,273, ,No,No,No,No,Yes, , , , ,,,SHELTER,,Risk Shelter Inventory,Critical Community and Emergency Facilities,Regionally Significant,RSI_PT_309,Jacksonville,St. Johns River Water Management District,FDEM,Risk Shelter Inventory - General - FDEM,,,,Northeast Florida,Northeast District,Northeast,2,12,5,Not Affected,Not Affected,Not Affected,Not Affected,Not Affected,Not Affected,Not Affected,Not Affected,Not Affected,Not Affected,Not Affected,Not Affected,Not Affected,Not Affected,Not Affected,Not Affected,Not Affected,Not Affected,Not Affected,Not Affected,Not Affected,626835.4238,701368.5967
407,355,FSCJ Cecil Field,13450 Lake Fretwell St,Jacksonville,32221,Duval,-81.88684197,30.22527399,"-81.88684197, 30.22527399",17R MP 14658 44080,SHELTER,RISK,4,0,2 Aviation,A, ,0,0,708,14160,0,0,708,14160,708,"S (DOE), F",No,No,No,Yes,Yes, , , , ,,,SHELTER,,Risk Shelter Inventory,Critical Community and Emergency Facilities,Regionally Significant,RSI_PT_407,Jacksonville,St. Johns River Water Management District,FDEM,Risk Shelter Inventory - General - FDEM,,,,Northeast Florida,Northeast District,Northeast,2,15,4,Not Affected,Not Affected,Not Affected,Not Affected,Not Affected,Not Affected,Not Affected,Not Affected,Not Affected,Not Affected,Not Affected,Not Affected,Not Affected,Not Affected,Not Affected,Not Affected,Not Affected,Not Affected,Not Affected,Not Affected,Not Affected,603168.3718,692627.3254
408,356,Landmark MS,101 Kernan Blvd N,Jacksonville,32225,Duval,-81.48724798,30.32335101,"-81.48724798, 30.32335101",17R MP 53158 54716,SHELTER,RISK,4,1989,1E (2nd floor) Classroom,A,100 kW for campus,0,0,0,0,0,0,865,17305,0, ,No,No,No,No,Yes, , , , ,,,SHELTER,,Risk Shelter Inventory,Critical Community and Emergency Facilities,Regionally Significant,RSI_PT_308,Jacksonville,St. Johns River Water Management District,FDEM,Risk Shelter Inventory - General - FDEM,,,,Northeast Florida,Northeast District,Northeast,2,16,4,Not Affected,Not Affected,Not Affected,Not Affected,Not Affected,Not Affected,Not Affected,Not Affected,Not Affected,Not Affected,Not Affected,Not Affected,Not Affected,Not Affected,Not Affected,Not Affected,Not Affected,Not Affected,Not Affected,Not Affected,Not Affected,641360.4167,704231.1822
409,357,Kernan Trail ES,2281 Kernan Blvd S,Jacksonville,32246,Duval,-81.48180603,30.304884,"-81.48180603, 30.30488400",17R MP 53673 52668,SHELTER,RISK,4,2002,1B (1st floor) Classroom,A,100 kW,0,0,412,8233,0,0,412,8233,0,L,No,No,No,Yes,Yes, , , , ,,,SHELTER,,Risk Shelter Inventory,Critical Community and Emergency Facilities,Regionally Significant,RSI_PT_305,Jacksonville,St. Johns River Water Management District,FDEM,Risk Shelter Inventory - General - FDEM,,,,Northeast Florida,Northeast District,Northeast,2,16,4,Not Affected,Not Affected,Not Affected,Not Affected,Not Affected,Not Affected,Not Affected,Not Affected,Not Affected,Not Affected,Not Affected,Not Affected,Not Affected,Not Affected,Not Affected,Not Affected,Not Affected,Not Affected,Not Affected,Not Affected,Not Affected,641924.918,702192.679
410,358,Oceanway ES,12555 Gillespie Ave,Jacksonville,32218,Duval,-81.62302501,30.46103098,"-81.62302501, 30.46103098",17R MP 40189 70037,SHELTER,RISK,4,2001,1B Classroom,A,100 kW for campus,0,0,412,8233,0,0,412,8233,537, ,D,5,No,Yes,Yes, , , , ,,,SHELTER,,Risk Shelter Inventory,Critical Community and Emergency Facilities,Regionally Significant,RSI_PT_317,Jacksonville,St. Johns River Water Management District,FDEM,Risk Shelter Inventory - General - FDEM,,,,Northeast Florida,Northeast District,Northeast,2,15,4,Not Affected,Not Affected,Not Affected,Not Affected,Not Affected,Not Affected,Not Affected,Not Affected,Not Affected,Not Affected,Not Affected,Not Affected,Not Affected,Not Affected,Not Affected,Not Affected,Not Affected,Not Affected,Not Affected,Not Affected,Not Affected,628025.6105,719249.6495
411,359,Molino Park ES,899 Hwy 97,Molino,32577,Escambia,-87.36242902,30.74042898,"-87.36242902, 30.74042898",16R DV 65306 00891,SHELTER,RISK,1,2002,4 Classroom,R, ,0,0,0,0,367,7331,367,7331,307,S,No,No,No,No,Yes, ,Yes, , ,,,SHELTER,,Risk Shelter Inventory,Critical Community and Emergency Facilities,Regionally Significant,RSI_PT_411,,Northwest Florida Water Management District,FDEM,Risk Shelter Inventory - General - FDEM,,,,Emerald Coast,Northwest District,Northwest,3,1,1,Not Affected,Not Affected,Not Affected,Not Affected,Not Affected,Not Affected,Not Affected,Not Affected,Not Affected,Not Affected,Not Affected,Not Affected,Not Affected,Not Affected,Not Affected,Not Affected,Not Affected,Not Affected,Not Affected,Not Affected,Not Affected,78304.0549,752441.4492
412,360,Lipscomb ES,10200 Ashton Brosnaham Dr,Pensacola,32534,Escambia,-87.26888103,30.55537399,"-87.26888103, 30.55537399",16R DU 74212 80358,SHELTER,RISK,1,1991,400 wing Classroom,R,100 kW,0,0,0,0,200,3990,200,3990,0,"F,S,L-HMGP",No,No,No,No,Yes, , , , ,,,SHELTER,,Risk Shelter Inventory,Critical Community and Emergency Facilities,Regionally Significant,RSI_PT_412,,Northwest Florida Water Management District,FDEM,Risk Shelter Inventory - General - FDEM,,,,Emerald Coast,Northwest District,Northwest,3,1,1,Not Affected,Not Affected,Not Affected,Not Affected,Not Affected,Not Affected,Not Affected,Not Affected,Not Affected,Not Affected,Not Affected,Not Affected,Not Affected,Not Affected,Not Affected,Not Affected,Not Affected,Not Affected,Not Affected,Not Affected,Not Affected,86707.7484,731674.0748
413,361,West Pensacola ES,801 North 49th Ave,Pensacola,32506,Escambia,-87.28283598,30.42120202,"-87.28283598, 30.42120202",16R DU 72837 65493,SHELTER,RISK,1,2000,3 Classroom,R, ,0,0,0,0,227,4546,227,4546,0,S-1435A-2003,No,No,No,No,Yes, , , , ,,,SHELTER,,Risk Shelter Inventory,Critical Community and Emergency Facilities,Regionally Significant,RSI_PT_413,,Northwest Florida Water Management District,FDEM,Risk Shelter Inventory - General - FDEM,,,,Emerald Coast,Northwest District,Northwest,3,2,1,Not Affected,Not Affected,Not Affected,Not Affected,Not Affected,Not Affected,Not Affected,Not Affected,Not Affected,Not Affected,Not Affected,Not Affected,Not Affected,Not Affected,Not Affected,Not Affected,Not Affected,Not Affected,Not Affected,Not Affected,Not Affected,84974.271,716825.2842
414,362,Brentwood ES,4820 N Palafox St,Pensacola,32505,Escambia,-87.23997603,30.46247602,"-87.23997603, 30.46247602",16R DU 76962 70057,SHELTER,RISK,1,2000,5 Classroom,R, ,0,0,0,0,427,8532,427,8532,0,1588-2006,No,No,No,No,Yes, , , , ,,,SHELTER,,Risk Shelter Inventory,Critical Community and Emergency Facilities,Regionally Significant,RSI_PT_414,,Northwest Florida Water Management District,FDEM,Risk Shelter Inventory - General - FDEM,,,,Emerald Coast,Northwest District,Northwest,3,1,1,Not Affected,Not Affected,Not Affected,Not Affected,Not Affected,Not Affected,Not Affected,Not Affected,Not Affected,Not Affected,Not Affected,Not Affected,Not Affected,Not Affected,Not Affected,Not Affected,Not Affected,Not Affected,Not Affected,Low,Low,89206.5549,721295.411
415,363,Bellview ES,4425 Bellview Ave,Pensacola,32526,Escambia,-87.30600599,30.46807299,"-87.30600599, 30.46807299",16R DU 70625 70693,SHELTER,RISK,1,2000,5 Classroom,R, ,0,0,0,0,309,5420,309,5420,0,S-1435A-2003,No,No,No,No,Yes, , , , ,,,SHELTER,,Risk Shelter Inventory,Critical Community and Emergency Facilities,Regionally Significant,RSI_PT_415,,Northwest Florida Water Management District,FDEM,Risk Shelter Inventory - General - FDEM,,,,Emerald Coast,Northwest District,Northwest,3,1,1,Not Affected,Not Affected,Not Affected,Not Affected,Not Affected,Not Affected,Not Affected,Not Affected,Not Affected,Not Affected,Not Affected,Not Affected,Not Affected,Not Affected,Not Affected,Not Affected,Not Affected,Not Affected,Not Affected,Not Affected,Not Affected,82890.8101,722084.4289
416,364,Beulah ES,6201 Helms Rd,Pensacola,32526,Escambia,-87.35758696,30.50502202,"-87.35758696, 30.50502202",16R DU 65687 74802,SHELTER,RISK,1,1980,Main,R, ,0,0,0,0,0,0,1439,28773,0,"L,S,F-HMGP",No,No,No,No,Yes, , , , ,,,SHELTER,,Risk Shelter Inventory,Critical Community and Emergency Facilities,Regionally Significant,RSI_PT_416,,Northwest Florida Water Management District,FDEM,Risk Shelter Inventory - General - FDEM,,,,Emerald Coast,Northwest District,Northwest,3,1,1,Not Affected,Not Affected,Not Affected,Not Affected,Not Affected,Not Affected,Not Affected,Not Affected,Not Affected,Not Affected,Not Affected,Not Affected,Not Affected,Not Affected,Not Affected,Not Affected,Not Affected,Not Affected,Not Affected,Not Affected,Not Affected,78056.0524,726316.9719
417,365,Blue Angel ES,1551 Dog Track Rd,Pensacola,32506,Escambia,-87.35876202,30.38642299,"-87.35876202, 30.38642299",16R DU 65532 61659,SHELTER,RISK,1,1999,400 wing Classroom,R,100 kW,0,0,0,0,419,7701,419,7701,0,L,No,No,No,No,Yes, , , , ,,,SHELTER,,Risk Shelter Inventory,Critical Community and Emergency Facilities,Regionally Significant,RSI_PT_417,,Northwest Florida Water Management District,FDEM,Risk Shelter Inventory - General - FDEM,,,,Emerald Coast,Northwest District,Northwest,3,2,1,Not Affected,Not Affected,Not Affected,Not Affected,Not Affected,Not Affected,Not Affected,Not Affected,Not Affected,Not Affected,Not Affected,Not Affected,Not Affected,Not Affected,Not Affected,Not Affected,Not Affected,Not Affected,Not Affected,Not Affected,Not Affected,77584.9609,713163.1352
418,366,University of West Florida,11000 University Pkwy,Pensacola,32514,Escambia,-87.22140702,30.54545502,"-87.22140702, 30.54545502",16R DU 78763 79249,SHELTER,RISK,1,1967,13 Environmental Studies, , ,0,0,0,0,389,5364,389,5364,0,S-1523-2002,No,No,No,No,Yes, , , ,Yes,,,SHELTER,,Risk Shelter Inventory,Critical Community and Emergency Facilities,Regionally Significant,RSI_PT_418,,Northwest Florida Water Management District,FDEM,Risk Shelter Inventory - General - FDEM,,,,Emerald Coast,Northwest District,Northwest,3,1,1,Not Affected,Not Affected,Not Affected,Not Affected,Not Affected,Not Affected,Not Affected,Not Affected,Not Affected,Not Affected,Not Affected,Not Affected,Not Affected,Not Affected,Not Affected,Not Affected,Not Affected,Not Affected,Not Affected,Not Affected,Not Affected,91227.903,730454.013
419,367,Ferry Pass MS,8355 Yancey Ave,Pensacola,32514,Escambia,-87.19762102,30.51376698,"-87.19762102, 30.51376698",16R DU 81038 75733,SHELTER,RISK,1,2010,8 Gym,A, ,617,12344,0,0,0,0,617,12344,0, ,No,No,No,No,Yes, , , ,Yes,,,SHELTER,,Risk Shelter Inventory,Critical Community and Emergency Facilities,Regionally Significant,RSI_PT_419,,Northwest Florida Water Management District,FDEM,Risk Shelter Inventory - General - FDEM,,,,Emerald Coast,Northwest District,Northwest,3,1,1,Not Affected,Not Affected,Not Affected,Not Affected,Not Affected,Not Affected,Not Affected,Not Affected,Not Affected,Not Affected,Not Affected,Not Affected,Not Affected,Not Affected,Not Affected,Not Affected,Not Affected,Not Affected,Low,Medium,Low,93416.1062,726879.4095
420,368,Pensacola HS,500 W Maxwell St,Pensacola,32501,Escambia,-87.22536998,30.43587002,"-87.22536998, 30.43587002",16R DU 78359 67106,SHELTER,RISK,1,2006,5 Gym,A, ,0,0,746,15179,0,0,746,15179,0,L,No,No,No,Yes,Yes, , , ,Yes,,,SHELTER,,Risk Shelter Inventory,Critical Community and Emergency Facilities,Regionally Significant,RSI_PT_420,Pensacola,Northwest Florida Water Management District,FDEM,Risk Shelter Inventory - General - FDEM,,,,Emerald Coast,Northwest District,Northwest,3,2,1,Not Affected,Not Affected,Not Affected,Not Affected,Not Affected,Not Affected,Not Affected,Not Affected,Not Affected,Not Affected,Not Affected,Not Affected,Not Affected,Not Affected,Not Affected,Medium,Medium,Medium,High,High,High,90530.0949,718307.0383
421,369,Lipscomb ES,10200 Ashton Brosnaham Dr,Pensacola,32534,Escambia,-87.26888103,30.55537399,"-87.26888103, 30.55537399",16R DU 74212 80358,SHELTER,RISK,1,1991,100 South wing Art / Admin,R,100 kW,0,0,0,0,105,2102,105,2102,0,"F,S,L-HMGP",No,No,No,No,Yes, , , , ,,,SHELTER,,Risk Shelter Inventory,Critical Community and Emergency Facilities,Regionally Significant,RSI_PT_412,,Northwest Florida Water Management District,FDEM,Risk Shelter Inventory - General - FDEM,,,,Emerald Coast,Northwest District,Northwest,3,1,1,Not Affected,Not Affected,Not Affected,Not Affected,Not Affected,Not Affected,Not Affected,Not Affected,Not Affected,Not Affected,Not Affected,Not Affected,Not Affected,Not Affected,Not Affected,Not Affected,Not Affected,Not Affected,Not Affected,Not Affected,Not Affected,86707.7484,731674.0748
422,370,Lipscomb ES,10200 Ashton Brosnaham Dr,Pensacola,32534,Escambia,-87.26888103,30.55537399,"-87.26888103, 30.55537399",16R DU 74212 80358,SHELTER,RISK,1,1991,200 wing Classroom,R,100 kW,0,0,0,0,252,5049,252,5049,0,"F,S,L-HMGP",No,No,No,No,Yes, , , , ,,,SHELTER,,Risk Shelter Inventory,Critical Community and Emergency Facilities,Regionally Significant,RSI_PT_412,,Northwest Florida Water Management District,FDEM,Risk Shelter Inventory - General - FDEM,,,,Emerald Coast,Northwest District,Northwest,3,1,1,Not Affected,Not Affected,Not Affected,Not Affected,Not Affected,Not Affected,Not Affected,Not Affected,Not Affected,Not Affected,Not Affected,Not Affected,Not Affected,Not Affected,Not Affected,Not Affected,Not Affected,Not Affected,Not Affected,Not Affected,Not Affected,86707.7484,731674.0748
423,371,Blue Angel ES,1551 Dog Track Rd,Pensacola,32506,Escambia,-87.35876202,30.38642299,"-87.35876202, 30.38642299",16R DU 65532 61659,SHELTER,RISK,1,1999,500 wing Classroom,R,100 kW,0,0,0,0,463,7842,463,7842,0,L,No,No,AE,No,Yes, , , , ,,,SHELTER,,Risk Shelter Inventory,Critical Community and Emergency Facilities,Regionally Significant,RSI_PT_417,,Northwest Florida Water Management District,FDEM,Risk Shelter Inventory - General - FDEM,,,,Emerald Coast,Northwest District,Northwest,3,2,1,Not Affected,Not Affected,Not Affected,Not Affected,Not Affected,Not Affected,Not Affected,Not Affected,Not Affected,Not Affected,Not Affected,Not Affected,Not Affected,Not Affected,Not Affected,Not Affected,Not Affected,Not Affected,Not Affected,Not Affected,Not Affected,77584.9609,713163.1352
424,372,Molino Park ES,899 Hwy 97,Molino,32577,Escambia,-87.36242902,30.74042898,"-87.36242902, 30.74042898",16R DV 65306 00891,SHELTER,RISK,1,2002,2 Art / Classroom,R, ,0,0,0,0,315,6295,315,6295,307,S,No,No,No,No,Yes, ,Yes, , ,,,SHELTER,,Risk Shelter Inventory,Critical Community and Emergency Facilities,Regionally Significant,RSI_PT_411,,Northwest Florida Water Management District,FDEM,Risk Shelter Inventory - General - FDEM,,,,Emerald Coast,Northwest District,Northwest,3,1,1,Not Affected,Not Affected,Not Affected,Not Affected,Not Affected,Not Affected,Not Affected,Not Affected,Not Affected,Not Affected,Not Affected,Not Affected,Not Affected,Not Affected,Not Affected,Not Affected,Not Affected,Not Affected,Not Affected,Not Affected,Not Affected,78304.0549,752441.4492
425,373,Bailey MS,4001 Bauer Rd,Pensacola,32506,Escambia,-87.40308907,30.34669463,"-87.40308907, 30.34669463",16R DU 61258 57271,SHELTER,RISK,1,1993,5 Music,R, ,0,0,0,0,662,13234,662,13234,320,S-1435A-2003,No,No,No,No,Yes, , , , ,,,SHELTER,,Risk Shelter Inventory,Critical Community and Emergency Facilities,Regionally Significant,RSI_PT_425,,Northwest Florida Water Management District,FDEM,Risk Shelter Inventory - General - FDEM,,,,Emerald Coast,Northwest District,Northwest,3,2,1,Not Affected,Not Affected,Not Affected,Not Affected,Not Affected,Not Affected,Not Affected,Not Affected,Not Affected,Not Affected,Not Affected,Not Affected,Not Affected,Not Affected,Not Affected,Not Affected,Not Affected,Not Affected,Not Affected,Not Affected,Not Affected,73209.318,708872.3019
426,374,University of West Florida,11000 University Pkwy,Pensacola,32514,Escambia,-87.22140702,30.54545502,"-87.22140702, 30.54545502",16R DU 78763 79249,SHELTER,RISK,1,2004,"72 Health, Leisure, Sport Facility",R, ,0,0,0,0,2369,47380,2369,47380,2268,S-1588-2006,No,No,No,No,Yes, , , ,Yes,,,SHELTER,,Risk Shelter Inventory,Critical Community and Emergency Facilities,Regionally Significant,RSI_PT_418,,Northwest Florida Water Management District,FDEM,Risk Shelter Inventory - General - FDEM,,,,Emerald Coast,Northwest District,Northwest,3,1,1,Not Affected,Not Affected,Not Affected,Not Affected,Not Affected,Not Affected,Not Affected,Not Affected,Not Affected,Not Affected,Not Affected,Not Affected,Not Affected,Not Affected,Not Affected,Not Affected,Not Affected,Not Affected,Not Affected,Not Affected,Not Affected,91227.903,730454.013
427,375,Bailey MS,4001 Bauer Rd,Pensacola,32506,Escambia,-87.40308907,30.34669463,"-87.40308907, 30.34669463",16R DU 61258 57271,SHELTER,RISK,1,1993,7 Classroom 1st Floor,R, ,0,0,0,0,486,9726,486,9726,320,S-1435A-2003,No,No,No,No,Yes, , , , ,,,SHELTER,,Risk Shelter Inventory,Critical Community and Emergency Facilities,Regionally Significant,RSI_PT_425,,Northwest Florida Water Management District,FDEM,Risk Shelter Inventory - General - FDEM,,,,Emerald Coast,Northwest District,Northwest,3,2,1,Not Affected,Not Affected,Not Affected,Not Affected,Not Affected,Not Affected,Not Affected,Not Affected,Not Affected,Not Affected,Not Affected,Not Affected,Not Affected,Not Affected,Not Affected,Not Affected,Not Affected,Not Affected,Not Affected,Not Affected,Not Affected,73209.318,708872.3019
428,376,Jim Allen ES,1051 Hwy 95A N,Cantonment,32533,Escambia,-87.3222458,30.62528131,"-87.32224580, 30.62528131",16R DU 69116 88119,SHELTER,RISK,1,2001,6 Classroom,R, ,0,0,0,0,293,5077,293,5077,0,"F,S,L-HMGP",No,No,No,No,Yes, , , , ,,,SHELTER,,Risk Shelter Inventory,Critical Community and Emergency Facilities,Regionally Significant,RSI_PT_428,,Northwest Florida Water Management District,FDEM,Risk Shelter Inventory - General - FDEM,,,,Emerald Coast,Northwest District,Northwest,3,1,1,Not Affected,Not Affected,Not Affected,Not Affected,Not Affected,Not Affected,Not Affected,Not Affected,Not Affected,Not Affected,Not Affected,Not Affected,Not Affected,Not Affected,Not Affected,Not Affected,Not Affected,Not Affected,Not Affected,Not Affected,Not Affected,81803.4191,739565.2799
429,377,Escambia Wesgate Center,10050 Ashton Brosnaham Rd,Pensacola,32534,Escambia,-87.26940297,30.54973901,"-87.26940297, 30.54973901",16R DU 74161 79734,SHELTER,RISK,1,2000,6 ESE,R, ,0,0,0,0,400,8008,400,8008,0,1588-2006,No,No,No,No,Yes, , , , ,,,SHELTER,,Risk Shelter Inventory,Critical Community and Emergency Facilities,Regionally Significant,RSI_PT_429,,Northwest Florida Water Management District,FDEM,Risk Shelter Inventory - General - FDEM,,,,Emerald Coast,Northwest District,Northwest,3,1,1,Not Affected,Not Affected,Not Affected,Not Affected,Not Affected,Not Affected,Not Affected,Not Affected,Not Affected,Not Affected,Not Affected,Not Affected,Not Affected,Not Affected,Not Affected,Not Affected,Not Affected,Not Affected,Not Affected,Not Affected,Not Affected,86641.1601,731050.3119
430,378,Navy Point ES,1321 Patton Dr,Pensacola,32507,Escambia,-87.29001298,30.388869,"-87.29001298, 30.38886900",16R DU 72138 61912,SHELTER,RISK,1,1953,5,R, ,0,0,0,0,148,2950,148,2950,0, ,No,No,No,No,Yes, , , ,Yes,,,SHELTER,,Risk Shelter Inventory,Critical Community and Emergency Facilities,Regionally Significant,RSI_PT_430,,Northwest Florida Water Management District,FDEM,Risk Shelter Inventory - General - FDEM,,,,Emerald Coast,Northwest District,Northwest,3,2,1,Not Affected,Not Affected,Not Affected,Not Affected,Not Affected,Not Affected,Not Affected,Not Affected,Not Affected,Not Affected,Not Affected,Not Affected,Not Affected,Not Affected,Not Affected,Not Affected,Not Affected,Not Affected,Not Affected,Not Affected,Not Affected,84189.9937,713256.5897
431,379,Bailey MS,4001 Bauer Rd,Pensacola,32506,Escambia,-87.40308907,30.34669463,"-87.40308907, 30.34669463",16R DU 61258 57271,SHELTER,RISK,1,1993,2 Media,R, ,0,0,0,0,99,1989,99,1989,320,S-1435A-2003,No,No,No,No,Yes, , , , ,,,SHELTER,,Risk Shelter Inventory,Critical Community and Emergency Facilities,Regionally Significant,RSI_PT_425,,Northwest Florida Water Management District,FDEM,Risk Shelter Inventory - General - FDEM,,,,Emerald Coast,Northwest District,Northwest,3,2,1,Not Affected,Not Affected,Not Affected,Not Affected,Not Affected,Not Affected,Not Affected,Not Affected,Not Affected,Not Affected,Not Affected,Not Affected,Not Affected,Not Affected,Not Affected,Not Affected,Not Affected,Not Affected,Not Affected,Not Affected,Not Affected,73209.318,708872.3019
432,380,Bailey MS,4001 Bauer Rd,Pensacola,32506,Escambia,-87.40308907,30.34669463,"-87.40308907, 30.34669463",16R DU 61258 57271,SHELTER,RISK,1,1993,9 Gym,R, ,0,0,0,0,806,16115,806,16115,320,S-1435A-2003,No,No,No,No,Yes, , , , ,,,SHELTER,,Risk Shelter Inventory,Critical Community and Emergency Facilities,Regionally Significant,RSI_PT_425,,Northwest Florida Water Management District,FDEM,Risk Shelter Inventory - General - FDEM,,,,Emerald Coast,Northwest District,Northwest,3,2,1,Not Affected,Not Affected,Not Affected,Not Affected,Not Affected,Not Affected,Not Affected,Not Affected,Not Affected,Not Affected,Not Affected,Not Affected,Not Affected,Not Affected,Not Affected,Not Affected,Not Affected,Not Affected,Not Affected,Not Affected,Not Affected,73209.318,708872.3019
433,381,Molino Park ES,899 Hwy 97,Molino,32577,Escambia,-87.36242902,30.74042898,"-87.36242902, 30.74042898",16R DV 65306 00891,SHELTER,RISK,1,2002,1 Admin / Cafeteria / Media,A, ,0,0,683,13651,0,0,683,13651,307,L,No,No,No,Yes,Yes, ,Yes, , ,,,SHELTER,,Risk Shelter Inventory,Critical Community and Emergency Facilities,Regionally Significant,RSI_PT_411,,Northwest Florida Water Management District,FDEM,Risk Shelter Inventory - General - FDEM,,,,Emerald Coast,Northwest District,Northwest,3,1,1,Not Affected,Not Affected,Not Affected,Not Affected,Not Affected,Not Affected,Not Affected,Not Affected,Not Affected,Not Affected,Not Affected,Not Affected,Not Affected,Not Affected,Not Affected,Not Affected,Not Affected,Not Affected,Not Affected,Not Affected,Not Affected,78304.0549,752441.4492
434,382,Bailey MS,4001 Bauer Rd,Pensacola,32506,Escambia,-87.40308907,30.34669463,"-87.40308907, 30.34669463",16R DU 61258 57271,SHELTER,RISK,1,1993,6 Classroom,R, ,0,0,0,0,618,12357,618,12357,320,S-1435A-2003,No,No,No,No,Yes, , , , ,,,SHELTER,,Risk Shelter Inventory,Critical Community and Emergency Facilities,Regionally Significant,RSI_PT_425,,Northwest Florida Water Management District,FDEM,Risk Shelter Inventory - General - FDEM,,,,Emerald Coast,Northwest District,Northwest,3,2,1,Not Affected,Not Affected,Not Affected,Not Affected,Not Affected,Not Affected,Not Affected,Not Affected,Not Affected,Not Affected,Not Affected,Not Affected,Not Affected,Not Affected,Not Affected,Not Affected,Not Affected,Not Affected,Not Affected,Not Affected,Not Affected,73209.318,708872.3019
435,383,Workman MS,6299 Lanier Dr,Pensacola,32504,Escambia,-87.20733003,30.48657001,"-87.20733003, 30.48657001",16R DU 80101 72721,SHELTER,RISK,1,1996,7 Classroom,R, ,81,1620,0,0,286,7150,286,7150,0,S-1435A-2003,No,No,No,No,Yes, , , ,Yes,,,SHELTER,,Risk Shelter Inventory,Critical Community and Emergency Facilities,Regionally Significant,RSI_PT_435,Pensacola,Northwest Florida Water Management District,FDEM,Risk Shelter Inventory - General - FDEM,,,,Emerald Coast,Northwest District,Northwest,3,2,1,Not Affected,Not Affected,Not Affected,Not Affected,Not Affected,Not Affected,Not Affected,Not Affected,Not Affected,Not Affected,Not Affected,Not Affected,Not Affected,Not Affected,Not Affected,Not Affected,Not Affected,Not Affected,Medium,Medium,Medium,92406.9372,723886.4737
436,384,Sherwood ES,501 Cherokee Tr,Pensacola,32506,Escambia,-87.29048999,30.43563,"-87.29048999, 30.43563000",16R DU 72106 67094,SHELTER,RISK,1,2001,10 Classroom,R, ,0,0,0,0,212,3643,212,3643,0,S-1435A-2003,No,No,No,No,Yes, , , , ,,,SHELTER,,Risk Shelter Inventory,Critical Community and Emergency Facilities,Regionally Significant,RSI_PT_436,,Northwest Florida Water Management District,FDEM,Risk Shelter Inventory - General - FDEM,,,,Emerald Coast,Northwest District,Northwest,3,1,1,Not Affected,Not Affected,Not Affected,Not Affected,Not Affected,Not Affected,Not Affected,Not Affected,Not Affected,Not Affected,Not Affected,Not Affected,Not Affected,Not Affected,Not Affected,Not Affected,Not Affected,Not Affected,Not Affected,Not Affected,Not Affected,84282.6751,718445.4858
437,385,Global Learning Academy,100 North P St,Pensacola,32505,Escambia,-87.24270964,30.41404429,"-87.24270964, 30.41404429",16R DU 76688 64691,SHELTER,RISK,1,2010,1 Main,A, ,2559,51189,0,0,0,0,2559,51189,2050, ,No,No,No,No,Yes, , , ,Yes,,,SHELTER,,Risk Shelter Inventory,Critical Community and Emergency Facilities,Regionally Significant,RSI_PT_437,Pensacola,Northwest Florida Water Management District,FDEM,Risk Shelter Inventory - General - FDEM,,,,Emerald Coast,Northwest District,Northwest,3,2,1,Not Affected,Not Affected,Not Affected,Not Affected,Not Affected,Not Affected,Not Affected,Not Affected,Not Affected,Not Affected,Not Affected,Not Affected,Not Affected,Not Affected,Not Affected,Not Affected,Low,Low,Medium,Medium,Medium,88803.0729,715929.3163
438,386,Tate HS,1771 Tate Rd,Cantonment,32533,Escambia,-87.2989943,30.57673546,"-87.29899430, 30.57673546",16R DU 71330 82733,SHELTER,RISK,1,1993,38 Gym,R, ,0,0,0,0,1300,26000,1300,26000,0,S-1508-2005,No,No,No,No,Yes, , , , ,,,SHELTER,,Risk Shelter Inventory,Critical Community and Emergency Facilities,Regionally Significant,RSI_PT_438,,Northwest Florida Water Management District,FDEM,Risk Shelter Inventory - General - FDEM,,,,Emerald Coast,Northwest District,Northwest,3,1,1,Not Affected,Not Affected,Not Affected,Not Affected,Not Affected,Not Affected,Not Affected,Not Affected,Not Affected,Not Affected,Not Affected,Not Affected,Not Affected,Not Affected,Not Affected,Not Affected,Not Affected,Not Affected,Not Affected,Not Affected,Not Affected,83885.7609,734120.5225
439,387,Lipscomb ES,10200 Ashton Brosnaham Dr,Pensacola,32534,Escambia,-87.26888103,30.55537399,"-87.26888103, 30.55537399",16R DU 74212 80358,SHELTER,RISK,1,1991,600 wing Classroom,R,100 kW,0,0,0,0,330,6598,330,6598,0,"F,S,L-HMGP",No,No,No,No,Yes, , , , ,,,SHELTER,,Risk Shelter Inventory,Critical Community and Emergency Facilities,Regionally Significant,RSI_PT_412,,Northwest Florida Water Management District,FDEM,Risk Shelter Inventory - General - FDEM,,,,Emerald Coast,Northwest District,Northwest,3,1,1,Not Affected,Not Affected,Not Affected,Not Affected,Not Affected,Not Affected,Not Affected,Not Affected,Not Affected,Not Affected,Not Affected,Not Affected,Not Affected,Not Affected,Not Affected,Not Affected,Not Affected,Not Affected,Not Affected,Not Affected,Not Affected,86707.7484,731674.0748
440,388,Blue Angel ES,1551 Dog Track Rd,Pensacola,32506,Escambia,-87.35876202,30.38642299,"-87.35876202, 30.38642299",16R DU 65532 61659,SHELTER,RISK,1,1999,200 wing Cafeteria / Music,R,100 kW,0,0,0,0,200,5005,200,5005,0,L,No,No,AE,No,Yes, , , , ,,,SHELTER,,Risk Shelter Inventory,Critical Community and Emergency Facilities,Regionally Significant,RSI_PT_417,,Northwest Florida Water Management District,FDEM,Risk Shelter Inventory - General - FDEM,,,,Emerald Coast,Northwest District,Northwest,3,2,1,Not Affected,Not Affected,Not Affected,Not Affected,Not Affected,Not Affected,Not Affected,Not Affected,Not Affected,Not Affected,Not Affected,Not Affected,Not Affected,Not Affected,Not Affected,Not Affected,Not Affected,Not Affected,Not Affected,Not Affected,Not Affected,77584.9609,713163.1352
441,389,Molino Park ES,899 Hwy 97,Molino,32577,Escambia,-87.36242902,30.74042898,"-87.36242902, 30.74042898",16R DV 65306 00891,SHELTER,RISK,1,2002,5 Classroom,R, ,0,0,0,0,229,4589,229,4589,307,S,No,No,No,No,Yes, ,Yes, , ,,,SHELTER,,Risk Shelter Inventory,Critical Community and Emergency Facilities,Regionally Significant,RSI_PT_411,,Northwest Florida Water Management District,FDEM,Risk Shelter Inventory - General - FDEM,,,,Emerald Coast,Northwest District,Northwest,3,1,1,Not Affected,Not Affected,Not Affected,Not Affected,Not Affected,Not Affected,Not Affected,Not Affected,Not Affected,Not Affected,Not Affected,Not Affected,Not Affected,Not Affected,Not Affected,Not Affected,Not Affected,Not Affected,Not Affected,Not Affected,Not Affected,78304.0549,752441.4492
442,390,Lipscomb ES,10200 Ashton Brosnaham Dr,Pensacola,32534,Escambia,-87.26888103,30.55537399,"-87.26888103, 30.55537399",16R DU 74212 80358,SHELTER,RISK,1,1991,100 North wing Cafeteria / Music,R,100 kW,0,0,0,0,252,5041,252,5041,0,"F,S,L-HMGP",No,No,No,No,Yes, , , , ,,,SHELTER,,Risk Shelter Inventory,Critical Community and Emergency Facilities,Regionally Significant,RSI_PT_412,,Northwest Florida Water Management District,FDEM,Risk Shelter Inventory - General - FDEM,,,,Emerald Coast,Northwest District,Northwest,3,1,1,Not Affected,Not Affected,Not Affected,Not Affected,Not Affected,Not Affected,Not Affected,Not Affected,Not Affected,Not Affected,Not Affected,Not Affected,Not Affected,Not Affected,Not Affected,Not Affected,Not Affected,Not Affected,Not Affected,Not Affected,Not Affected,86707.7484,731674.0748
443,391,Tate HS,1771 Tate Rd,Cantonment,32533,Escambia,-87.2989943,30.57673546,"-87.29899430, 30.57673546",16R DU 71330 82733,SHELTER,RISK,1,1999,39 Cafeteria,R, ,0,0,0,0,514,8200,514,8200,0,S-1435A-2003,No,No,No,No,Yes, , , , ,,,SHELTER,,Risk Shelter Inventory,Critical Community and Emergency Facilities,Regionally Significant,RSI_PT_438,,Northwest Florida Water Management District,FDEM,Risk Shelter Inventory - General - FDEM,,,,Emerald Coast,Northwest District,Northwest,3,1,1,Not Affected,Not Affected,Not Affected,Not Affected,Not Affected,Not Affected,Not Affected,Not Affected,Not Affected,Not Affected,Not Affected,Not Affected,Not Affected,Not Affected,Not Affected,Not Affected,Not Affected,Not Affected,Not Affected,Not Affected,Not Affected,83885.7609,734120.5225
444,392,Bailey MS,4001 Bauer Rd,Pensacola,32506,Escambia,-87.40308907,30.34669463,"-87.40308907, 30.34669463",16R DU 61258 57271,SHELTER,RISK,1,1993,8 Classroom 2nd Floor,R, ,0,0,0,0,461,9227,461,9227,320,S-1435A-2003,No,No,No,No,Yes, , , , ,,,SHELTER,,Risk Shelter Inventory,Critical Community and Emergency Facilities,Regionally Significant,RSI_PT_425,,Northwest Florida Water Management District,FDEM,Risk Shelter Inventory - General - FDEM,,,,Emerald Coast,Northwest District,Northwest,3,2,1,Not Affected,Not Affected,Not Affected,Not Affected,Not Affected,Not Affected,Not Affected,Not Affected,Not Affected,Not Affected,Not Affected,Not Affected,Not Affected,Not Affected,Not Affected,Not Affected,Not Affected,Not Affected,Not Affected,Not Affected,Not Affected,73209.318,708872.3019
445,393,Lipscomb ES,10200 Ashton Brosnaham Dr,Pensacola,32534,Escambia,-87.26888103,30.55537399,"-87.26888103, 30.55537399",16R DU 74212 80358,SHELTER,RISK,1,1991,500 wing Classroom,R, ,0,0,0,0,300,5990,300,5990,0,"F,S,L-HMGP",No,No,No,No,Yes, , , , ,,,SHELTER,,Risk Shelter Inventory,Critical Community and Emergency Facilities,Regionally Significant,RSI_PT_412,,Northwest Florida Water Management District,FDEM,Risk Shelter Inventory - General - FDEM,,,,Emerald Coast,Northwest District,Northwest,3,1,1,Not Affected,Not Affected,Not Affected,Not Affected,Not Affected,Not Affected,Not Affected,Not Affected,Not Affected,Not Affected,Not Affected,Not Affected,Not Affected,Not Affected,Not Affected,Not Affected,Not Affected,Not Affected,Not Affected,Not Affected,Not Affected,86707.7484,731674.0748
446,394,Cordova Park ES,2250 Semur Rd,Pensacola,32503,Escambia,-87.19335002,30.46244002,"-87.19335002, 30.46244002",16R DU 81438 70045,SHELTER,RISK,1,2008,7 Classroom,A, ,0,0,227,4536,0,0,227,4536,0,L,No,No,No,Yes,Yes, , , ,Yes,,,SHELTER,,Risk Shelter Inventory,Critical Community and Emergency Facilities,Regionally Significant,RSI_PT_446,Pensacola,Northwest Florida Water Management District,FDEM,Risk Shelter Inventory - General - FDEM,,,,Emerald Coast,Northwest District,Northwest,3,2,1,Not Affected,Not Affected,Not Affected,Not Affected,Not Affected,Not Affected,Not Affected,Not Affected,Not Affected,Not Affected,Not Affected,Not Affected,Not Affected,Not Affected,Not Affected,Not Affected,Not Affected,Not Affected,Not Affected,Not Affected,Not Affected,93678.0266,721174.7494
447,395,Bailey MS,4001 Bauer Rd,Pensacola,32506,Escambia,-87.40308907,30.34669463,"-87.40308907, 30.34669463",16R DU 61258 57271,SHELTER,RISK,1,1993,1 Admin,R, ,0,0,0,0,124,2480,124,2480,320,S-1435A-2003,No,No,No,No,Yes, , , , ,,,SHELTER,,Risk Shelter Inventory,Critical Community and Emergency Facilities,Regionally Significant,RSI_PT_425,,Northwest Florida Water Management District,FDEM,Risk Shelter Inventory - General - FDEM,,,,Emerald Coast,Northwest District,Northwest,3,2,1,Not Affected,Not Affected,Not Affected,Not Affected,Not Affected,Not Affected,Not Affected,Not Affected,Not Affected,Not Affected,Not Affected,Not Affected,Not Affected,Not Affected,Not Affected,Not Affected,Not Affected,Not Affected,Not Affected,Not Affected,Not Affected,73209.318,708872.3019
448,396,Pensacola Bay Center,201 E Gregory St,Pensacola,32502,Escambia,-87.20846,30.41637002,"-87.20846000, 30.41637002",16R DU 79978 64942,SHELTER,RISK,1,1985,Corridors 1st and 2nd Floor,R, ,0,0,0,0,2000,39995,2000,39995,1999,L,No,No,No,No,Yes, , , ,Yes,,,SHELTER,,Risk Shelter Inventory,Critical Community and Emergency Facilities,Regionally Significant,RSI_PT_448,Pensacola,Northwest Florida Water Management District,FDEM,Risk Shelter Inventory - General - FDEM,,,,Emerald Coast,Northwest District,Northwest,3,2,1,Not Affected,Not Affected,Not Affected,Not Affected,Not Affected,Not Affected,Not Affected,Not Affected,Not Affected,Not Affected,Not Affected,Not Affected,Not Affected,Not Affected,Not Affected,Not Affected,Not Affected,Not Affected,Not Affected,Not Affected,Not Affected,92095.9183,716101.3612
449,397,Beulah ES,6201 Helms Rd,Pensacola,32526,Escambia,-87.35758696,30.50502202,"-87.35758696, 30.50502202",16R DU 65687 74802,SHELTER,RISK,1,2000,1 Classroom Addition (2000),R, ,0,0,0,0,185,3693,185,3693,0,S-1435A-2003,No,No,No,No,Yes, , , , ,,,SHELTER,,Risk Shelter Inventory,Critical Community and Emergency Facilities,Regionally Significant,RSI_PT_416,,Northwest Florida Water Management District,FDEM,Risk Shelter Inventory - General - FDEM,,,,Emerald Coast,Northwest District,Northwest,3,1,1,Not Affected,Not Affected,Not Affected,Not Affected,Not Affected,Not Affected,Not Affected,Not Affected,Not Affected,Not Affected,Not Affected,Not Affected,Not Affected,Not Affected,Not Affected,Not Affected,Not Affected,Not Affected,Not Affected,Not Affected,Not Affected,78056.0524,726316.9719
450,398,Lipscomb ES,10200 Ashton Brosnaham Dr,Pensacola,32534,Escambia,-87.26888103,30.55537399,"-87.26888103, 30.55537399",16R DU 74212 80358,SHELTER,RISK,1,1991,300 wing Classroom,R,100 kW,0,0,0,0,204,4085,204,4085,0,"F,S,L-HMGP",No,No,No,No,Yes, , , , ,,,SHELTER,,Risk Shelter Inventory,Critical Community and Emergency Facilities,Regionally Significant,RSI_PT_412,,Northwest Florida Water Management District,FDEM,Risk Shelter Inventory - General - FDEM,,,,Emerald Coast,Northwest District,Northwest,3,1,1,Not Affected,Not Affected,Not Affected,Not Affected,Not Affected,Not Affected,Not Affected,Not Affected,Not Affected,Not Affected,Not Affected,Not Affected,Not Affected,Not Affected,Not Affected,Not Affected,Not Affected,Not Affected,Not Affected,Not Affected,Not Affected,86707.7484,731674.0748
451,399,Warrington MS,450 South Old Corry Field Rd,Pensacola,32507,Escambia,-87.27410129,30.40365616,"-87.27410129, 30.40365616",16R DU 73671 63546,SHELTER,RISK,1,2009,8 Gym,A, ,569,11386,0,0,0,0,569,11386,0, ,No,No,No,No,Yes, , , ,Yes,,,SHELTER,,Risk Shelter Inventory,Critical Community and Emergency Facilities,Regionally Significant,RSI_PT_451,,Northwest Florida Water Management District,FDEM,Risk Shelter Inventory - General - FDEM,,,,Emerald Coast,Northwest District,Northwest,3,2,1,Not Affected,Not Affected,Not Affected,Not Affected,Not Affected,Not Affected,Not Affected,Not Affected,Not Affected,Not Affected,Not Affected,Not Affected,Not Affected,Not Affected,Not Affected,Not Affected,Not Affected,Not Affected,Not Affected,Not Affected,Not Affected,85760.5719,714856.4525
452,400,Blue Angel ES,1551 Dog Track Rd,Pensacola,32506,Escambia,-87.35876202,30.38642299,"-87.35876202, 30.38642299",16R DU 65532 61659,SHELTER,RISK,1,1999,600 wing Classroom,R,100 kW,0,0,0,0,406,8653,406,8653,0,L,No,No,AE,No,Yes, , , , ,,,SHELTER,,Risk Shelter Inventory,Critical Community and Emergency Facilities,Regionally Significant,RSI_PT_417,,Northwest Florida Water Management District,FDEM,Risk Shelter Inventory - General - FDEM,,,,Emerald Coast,Northwest District,Northwest,3,2,1,Not Affected,Not Affected,Not Affected,Not Affected,Not Affected,Not Affected,Not Affected,Not Affected,Not Affected,Not Affected,Not Affected,Not Affected,Not Affected,Not Affected,Not Affected,Not Affected,Not Affected,Not Affected,Not Affected,Not Affected,Not Affected,77584.9609,713163.1352
453,401,Molino Park ES,899 Hwy 97,Molino,32577,Escambia,-87.36242902,30.74042898,"-87.36242902, 30.74042898",16R DV 65306 00891,SHELTER,RISK,1,2002,3 Classroom,R, ,0,0,0,0,357,7137,357,7137,307,S,No,No,No,No,Yes, ,Yes, , ,,,SHELTER,,Risk Shelter Inventory,Critical Community and Emergency Facilities,Regionally Significant,RSI_PT_411,,Northwest Florida Water Management District,FDEM,Risk Shelter Inventory - General - FDEM,,,,Emerald Coast,Northwest District,Northwest,3,1,1,Not Affected,Not Affected,Not Affected,Not Affected,Not Affected,Not Affected,Not Affected,Not Affected,Not Affected,Not Affected,Not Affected,Not Affected,Not Affected,Not Affected,Not Affected,Not Affected,Not Affected,Not Affected,Not Affected,Not Affected,Not Affected,78304.0549,752441.4492
454,402,Ferry Pass MS,8355 Yancey Ave,Pensacola,32514,Escambia,-87.19762102,30.51376698,"-87.19762102, 30.51376698",16R DU 81038 75733,SHELTER,RISK,1,1997,4 Classroom,R, ,99,1974,0,0,311,6211,311,6211,0,S-1435A-2003,No,No,No,No,Yes, , , , ,,,SHELTER,,Risk Shelter Inventory,Critical Community and Emergency Facilities,Regionally Significant,RSI_PT_419,,Northwest Florida Water Management District,FDEM,Risk Shelter Inventory - General - FDEM,,,,Emerald Coast,Northwest District,Northwest,3,1,1,Not Affected,Not Affected,Not Affected,Not Affected,Not Affected,Not Affected,Not Affected,Not Affected,Not Affected,Not Affected,Not Affected,Not Affected,Not Affected,Not Affected,Not Affected,Not Affected,Not Affected,Not Affected,Low,Medium,Low,93416.1062,726879.4095
455,403,Bailey MS,4001 Bauer Rd,Pensacola,32506,Escambia,-87.40308907,30.34669463,"-87.40308907, 30.34669463",16R DU 61258 57271,SHELTER,RISK,1,1993,4 Cafeteria,R, ,0,0,0,0,169,3376,169,3376,320,S-1435A-2003,No,No,No,No,Yes, , , , ,,,SHELTER,,Risk Shelter Inventory,Critical Community and Emergency Facilities,Regionally Significant,RSI_PT_425,,Northwest Florida Water Management District,FDEM,Risk Shelter Inventory - General - FDEM,,,,Emerald Coast,Northwest District,Northwest,3,2,1,Not Affected,Not Affected,Not Affected,Not Affected,Not Affected,Not Affected,Not Affected,Not Affected,Not Affected,Not Affected,Not Affected,Not Affected,Not Affected,Not Affected,Not Affected,Not Affected,Not Affected,Not Affected,Not Affected,Not Affected,Not Affected,73209.318,708872.3019
456,404,Ferry Pass ES,8310 N Davis Hwy,Pensacola,32514,Escambia,-87.21650897,30.51413599,"-87.21650897, 30.51413599",16R DU 79226 75777,SHELTER,RISK,1,2001,5 Classroom,R, ,0,0,0,0,293,5717,293,5717,0,S-1435A-2003,No,No,No,No,Yes, , , , ,,,SHELTER,,Risk Shelter Inventory,Critical Community and Emergency Facilities,Regionally Significant,RSI_PT_456,,Northwest Florida Water Management District,FDEM,Risk Shelter Inventory - General - FDEM,,,,Emerald Coast,Northwest District,Northwest,3,1,1,Not Affected,Not Affected,Not Affected,Not Affected,Not Affected,Not Affected,Not Affected,Not Affected,Not Affected,Not Affected,Not Affected,Not Affected,Not Affected,Not Affected,Not Affected,Not Affected,Not Affected,Not Affected,Not Affected,Not Affected,Not Affected,91606.6309,726967.4435
457,405,Longleaf ES,2600 Longleaf Dr,Pensacola,32526,Escambia,-87.29937104,30.48861201,"-87.29937104, 30.48861201",16R DU 71268 72967,SHELTER,RISK,1,2000,2 Classroom,R, ,74,1488,0,0,392,7840,392,7840,0,S-1435A-2003,No,No,No,No,Yes, , , ,Yes,,,SHELTER,,Risk Shelter Inventory,Critical Community and Emergency Facilities,Regionally Significant,RSI_PT_457,,Northwest Florida Water Management District,FDEM,Risk Shelter Inventory - General - FDEM,,,,Emerald Coast,Northwest District,Northwest,3,1,1,Not Affected,Not Affected,Not Affected,Not Affected,Not Affected,Not Affected,Not Affected,Not Affected,Not Affected,Not Affected,Not Affected,Not Affected,Not Affected,Not Affected,Not Affected,Not Affected,Not Affected,Not Affected,Not Affected,Not Affected,Not Affected,83588.0538,724345.8802
458,406,Northview HS,4100 W Highway 4,Century,32535,Escambia,-87.40715997,30.96698998,"-87.40715997, 30.96698998",16R DV 61116 26014,SHELTER,RISK,1,1993,1 Main,R, ,0,0,0,0,1489,29772,1489,29772,1182,S-1435A=2003 / S-1508-2005,No,No,No,No,Yes, , ,Partial, ,,,SHELTER,,Risk Shelter Inventory,Critical Community and Emergency Facilities,Regionally Significant,RSI_PT_458,,Northwest Florida Water Management District,FDEM,Risk Shelter Inventory - General - FDEM,,,,Emerald Coast,Northwest District,Northwest,3,1,1,Not Affected,Not Affected,Not Affected,Not Affected,Not Affected,Not Affected,Not Affected,Not Affected,Not Affected,Not Affected,Not Affected,Not Affected,Not Affected,Not Affected,Not Affected,Not Affected,Not Affected,Not Affected,Not Affected,Not Affected,Not Affected,74719.9641,777684.8125
459,407,Bailey MS,4001 Bauer Rd,Pensacola,32506,Escambia,-87.40308907,30.34669463,"-87.40308907, 30.34669463",16R DU 61258 57271,SHELTER,RISK,1,1993,3 Art,R, ,0,0,0,0,27,546,27,546,320,S-1435A-2003,No,No,No,No,Yes, , , , ,,,SHELTER,,Risk Shelter Inventory,Critical Community and Emergency Facilities,Regionally Significant,RSI_PT_425,,Northwest Florida Water Management District,FDEM,Risk Shelter Inventory - General - FDEM,,,,Emerald Coast,Northwest District,Northwest,3,2,1,Not Affected,Not Affected,Not Affected,Not Affected,Not Affected,Not Affected,Not Affected,Not Affected,Not Affected,Not Affected,Not Affected,Not Affected,Not Affected,Not Affected,Not Affected,Not Affected,Not Affected,Not Affected,Not Affected,Not Affected,Not Affected,73209.318,708872.3019
460,408,Blue Angel ES,1551 Dog Track Rd,Pensacola,32506,Escambia,-87.35876202,30.38642299,"-87.35876202, 30.38642299",16R DU 65532 61659,SHELTER,RISK,1,1999,100 wing Admin / Media / Art,R,100 kW,0,0,0,0,274,6851,274,6851,0,L,No,No,No,No,Yes, , , , ,,,SHELTER,,Risk Shelter Inventory,Critical Community and Emergency Facilities,Regionally Significant,RSI_PT_417,,Northwest Florida Water Management District,FDEM,Risk Shelter Inventory - General - FDEM,,,,Emerald Coast,Northwest District,Northwest,3,2,1,Not Affected,Not Affected,Not Affected,Not Affected,Not Affected,Not Affected,Not Affected,Not Affected,Not Affected,Not Affected,Not Affected,Not Affected,Not Affected,Not Affected,Not Affected,Not Affected,Not Affected,Not Affected,Not Affected,Not Affected,Not Affected,77584.9609,713163.1352
461,409,Blue Angel ES,1551 Dog Track Rd,Pensacola,32506,Escambia,-87.35876202,30.38642299,"-87.35876202, 30.38642299",16R DU 65532 61659,SHELTER,RISK,1,1999,300 wing Classroom,R,100 kW,0,0,0,0,354,6222,354,6222,0,L,No,No,No,No,Yes, , , , ,,,SHELTER,,Risk Shelter Inventory,Critical Community and Emergency Facilities,Regionally Significant,RSI_PT_417,,Northwest Florida Water Management District,FDEM,Risk Shelter Inventory - General - FDEM,,,,Emerald Coast,Northwest District,Northwest,3,2,1,Not Affected,Not Affected,Not Affected,Not Affected,Not Affected,Not Affected,Not Affected,Not Affected,Not Affected,Not Affected,Not Affected,Not Affected,Not Affected,Not Affected,Not Affected,Not Affected,Not Affected,Not Affected,Not Affected,Not Affected,Not Affected,77584.9609,713163.1352
462,410,Belle Terre ES,5545 Belle Terre Pkwy,Palm Coast,32137,Flagler,-81.25947999,29.58305001,"-81.25947999, 29.58305001",17R MN 74869 72613,SHELTER,RISK,4,2005,5 Cafeteria / Art / Music,A, ,0,0,369,7376,0,0,369,7376,368, ,No,No,No,Yes,Yes, , , , ,,,SHELTER,,Risk Shelter Inventory,Critical Community and Emergency Facilities,Regionally Significant,RSI_PT_462,Palm Coast,St. Johns River Water Management District,FDEM,Risk Shelter Inventory - General - FDEM,,,,Northeast Florida,Northeast District,Northeast,5,19,7,Not Affected,Not Affected,Not Affected,Not Affected,Not Affected,Not Affected,Not Affected,Not Affected,Not Affected,Not Affected,Not Affected,Not Affected,Not Affected,Not Affected,Not Affected,Not Affected,Not Affected,Not Affected,Not Affected,Not Affected,Not Affected,665061.2448,622537.4497
463,411,Matanzas HS,3535 N Old Kings Rd,Palm Coast,32137,Flagler,-81.23561001,29.60471999,"-81.23561001, 29.60471999",17R MN 77186 75009,SHELTER,RISK,4,2004,3 Gym,A, ,710,14203,0,0,0,0,710,14203,0, ,D,No,No,No,Yes, , , , ,,,SHELTER,,Risk Shelter Inventory,Critical Community and Emergency Facilities,Regionally Significant,RSI_PT_463,Palm Coast,St. Johns River Water Management District,FDEM,Risk Shelter Inventory - General - FDEM,,,,Northeast Florida,Northeast District,Northeast,5,19,7,Not Affected,Not Affected,Not Affected,Not Affected,Not Affected,Not Affected,Not Affected,Not Affected,Not Affected,Not Affected,Not Affected,Not Affected,Not Affected,Not Affected,Not Affected,Not Affected,Not Affected,Not Affected,Not Affected,Not Affected,Not Affected,667315.6172,624994.353
464,412,Matanzas HS,3535 N Old Kings Rd,Palm Coast,32137,Flagler,-81.23561001,29.60471999,"-81.23561001, 29.60471999",17R MN 77186 75009,SHELTER,RISK,4,2004,5 Classroom / Media,A, ,0,0,0,0,0,0,1059,21186,0, ,D,No,No,No,Yes, , , , ,,,SHELTER,,Risk Shelter Inventory,Critical Community and Emergency Facilities,Regionally Significant,RSI_PT_463,Palm Coast,St. Johns River Water Management District,FDEM,Risk Shelter Inventory - General - FDEM,,,,Northeast Florida,Northeast District,Northeast,5,19,7,Not Affected,Not Affected,Not Affected,Not Affected,Not Affected,Not Affected,Not Affected,Not Affected,Not Affected,Not Affected,Not Affected,Not Affected,Not Affected,Not Affected,Not Affected,Not Affected,Not Affected,Not Affected,Not Affected,Not Affected,Not Affected,667315.6172,624994.353
465,413,Bunnel ES,305 N Palmetto St,Bunnell,32110,Flagler,-81.25540001,29.47276,"-81.25540001, 29.47276000",17R MN 75238 60392,SHELTER,RISK,4,2007,12 Multipurpose / Gym,A,"1,000 kW",0,0,0,0,0,0,196,3917,128, ,No,No,No,No,Yes, , , , ,,,SHELTER,,Risk Shelter Inventory,Critical Community and Emergency Facilities,Regionally Significant,RSI_PT_465,Bunnell,St. Johns River Water Management District,FDEM,Risk Shelter Inventory - General - FDEM,,,,Northeast Florida,Northeast District,Northeast,5,19,7,Not Affected,Not Affected,Not Affected,Not Affected,Not Affected,Not Affected,Not Affected,Not Affected,Not Affected,Not Affected,Not Affected,Not Affected,Not Affected,Not Affected,Not Affected,Not Affected,Not Affected,Not Affected,Not Affected,Not Affected,Not Affected,665728.319,610303.6585
466,414,Matanzas HS,3535 N Old Kings Rd,Palm Coast,32137,Flagler,-81.23561001,29.60471999,"-81.23561001, 29.60471999",17R MN 77186 75009,SHELTER,RISK,4,2005,6 Classroom,A, ,0,0,0,0,0,0,125,2506,0, ,D,No,No,No,Yes, , , , ,,,SHELTER,,Risk Shelter Inventory,Critical Community and Emergency Facilities,Regionally Significant,RSI_PT_463,Palm Coast,St. Johns River Water Management District,FDEM,Risk Shelter Inventory - General - FDEM,,,,Northeast Florida,Northeast District,Northeast,5,19,7,Not Affected,Not Affected,Not Affected,Not Affected,Not Affected,Not Affected,Not Affected,Not Affected,Not Affected,Not Affected,Not Affected,Not Affected,Not Affected,Not Affected,Not Affected,Not Affected,Not Affected,Not Affected,Not Affected,Not Affected,Not Affected,667315.6172,624994.353
467,415,Bunnell ES,305 N Palmetto St,Bunnell,32110,Flagler,-81.25540001,29.47276,"-81.25540001, 29.47276000",17R MN 75238 60392,SHELTER,RISK,4,2004,10 Admin / Classroom,A,"1,000 kW",0,0,0,0,0,0,998,19956,0, ,No,No,No,No,Yes, , , , ,,,SHELTER,,Risk Shelter Inventory,Critical Community and Emergency Facilities,Regionally Significant,RSI_PT_467,Bunnell,St. Johns River Water Management District,FDEM,Risk Shelter Inventory - General - FDEM,,,,Northeast Florida,Northeast District,Northeast,5,19,7,Not Affected,Not Affected,Not Affected,Not Affected,Not Affected,Not Affected,Not Affected,Not Affected,Not Affected,Not Affected,Not Affected,Not Affected,Not Affected,Not Affected,Not Affected,Not Affected,Not Affected,Not Affected,Not Affected,Not Affected,Not Affected,665728.319,610303.6585
468,416,Rymfire ES,1425 Rymfire Dr,Palm Coast,32164,Flagler,-81.22087001,29.50527001,"-81.22087001, 29.50527001",17R MN 78592 63987,SHELTER,RISK,4,2006,2 Classroom,A, ,0,0,0,0,0,0,1562,31240,0, ,No,No,No,No,Yes, , , , ,,,SHELTER,,Risk Shelter Inventory,Critical Community and Emergency Facilities,Regionally Significant,RSI_PT_468,Palm Coast,St. Johns River Water Management District,FDEM,Risk Shelter Inventory - General - FDEM,,,,Northeast Florida,Northeast District,Northeast,5,19,7,Not Affected,Not Affected,Not Affected,Not Affected,Not Affected,Not Affected,Not Affected,Not Affected,Not Affected,Not Affected,Not Affected,Not Affected,Not Affected,Not Affected,Not Affected,Not Affected,Not Affected,Not Affected,Not Affected,Low,Low,668989.5591,613987.2871
469,417,Flagler Palm Coast HS,5501 FL-100,Palm Coast,32164,Flagler,-81.20779177,29.47525672,"-81.20779177, 29.47525672",17R MN 79854 60659,SHELTER,RISK,4,1990,4 Auditorium,R, ,0,0,0,0,697,13943,697,13943,697,F-HMGP,No,No,No,No,Yes, , , , ,,,SHELTER,,Risk Shelter Inventory,Critical Community and Emergency Facilities,Regionally Significant,RSI_PT_469,,St. Johns River Water Management District,FDEM,Risk Shelter Inventory - General - FDEM,,,,Northeast Florida,Northeast District,Northeast,5,19,7,Not Affected,Not Affected,Not Affected,Not Affected,Not Affected,Not Affected,Not Affected,Not Affected,Not Affected,Not Affected,Not Affected,Not Affected,Not Affected,Not Affected,Not Affected,Not Affected,Not Affected,Not Affected,Not Affected,Not Affected,Not Affected,670330.6247,610684.2856
470,418,Belle Terre ES,5545 Belle Terre Pkwy,Palm Coast,32137,Flagler,-81.25947999,29.58305001,"-81.25947999, 29.58305001",17R MN 74869 72613,SHELTER,RISK,4,2005,4 Classroom,A, ,180,3607,0,0,0,0,180,3607,108, ,No,No,No,No,Yes, , , , ,,,SHELTER,,Risk Shelter Inventory,Critical Community and Emergency Facilities,Regionally Significant,RSI_PT_462,Palm Coast,St. Johns River Water Management District,FDEM,Risk Shelter Inventory - General - FDEM,,,,Northeast Florida,Northeast District,Northeast,5,19,7,Not Affected,Not Affected,Not Affected,Not Affected,Not Affected,Not Affected,Not Affected,Not Affected,Not Affected,Not Affected,Not Affected,Not Affected,Not Affected,Not Affected,Not Affected,Not Affected,Not Affected,Not Affected,Not Affected,Not Affected,Not Affected,665061.2448,622537.4497
471,419,Buddy-Worth Campus,4550 Belle Terre Pkwy,Palm Coast,32164,Flagler,-81.22507001,29.53278,"-81.22507001, 29.53278000",17R MN 78191 67036,SHELTER,RISK,4,2007,Wadsworth ES 6 Cafeteria / Classroom,A,"Yes, unknown kW",0,0,0,0,0,0,1464,29286,1464, ,No,No,No,No,Yes, , , , ,,,SHELTER,,Risk Shelter Inventory,Critical Community and Emergency Facilities,Regionally Significant,RSI_PT_471,Palm Coast,St. Johns River Water Management District,FDEM,Risk Shelter Inventory - General - FDEM,,,,Northeast Florida,Northeast District,Northeast,5,19,7,Not Affected,Not Affected,Not Affected,Not Affected,Not Affected,Not Affected,Not Affected,Not Affected,Not Affected,Not Affected,Not Affected,Not Affected,Not Affected,Not Affected,Not Affected,Not Affected,Not Affected,Not Affected,Not Affected,Not Affected,Not Affected,668514.3845,617031.8297
472,420,Belle Terre ES,5545 Belle Terre Pkwy,Palm Coast,32137,Flagler,-81.25947999,29.58305001,"-81.25947999, 29.58305001",17R MN 74869 72613,SHELTER,RISK,4,2005,3 Classroom,A, ,210,4201,0,0,0,0,210,4201,202, ,No,No,No,No,Yes, , , , ,,,SHELTER,,Risk Shelter Inventory,Critical Community and Emergency Facilities,Regionally Significant,RSI_PT_462,Palm Coast,St. Johns River Water Management District,FDEM,Risk Shelter Inventory - General - FDEM,,,,Northeast Florida,Northeast District,Northeast,5,19,7,Not Affected,Not Affected,Not Affected,Not Affected,Not Affected,Not Affected,Not Affected,Not Affected,Not Affected,Not Affected,Not Affected,Not Affected,Not Affected,Not Affected,Not Affected,Not Affected,Not Affected,Not Affected,Not Affected,Not Affected,Not Affected,665061.2448,622537.4497
473,421,Old Kings ES,301 Old Kings Road S,Flagler Beach,32136,Flagler,-81.17589004,29.47323999,"-81.17589004, 29.47323999",17R MN 82946 60431,SHELTER,RISK,4,2006,5 Classroom,A, ,0,0,0,0,0,0,565,11291,0, ,D,5,No,No,Yes, , , , ,,,SHELTER,,Risk Shelter Inventory,Critical Community and Emergency Facilities,Regionally Significant,RSI_PT_473,Palm Coast,St. Johns River Water Management District,FDEM,Risk Shelter Inventory - General - FDEM,,,,Northeast Florida,Northeast District,Northeast,5,19,7,Not Affected,Not Affected,Not Affected,Not Affected,Not Affected,Not Affected,Not Affected,Not Affected,Not Affected,Not Affected,Not Affected,Not Affected,Not Affected,Not Affected,Not Affected,Not Affected,Not Affected,Not Affected,Not Affected,Not Affected,Not Affected,673423.8162,610530.7554
474,422,Rymfire ES,1428 Rymfire Dr,Palm Coast,32164,Flagler,-81.22100969,29.50546973,"-81.22100969, 29.50546973",17R MN 78579 64009,SHELTER,RISK,4,2006,4 Multipurpose,A, ,0,0,207,4134,0,0,207,4134,0, ,No,No,No,Yes,Yes, , , , ,,,SHELTER,,Risk Shelter Inventory,Critical Community and Emergency Facilities,Regionally Significant,RSI_PT_474,Palm Coast,St. Johns River Water Management District,FDEM,Risk Shelter Inventory - General - FDEM,,,,Northeast Florida,Northeast District,Northeast,5,19,7,Not Affected,Not Affected,Not Affected,Not Affected,Not Affected,Not Affected,Not Affected,Not Affected,Not Affected,Not Affected,Not Affected,Not Affected,Not Affected,Not Affected,Not Affected,Low,Low,Low,Medium,Medium,Medium,668975.5423,614009.1525
475,423,Bunnell ES,305 N Palmetto St,Bunnell,32110,Flagler,-81.25540001,29.47276,"-81.25540001, 29.47276000",17R MN 75238 60392,SHELTER,RISK,4,2006,13 Classroom,R,"Yes, unknown kW",0,0,0,0,1056,21120,1056,21120,0,S,No,No,No,No,Yes, , , , ,,,SHELTER,,Risk Shelter Inventory,Critical Community and Emergency Facilities,Regionally Significant,RSI_PT_467,Bunnell,St. Johns River Water Management District,FDEM,Risk Shelter Inventory - General - FDEM,,,,Northeast Florida,Northeast District,Northeast,5,19,7,Not Affected,Not Affected,Not Affected,Not Affected,Not Affected,Not Affected,Not Affected,Not Affected,Not Affected,Not Affected,Not Affected,Not Affected,Not Affected,Not Affected,Not Affected,Not Affected,Not Affected,Not Affected,Not Affected,Not Affected,Not Affected,665728.319,610303.6585
476,424,Matanzas HS,3535 N Old Kings Rd,Palm Coast,32137,Flagler,-81.23561001,29.60471999,"-81.23561001, 29.60471999",17R MN 77186 75009,SHELTER,RISK,4,2005,4 Cafeteria,A, ,0,0,243,4853,0,0,243,4853,0, ,D,No,No,Yes,Yes, , , , ,,,SHELTER,,Risk Shelter Inventory,Critical Community and Emergency Facilities,Regionally Significant,RSI_PT_463,Palm Coast,St. Johns River Water Management District,FDEM,Risk Shelter Inventory - General - FDEM,,,,Northeast Florida,Northeast District,Northeast,5,19,7,Not Affected,Not Affected,Not Affected,Not Affected,Not Affected,Not Affected,Not Affected,Not Affected,Not Affected,Not Affected,Not Affected,Not Affected,Not Affected,Not Affected,Not Affected,Not Affected,Not Affected,Not Affected,Not Affected,Not Affected,Not Affected,667315.6172,624994.353
477,425,Bunnell ES,305 N Palmetto St,Bunnell,32110,Flagler,-81.25540001,29.47276,"-81.25540001, 29.47276000",17R MN 75238 60392,SHELTER,RISK,4,2007,11 Cafeteria / Music,A,"Yes, unknown kW",0,0,541,10823,0,0,541,10823,0, ,No,No,No,Yes,Yes, , , , ,,,SHELTER,,Risk Shelter Inventory,Critical Community and Emergency Facilities,Regionally Significant,RSI_PT_467,Bunnell,St. Johns River Water Management District,FDEM,Risk Shelter Inventory - General - FDEM,,,,Northeast Florida,Northeast District,Northeast,5,19,7,Not Affected,Not Affected,Not Affected,Not Affected,Not Affected,Not Affected,Not Affected,Not Affected,Not Affected,Not Affected,Not Affected,Not Affected,Not Affected,Not Affected,Not Affected,Not Affected,Not Affected,Not Affected,Not Affected,Not Affected,Not Affected,665728.319,610303.6585
478,426,Matanzas HS,3535 N Old Kings Rd,Palm Coast,32137,Flagler,-81.23561001,29.60471999,"-81.23561001, 29.60471999",17R MN 77186 75009,SHELTER,RISK,4,2009,11 Wrestling,A, ,0,0,0,0,0,0,98,1950,0, ,D,No,No,No,Yes, , , , ,,,SHELTER,,Risk Shelter Inventory,Critical Community and Emergency Facilities,Regionally Significant,RSI_PT_463,Palm Coast,St. Johns River Water Management District,FDEM,Risk Shelter Inventory - General - FDEM,,,,Northeast Florida,Northeast District,Northeast,5,19,7,Not Affected,Not Affected,Not Affected,Not Affected,Not Affected,Not Affected,Not Affected,Not Affected,Not Affected,Not Affected,Not Affected,Not Affected,Not Affected,Not Affected,Not Affected,Not Affected,Not Affected,Not Affected,Not Affected,Not Affected,Not Affected,667315.6172,624994.353
479,427,Buddy-Worth Campus,4550 Belle Terre Pkwy,Palm Coast,32164,Flagler,-81.22507001,29.53278,"-81.22507001, 29.53278000",17R MN 78191 67036,SHELTER,RISK,4,1994,Wadsworth ES 4 Multipurpose,R, ,0,0,0,0,0,0,140,2798,128,F-HMGP,No,No,No,No,Yes, , , , ,,,SHELTER,,Risk Shelter Inventory,Critical Community and Emergency Facilities,Regionally Significant,RSI_PT_471,Palm Coast,St. Johns River Water Management District,FDEM,Risk Shelter Inventory - General - FDEM,,,,Northeast Florida,Northeast District,Northeast,5,19,7,Not Affected,Not Affected,Not Affected,Not Affected,Not Affected,Not Affected,Not Affected,Not Affected,Not Affected,Not Affected,Not Affected,Not Affected,Not Affected,Not Affected,Not Affected,Not Affected,Not Affected,Not Affected,Not Affected,Not Affected,Not Affected,668514.3845,617031.8297
480,428,Belle Terre ES,5545 Belle Terre Pkwy,Palm Coast,32137,Flagler,-81.25947999,29.58305001,"-81.25947999, 29.58305001",17R MN 74869 72613,SHELTER,RISK,4,2005,6 Classroom,A, ,202,4031,0,0,0,0,202,4031,201, ,No,No,No,No,Yes, , , , ,,,SHELTER,,Risk Shelter Inventory,Critical Community and Emergency Facilities,Regionally Significant,RSI_PT_462,Palm Coast,St. Johns River Water Management District,FDEM,Risk Shelter Inventory - General - FDEM,,,,Northeast Florida,Northeast District,Northeast,5,19,7,Not Affected,Not Affected,Not Affected,Not Affected,Not Affected,Not Affected,Not Affected,Not Affected,Not Affected,Not Affected,Not Affected,Not Affected,Not Affected,Not Affected,Not Affected,Not Affected,Not Affected,Not Affected,Not Affected,Not Affected,Not Affected,665061.2448,622537.4497
481,429,Rymfire ES,1425 Rymfire Dr,Palm Coast,32164,Flagler,-81.22087001,29.50527001,"-81.22087001, 29.50527001",17R MN 78592 63987,SHELTER,RISK,4,2006,5 Classroom,A, ,0,0,0,0,0,0,1122,22437,1500, ,No,No,No,No,Yes, , , , ,,,SHELTER,,Risk Shelter Inventory,Critical Community and Emergency Facilities,Regionally Significant,RSI_PT_468,Palm Coast,St. Johns River Water Management District,FDEM,Risk Shelter Inventory - General - FDEM,,,,Northeast Florida,Northeast District,Northeast,5,19,7,Not Affected,Not Affected,Not Affected,Not Affected,Not Affected,Not Affected,Not Affected,Not Affected,Not Affected,Not Affected,Not Affected,Not Affected,Not Affected,Not Affected,Not Affected,Not Affected,Not Affected,Not Affected,Not Affected,Low,Low,668989.5591,613987.2871
482,430,Belle Terre ES,5545 Belle Terre Pkwy,Palm Coast,32137,Flagler,-81.25947999,29.58305001,"-81.25947999, 29.58305001",17R MN 74869 72613,SHELTER,RISK,4,2005,7 Classroom,A, ,106,2114,0,0,0,0,106,2114,97, ,No,No,No,No,Yes, , , , ,,,SHELTER,,Risk Shelter Inventory,Critical Community and Emergency Facilities,Regionally Significant,RSI_PT_462,Palm Coast,St. Johns River Water Management District,FDEM,Risk Shelter Inventory - General - FDEM,,,,Northeast Florida,Northeast District,Northeast,5,19,7,Not Affected,Not Affected,Not Affected,Not Affected,Not Affected,Not Affected,Not Affected,Not Affected,Not Affected,Not Affected,Not Affected,Not Affected,Not Affected,Not Affected,Not Affected,Not Affected,Not Affected,Not Affected,Not Affected,Not Affected,Not Affected,665061.2448,622537.4497
483,431,Matanzas HS,3535 N Old Kings Rd,Palm Coast,32137,Flagler,-81.23561001,29.60471999,"-81.23561001, 29.60471999",17R MN 77186 75009,SHELTER,RISK,4,2004,2 Auditorium / Music,A, ,0,0,0,0,0,0,437,8731,0, ,D,No,No,No,Yes, , , , ,,,SHELTER,,Risk Shelter Inventory,Critical Community and Emergency Facilities,Regionally Significant,RSI_PT_463,Palm Coast,St. Johns River Water Management District,FDEM,Risk Shelter Inventory - General - FDEM,,,,Northeast Florida,Northeast District,Northeast,5,19,7,Not Affected,Not Affected,Not Affected,Not Affected,Not Affected,Not Affected,Not Affected,Not Affected,Not Affected,Not Affected,Not Affected,Not Affected,Not Affected,Not Affected,Not Affected,Not Affected,Not Affected,Not Affected,Not Affected,Not Affected,Not Affected,667315.6172,624994.353
484,432,Bunnell ES,305 N Palmetto St,Bunnell,32110,Flagler,-81.25540001,29.47276,"-81.25540001, 29.47276000",17R MN 75238 60392,SHELTER,RISK,4,2000,9 Classroom,R, ,0,0,0,0,144,2880,144,2800,0,S,No,No,No,No,Yes, , , , ,,,SHELTER,,Risk Shelter Inventory,Critical Community and Emergency Facilities,Regionally Significant,RSI_PT_467,Bunnell,St. Johns River Water Management District,FDEM,Risk Shelter Inventory - General - FDEM,,,,Northeast Florida,Northeast District,Northeast,5,19,7,Not Affected,Not Affected,Not Affected,Not Affected,Not Affected,Not Affected,Not Affected,Not Affected,Not Affected,Not Affected,Not Affected,Not Affected,Not Affected,Not Affected,Not Affected,Not Affected,Not Affected,Not Affected,Not Affected,Not Affected,Not Affected,665728.319,610303.6585
485,433,West Gadsden MS,200 Providence Rd,Quincy,32351,Gadsden,-84.7322813,30.56734239,"-84.73228130, 30.56734239",16R GU 17489 83843,SHELTER,RISK,2,2005,3 Voc Classroom / 4 Classroom,A,400 kW for campus,0,0,650,13004,0,0,650,13004,0, ,No,No,No,Yes,Yes, , , , ,,,SHELTER,,Risk Shelter Inventory,Critical Community and Emergency Facilities,Regionally Significant,RSI_PT_485,Greensboro,Northwest Florida Water Management District,FDEM,Risk Shelter Inventory - General - FDEM,,,,Apalachee,Northwest District,Northwest,3,8,3,Not Affected,Not Affected,Not Affected,Not Affected,Not Affected,Not Affected,Not Affected,Not Affected,Not Affected,Not Affected,Not Affected,Not Affected,Not Affected,Not Affected,Not Affected,Not Affected,Not Affected,Not Affected,Not Affected,Not Affected,Not Affected,329817.6356,729057.8738
486,434,Gadsden County HS,27001 Blue Star Memorial Hwy,Havana,32333,Gadsden,-84.4906284,30.55143381,"-84.49062840, 30.55143381",16R GU 40711 82571,SHELTER,RISK,2,2001,6 Gym,A,125 kW for campus,0,0,887,17744,0,0,887,17744,0, ,No,No,No,Yes,Yes, , , , ,,,SHELTER,,Risk Shelter Inventory,Critical Community and Emergency Facilities,Regionally Significant,RSI_PT_486,,Northwest Florida Water Management District,FDEM,Risk Shelter Inventory - General - FDEM,,,,Apalachee,Northwest District,Northwest,3,8,3,Not Affected,Not Affected,Not Affected,Not Affected,Not Affected,Not Affected,Not Affected,Not Affected,Not Affected,Not Affected,Not Affected,Not Affected,Not Affected,Not Affected,Not Affected,Not Affected,Not Affected,Not Affected,Not Affected,Not Affected,Not Affected,352970.6465,727177.6971
487,435,West Gadsden MS,200 Providence Rd,Quincy,32351,Gadsden,-84.7322813,30.56734239,"-84.73228130, 30.56734239",16R GU 17489 83843,SHELTER,RISK,2,2005,8 / 9 Classroom,R,400 kW for campus,0,0,0,0,484,9686,484,9686,0, ,No,No,No,No,Yes, , , , ,,,SHELTER,,Risk Shelter Inventory,Critical Community and Emergency Facilities,Regionally Significant,RSI_PT_485,Greensboro,Northwest Florida Water Management District,FDEM,Risk Shelter Inventory - General - FDEM,,,,Apalachee,Northwest District,Northwest,3,8,3,Not Affected,Not Affected,Not Affected,Not Affected,Not Affected,Not Affected,Not Affected,Not Affected,Not Affected,Not Affected,Not Affected,Not Affected,Not Affected,Not Affected,Not Affected,Not Affected,Not Affected,Not Affected,Not Affected,Not Affected,Not Affected,329817.6356,729057.8738
488,436,Havana Magnet School,1210 Kemp Rd,Havana,32333,Gadsden,-84.39959882,30.62400393,"-84.39959882, 30.62400393",16R GU 49260 90815,SHELTER,RISK,2,1980,8F Classroom,A,300 kW for campus,0,0,0,0,0,0,51,1019,0, ,No,No,No,No,Yes, , , , ,,,SHELTER,,Risk Shelter Inventory,Critical Community and Emergency Facilities,Regionally Significant,RSI_PT_488,,Northwest Florida Water Management District,FDEM,Risk Shelter Inventory - General - FDEM,,,,Apalachee,Northwest District,Northwest,3,8,3,Not Affected,Not Affected,Not Affected,Not Affected,Not Affected,Not Affected,Not Affected,Not Affected,Not Affected,Not Affected,Not Affected,Not Affected,Not Affected,Not Affected,Not Affected,Not Affected,Not Affected,Not Affected,Not Affected,Not Affected,Not Affected,361722.3795,735198.9905
489,437,West Gadsden MS,200 Providence Rd,Quincy,32351,Gadsden,-84.7322813,30.56734239,"-84.73228130, 30.56734239",16R GU 17489 83843,SHELTER,RISK,2,2005,5 Gym,A,400 kW for campus,0,0,525,10491,0,0,525,10491,0, ,No,No,No,Yes,Yes, , , , ,,,SHELTER,,Risk Shelter Inventory,Critical Community and Emergency Facilities,Regionally Significant,RSI_PT_485,Greensboro,Northwest Florida Water Management District,FDEM,Risk Shelter Inventory - General - FDEM,,,,Apalachee,Northwest District,Northwest,3,8,3,Not Affected,Not Affected,Not Affected,Not Affected,Not Affected,Not Affected,Not Affected,Not Affected,Not Affected,Not Affected,Not Affected,Not Affected,Not Affected,Not Affected,Not Affected,Not Affected,Not Affected,Not Affected,Not Affected,Not Affected,Not Affected,329817.6356,729057.8738
490,438,Gadsden County HS,27001 Blue Star Memorial Hwy,Havana,32333,Gadsden,-84.4906284,30.55143381,"-84.49062840, 30.55143381",16R GU 40711 82571,SHELTER,RISK,2,2001,8 Classroom,R,125 kW for campus,0,0,0,0,133,2655,133,2655,0,S-1496-2010,No,No,No,No,Yes, , , , ,,,SHELTER,,Risk Shelter Inventory,Critical Community and Emergency Facilities,Regionally Significant,RSI_PT_486,,Northwest Florida Water Management District,FDEM,Risk Shelter Inventory - General - FDEM,,,,Apalachee,Northwest District,Northwest,3,8,3,Not Affected,Not Affected,Not Affected,Not Affected,Not Affected,Not Affected,Not Affected,Not Affected,Not Affected,Not Affected,Not Affected,Not Affected,Not Affected,Not Affected,Not Affected,Not Affected,Not Affected,Not Affected,Not Affected,Not Affected,Not Affected,352970.6465,727177.6971
491,439,West Gadsden MS,200 Providence Rd,Quincy,32351,Gadsden,-84.7322813,30.56734239,"-84.73228130, 30.56734239",16R GU 17489 83843,SHELTER,RISK,2,2005,6 Music,R,400 kW for campus,0,0,0,0,160,3203,160,3203,0, ,No,No,No,No,Yes, , , , ,,,SHELTER,,Risk Shelter Inventory,Critical Community and Emergency Facilities,Regionally Significant,RSI_PT_485,Greensboro,Northwest Florida Water Management District,FDEM,Risk Shelter Inventory - General - FDEM,,,,Apalachee,Northwest District,Northwest,3,8,3,Not Affected,Not Affected,Not Affected,Not Affected,Not Affected,Not Affected,Not Affected,Not Affected,Not Affected,Not Affected,Not Affected,Not Affected,Not Affected,Not Affected,Not Affected,Not Affected,Not Affected,Not Affected,Not Affected,Not Affected,Not Affected,329817.6356,729057.8738
492,440,Havana Magnet School,1210 Kemp Rd,Havana,32333,Gadsden,-84.39959882,30.62400393,"-84.39959882, 30.62400393",16R GU 49260 90815,SHELTER,RISK,2,1992,6D Classroom,A,300 kW for campus,0,0,0,0,0,0,397,7935,0, ,No,No,No,No,Yes, , , , ,,,SHELTER,,Risk Shelter Inventory,Critical Community and Emergency Facilities,Regionally Significant,RSI_PT_488,,Northwest Florida Water Management District,FDEM,Risk Shelter Inventory - General - FDEM,,,,Apalachee,Northwest District,Northwest,3,8,3,Not Affected,Not Affected,Not Affected,Not Affected,Not Affected,Not Affected,Not Affected,Not Affected,Not Affected,Not Affected,Not Affected,Not Affected,Not Affected,Not Affected,Not Affected,Not Affected,Not Affected,Not Affected,Not Affected,Not Affected,Not Affected,361722.3795,735198.9905
493,441,Havana Magnet School,1210 Kemp Rd,Havana,32333,Gadsden,-84.39959882,30.62400393,"-84.39959882, 30.62400393",16R GU 49260 90815,SHELTER,RISK,2,1992,7C Classroom,R,300 kW for campus,0,0,0,0,90,1801,90,1801,0,S-1621X,No,No,No,No,Yes, , , , ,,,SHELTER,,Risk Shelter Inventory,Critical Community and Emergency Facilities,Regionally Significant,RSI_PT_488,,Northwest Florida Water Management District,FDEM,Risk Shelter Inventory - General - FDEM,,,,Apalachee,Northwest District,Northwest,3,8,3,Not Affected,Not Affected,Not Affected,Not Affected,Not Affected,Not Affected,Not Affected,Not Affected,Not Affected,Not Affected,Not Affected,Not Affected,Not Affected,Not Affected,Not Affected,Not Affected,Not Affected,Not Affected,Not Affected,Not Affected,Not Affected,361722.3795,735198.9905
494,442,Havana Magnet School,1210 Kemp Rd,Havana,32333,Gadsden,-84.39959882,30.62400393,"-84.39959882, 30.62400393",16R GU 49260 90815,SHELTER,RISK,2,1992,12H Cafeteria,R,300 kW for campus,0,0,0,0,219,4374,219,4374,0,S-1621X,No,No,No,No,Yes, , , , ,,,SHELTER,,Risk Shelter Inventory,Critical Community and Emergency Facilities,Regionally Significant,RSI_PT_488,,Northwest Florida Water Management District,FDEM,Risk Shelter Inventory - General - FDEM,,,,Apalachee,Northwest District,Northwest,3,8,3,Not Affected,Not Affected,Not Affected,Not Affected,Not Affected,Not Affected,Not Affected,Not Affected,Not Affected,Not Affected,Not Affected,Not Affected,Not Affected,Not Affected,Not Affected,Not Affected,Not Affected,Not Affected,Not Affected,Not Affected,Not Affected,361722.3795,735198.9905
495,443,Gadsden County HS,27001 Blue Star Memorial Hwy,Havana,32333,Gadsden,-84.4906284,30.55143381,"-84.49062840, 30.55143381",16R GU 40711 82571,SHELTER,RISK,2,2001,5 Cafeteria,A,125 kW for campus,0,0,299,5984,0,0,299,5984,0, ,No,No,No,Yes,Yes, , , , ,,,SHELTER,,Risk Shelter Inventory,Critical Community and Emergency Facilities,Regionally Significant,RSI_PT_486,,Northwest Florida Water Management District,FDEM,Risk Shelter Inventory - General - FDEM,,,,Apalachee,Northwest District,Northwest,3,8,3,Not Affected,Not Affected,Not Affected,Not Affected,Not Affected,Not Affected,Not Affected,Not Affected,Not Affected,Not Affected,Not Affected,Not Affected,Not Affected,Not Affected,Not Affected,Not Affected,Not Affected,Not Affected,Not Affected,Not Affected,Not Affected,352970.6465,727177.6971
496,444,West Gadsden MS,200 Providence Rd,Quincy,32351,Gadsden,-84.7322813,30.56734239,"-84.73228130, 30.56734239",16R GU 17489 83843,SHELTER,RISK,2,2005,7 Cafeteria,A,400 kW for campus,0,0,268,5367,0,0,268,5367,0, ,No,No,No,Yes,Yes, , , , ,,,SHELTER,,Risk Shelter Inventory,Critical Community and Emergency Facilities,Regionally Significant,RSI_PT_485,Greensboro,Northwest Florida Water Management District,FDEM,Risk Shelter Inventory - General - FDEM,,,,Apalachee,Northwest District,Northwest,3,8,3,Not Affected,Not Affected,Not Affected,Not Affected,Not Affected,Not Affected,Not Affected,Not Affected,Not Affected,Not Affected,Not Affected,Not Affected,Not Affected,Not Affected,Not Affected,Not Affected,Not Affected,Not Affected,Not Affected,Not Affected,Not Affected,329817.6356,729057.8738
497,445,Gadsden County HS,27001 Blue Star Memorial Hwy,Havana,32333,Gadsden,-84.4906284,30.55143381,"-84.49062840, 30.55143381",16R GU 40711 82571,SHELTER,RISK,2,2001,4 Classroom,A,125 kW for campus,0,0,1043,20854,0,0,1043,20854,0, ,No,No,No,Yes,Yes, , , ,Yes,,,SHELTER,,Risk Shelter Inventory,Critical Community and Emergency Facilities,Regionally Significant,RSI_PT_486,,Northwest Florida Water Management District,FDEM,Risk Shelter Inventory - General - FDEM,,,,Apalachee,Northwest District,Northwest,3,8,3,Not Affected,Not Affected,Not Affected,Not Affected,Not Affected,Not Affected,Not Affected,Not Affected,Not Affected,Not Affected,Not Affected,Not Affected,Not Affected,Not Affected,Not Affected,Not Affected,Not Affected,Not Affected,Not Affected,Not Affected,Not Affected,352970.6465,727177.6971
498,446,Havana Magnet School,1210 Kemp Rd,Havana,32333,Gadsden,-84.39959882,30.62400393,"-84.39959882, 30.62400393",16R GU 49260 90815,SHELTER,RISK,2,1992,11J Gym,R,300 kW for campus,0,0,0,0,649,12979,649,12979,0,S-1621X,No,No,No,No,Yes, , , , ,,,SHELTER,,Risk Shelter Inventory,Critical Community and Emergency Facilities,Regionally Significant,RSI_PT_488,,Northwest Florida Water Management District,FDEM,Risk Shelter Inventory - General - FDEM,,,,Apalachee,Northwest District,Northwest,3,8,3,Not Affected,Not Affected,Not Affected,Not Affected,Not Affected,Not Affected,Not Affected,Not Affected,Not Affected,Not Affected,Not Affected,Not Affected,Not Affected,Not Affected,Not Affected,Not Affected,Not Affected,Not Affected,Not Affected,Not Affected,Not Affected,361722.3795,735198.9905
499,447,Bell HS,930 S Main St,Bell,32619,Gilchrist,-82.85929998,29.75151,"-82.85929998, 29.75151000",17R LN 20213 92699,SHELTER,RISK,3,1998,16 Gym / Multipurpose,A/R, ,0,0,0,0,711,14225,711,14225,467,F-HMGP,No,No,No,No,Yes, , , ,Yes,,,SHELTER,,Risk Shelter Inventory,Critical Community and Emergency Facilities,Regionally Significant,RSI_PT_499,Bell,Suwannee River Water Management District,FDEM,Risk Shelter Inventory - General - FDEM,,,,North Central Florida,Northeast District,Northwest,2,22,6,Not Affected,Not Affected,Not Affected,Not Affected,Not Affected,Not Affected,Not Affected,Not Affected,Not Affected,Not Affected,Not Affected,Not Affected,Not Affected,Not Affected,Not Affected,Not Affected,Low,Medium,Medium,Medium,Medium,510162.2354,638804.7244
500,448,Trenton ES,1350 SW SR26,Trenton,32693,Gilchrist,-82.83031569,29.61354752,"-82.83031569, 29.61354752",17R LN 22774 77363,SHELTER,RISK,3,2000,2 Cafeteria,A/R, ,0,0,0,0,262,5240,262,5240,492,S-1523-2002,No,No,No,No,Yes, , , ,Yes,,,SHELTER,,Risk Shelter Inventory,Critical Community and Emergency Facilities,Regionally Significant,RSI_PT_500,,Suwannee River Water Management District,FDEM,Risk Shelter Inventory - General - FDEM,,,,North Central Florida,Northeast District,Northwest,2,22,6,Not Affected,Not Affected,Not Affected,Not Affected,Not Affected,Not Affected,Not Affected,Not Affected,Not Affected,Not Affected,Not Affected,Not Affected,Not Affected,Not Affected,Not Affected,Medium,Medium,High,High,High,High,513106.5755,623514.4969
501,449,Trenton HS,1013 N Main St,Trenton,32963,Gilchrist,-82.81875001,29.61922001,"-82.81875001, 29.61922001",17R LN 23904 77974,SHELTER,RISK,3,2000,34 Gym,A/R, ,0,0,0,0,624,12484,624,12484,432,S-1523-2002,No,No,No,No,Yes, , , , ,,,SHELTER,,Risk Shelter Inventory,Critical Community and Emergency Facilities,Regionally Significant,RSI_PT_501,Trenton,Suwannee River Water Management District,FDEM,Risk Shelter Inventory - General - FDEM,,,,North Central Florida,Northeast District,Northwest,2,22,6,Not Affected,Not Affected,Not Affected,Not Affected,Not Affected,Not Affected,Not Affected,Not Affected,Not Affected,Not Affected,Not Affected,Not Affected,Not Affected,Not Affected,Not Affected,Not Affected,Not Affected,Not Affected,Not Affected,Not Affected,Not Affected,514218.8906,624154.929
502,450,Bell ES,2771 E Bell Ave,Bell,32619,Gilchrist,-82.85503997,29.75072998,"-82.85503997, 29.75072998",17R LN 20624 92605,SHELTER,RISK,3,1997,5 Cafeteria,A/R, ,0,0,0,0,271,5414,271,5414,492,S-1523-2002,No,No,No,No,Yes, , , , ,,,SHELTER,,Risk Shelter Inventory,Critical Community and Emergency Facilities,Regionally Significant,RSI_PT_502,Bell,Suwannee River Water Management District,FDEM,Risk Shelter Inventory - General - FDEM,,,,North Central Florida,Northeast District,Northwest,2,22,6,Not Affected,Not Affected,Not Affected,Not Affected,Not Affected,Not Affected,Not Affected,Not Affected,Not Affected,Not Affected,Not Affected,Not Affected,Not Affected,Not Affected,Not Affected,Not Affected,Not Affected,Not Affected,Not Affected,Not Affected,Not Affected,510574.4357,638721.9426
503,451,Trenton HS,1013 N Main St,Trenton,32963,Gilchrist,-82.81875001,29.61922001,"-82.81875001, 29.61922001",17R LN 23904 77974,SHELTER,RISK,3,1991,28 Classroom,R, ,0,0,0,0,338,6753,338,6753,338,F-HMGP,No,No,No,No,Yes, , , ,Yes,,,SHELTER,,Risk Shelter Inventory,Critical Community and Emergency Facilities,Regionally Significant,RSI_PT_501,Trenton,Suwannee River Water Management District,FDEM,Risk Shelter Inventory - General - FDEM,,,,North Central Florida,Northeast District,Northwest,2,22,6,Not Affected,Not Affected,Not Affected,Not Affected,Not Affected,Not Affected,Not Affected,Not Affected,Not Affected,Not Affected,Not Affected,Not Affected,Not Affected,Not Affected,Not Affected,Not Affected,Not Affected,Not Affected,Not Affected,Not Affected,Not Affected,514218.8906,624154.929
504,452,Bell HS,930 S Main St,Bell,32619,Gilchrist,-82.85929998,29.75151,"-82.85929998, 29.75151000",17R LN 20213 92699,SHELTER,RISK,3,1992,14 Classroom,R, ,0,0,0,0,270,5407,270,5407,270,S-1523-2002,No,No,No,No,Yes, , , , ,,,SHELTER,,Risk Shelter Inventory,Critical Community and Emergency Facilities,Regionally Significant,RSI_PT_499,Bell,Suwannee River Water Management District,FDEM,Risk Shelter Inventory - General - FDEM,,,,North Central Florida,Northeast District,Northwest,2,22,6,Not Affected,Not Affected,Not Affected,Not Affected,Not Affected,Not Affected,Not Affected,Not Affected,Not Affected,Not Affected,Not Affected,Not Affected,Not Affected,Not Affected,Not Affected,Not Affected,Low,Medium,Medium,Medium,Medium,510162.2354,638804.7244
505,453,Trenton HS,1013 N Main St,Trenton,32963,Gilchrist,-82.81875001,29.61922001,"-82.81875001, 29.61922001",17R LN 23904 77974,SHELTER,RISK,3,1991,30 Multiprpose,R, ,0,0,0,0,156,3127,156,3127,278,F-HMGP,No,No,No,No,Yes, , , ,Yes,,,SHELTER,,Risk Shelter Inventory,Critical Community and Emergency Facilities,Regionally Significant,RSI_PT_501,Trenton,Suwannee River Water Management District,FDEM,Risk Shelter Inventory - General - FDEM,,,,North Central Florida,Northeast District,Northwest,2,22,6,Not Affected,Not Affected,Not Affected,Not Affected,Not Affected,Not Affected,Not Affected,Not Affected,Not Affected,Not Affected,Not Affected,Not Affected,Not Affected,Not Affected,Not Affected,Not Affected,Not Affected,Not Affected,Not Affected,Not Affected,Not Affected,514218.8906,624154.929
506,454,Trenton HS,1013 N Main St,Trenton,32693,Gilchrist,-82.81875001,29.61922001,"-82.81875001, 29.61922001",17R LN 23904 77974,SHELTER,RISK,3,1991,27 Classroom,R, ,0,0,0,0,347,6931,347,6931,342,F-HMGP,No,No,No,No,Yes, , , ,Yes,,,SHELTER,,Risk Shelter Inventory,Critical Community and Emergency Facilities,Regionally Significant,RSI_PT_501,Trenton,Suwannee River Water Management District,FDEM,Risk Shelter Inventory - General - FDEM,,,,North Central Florida,Northeast District,Northwest,2,22,6,Not Affected,Not Affected,Not Affected,Not Affected,Not Affected,Not Affected,Not Affected,Not Affected,Not Affected,Not Affected,Not Affected,Not Affected,Not Affected,Not Affected,Not Affected,Not Affected,Not Affected,Not Affected,Not Affected,Not Affected,Not Affected,514218.8906,624154.929
507,455,Muse Community Center,3897 Loblolly Bay Rd,LaBelle,33935,Glades,-81.51464004,26.82581998,"-81.51464004, 26.82581998",17R MK 48861 67247,SHELTER,RISK,8,2002,Main,A,"Yes, unknown kW",0,0,0,0,137,2740,137,2740,46,LS,No,No,No,No,Yes, , , , ,,,SHELTER,,Risk Shelter Inventory,Critical Community and Emergency Facilities,Regionally Significant,RSI_PT_507,,South Florida Water Management District,FDEM,Risk Shelter Inventory - General - FDEM,,,,Southwest Florida,South District,Southwest,1,83,29,Not Affected,Not Affected,Not Affected,Not Affected,Not Affected,Not Affected,Not Affected,Not Affected,Not Affected,Not Affected,Not Affected,Not Affected,Not Affected,Not Affected,Not Affected,Low,Medium,Medium,Medium,Medium,Medium,646556.3756,315897.1257
508,456,West Glades ES,2586 Hwy 731,LaBelle,33935,Glades,-81.44293071,26.80701992,"-81.44293071, 26.80701992",17R MK 55979 65137,SHELTER,RISK,8,2003,5 Cafeteria,A,"Yes, unknown kW",0,0,208,4165,0,0,208,4165,594, ,No,No,No,Yes,Yes, ,Yes, , ,,,SHELTER,,Risk Shelter Inventory,Critical Community and Emergency Facilities,Regionally Significant,RSI_PT_508,,South Florida Water Management District,FDEM,Risk Shelter Inventory - General - FDEM,,,,Southwest Florida,South District,Southwest,1,83,29,Not Affected,Not Affected,Not Affected,Not Affected,Not Affected,Not Affected,Not Affected,Not Affected,Not Affected,Not Affected,Not Affected,Not Affected,Not Affected,Not Affected,Not Affected,Low,Not Affected,Low,Low,Medium,Medium,653712.4636,313955.8261
509,457,West Glades ES,2586 Hwy 731,LaBelle,33935,Glades,-81.44293071,26.80701992,"-81.44293071, 26.80701992",17R MK 55979 65137,SHELTER,RISK,8,2007,7 Gym,R, ,0,0,0,0,472,9440,472,9440,0, ,No,No,No,No,Yes, , , , ,,,SHELTER,,Risk Shelter Inventory,Critical Community and Emergency Facilities,Regionally Significant,RSI_PT_508,,South Florida Water Management District,FDEM,Risk Shelter Inventory - General - FDEM,,,,Southwest Florida,South District,Southwest,1,83,29,Not Affected,Not Affected,Not Affected,Not Affected,Not Affected,Not Affected,Not Affected,Not Affected,Not Affected,Not Affected,Not Affected,Not Affected,Not Affected,Not Affected,Not Affected,Low,Not Affected,Low,Low,Medium,Medium,653712.4636,313955.8261
510,458,West Glades ES,2586 Hwy 731,LaBelle,33935,Glades,-81.44293071,26.80701992,"-81.44293071, 26.80701992",17R MK 55979 65137,SHELTER,RISK,8,2007,4 Classroom,R, ,0,0,0,0,432,8640,432,8640,0, ,No,No,No,No,Yes, , , , ,,,SHELTER,,Risk Shelter Inventory,Critical Community and Emergency Facilities,Regionally Significant,RSI_PT_508,,South Florida Water Management District,FDEM,Risk Shelter Inventory - General - FDEM,,,,Southwest Florida,South District,Southwest,1,83,29,Not Affected,Not Affected,Not Affected,Not Affected,Not Affected,Not Affected,Not Affected,Not Affected,Not Affected,Not Affected,Not Affected,Not Affected,Not Affected,Not Affected,Not Affected,Low,Not Affected,Low,Low,Medium,Medium,653712.4636,313955.8261
511,459,Ortona Community Center,2130 Ortona Locks Rd,Moore Haven,33471,Glades,-81.31389002,26.79791998,"-81.31389002, 26.79791998",17R MK 68801 64091,SHELTER,RISK,8,2014,Main,R, ,0,0,0,0,83,1660,83,1660,65, ,No,No,No,No,Yes, , , , ,,,SHELTER,,Risk Shelter Inventory,Critical Community and Emergency Facilities,Regionally Significant,RSI_PT_511,,South Florida Water Management District,FDEM,Risk Shelter Inventory - General - FDEM,,,,Southwest Florida,South District,Southwest,1,83,29,Not Affected,Not Affected,Not Affected,Not Affected,Not Affected,Not Affected,Not Affected,Not Affected,Not Affected,Not Affected,Not Affected,Not Affected,Not Affected,Not Affected,Not Affected,Not Affected,Not Affected,Not Affected,Not Affected,Not Affected,Not Affected,666535.9108,313217.9841
512,460,Maple Grove Baptist Church,12777 SR 78,Moore Haven,33471,Glades,-81.08878999,26.99241001,"-81.08878999, 26.99241001",17R MK 91190 85597,SHELTER,RISK,8,1998,Main,A,"Yes, unknown kW",0,0,0,0,265,5300,265,5300,343,L,C,3,No,No,Yes, , , , ,,,SHELTER,,Risk Shelter Inventory,Critical Community and Emergency Facilities,Regionally Significant,RSI_PT_512,,South Florida Water Management District,FDEM,Risk Shelter Inventory - General - FDEM,,,,Southwest Florida,South District,Southwest,1,83,29,Not Affected,Not Affected,Not Affected,Not Affected,Not Affected,Not Affected,Not Affected,Not Affected,Not Affected,Not Affected,Not Affected,Not Affected,Not Affected,Not Affected,Not Affected,Medium,Medium,Medium,High,High,High,688358.3064,335311.9904
513,461,West Glades ES,2586 Hwy 731,LaBelle,33935,Glades,-81.44293071,26.80701992,"-81.44293071, 26.80701992",17R MK 55979 65137,SHELTER,RISK,8,2007,6 Classroom,R, ,0,0,0,0,474,9480,474,9480,0, ,No,No,No,No,Yes, , , , ,,,SHELTER,,Risk Shelter Inventory,Critical Community and Emergency Facilities,Regionally Significant,RSI_PT_508,,South Florida Water Management District,FDEM,Risk Shelter Inventory - General - FDEM,,,,Southwest Florida,South District,Southwest,1,83,29,Not Affected,Not Affected,Not Affected,Not Affected,Not Affected,Not Affected,Not Affected,Not Affected,Not Affected,Not Affected,Not Affected,Not Affected,Not Affected,Not Affected,Not Affected,Low,Not Affected,Low,Low,Medium,Medium,653712.4636,313955.8261
514,462,Wewahitchika HS (7-12),1 Gator Cir,Wewahitchka,32465,Gulf,-85.21659425,30.06522958,"-85.21659425, 30.06522958",16R FU 71906 27353,SHELTER,RISK,2,2005,16 middle school wing,A, ,0,0,186,3728,0,0,186,3728,228, ,No,No,No,Yes,Yes, , , , ,,,SHELTER,,Risk Shelter Inventory,Critical Community and Emergency Facilities,Regionally Significant,RSI_PT_514,,Northwest Florida Water Management District,FDEM,Risk Shelter Inventory - General - FDEM,,,,Apalachee,Northwest District,Northwest,3,7,3,Not Affected,Not Affected,Not Affected,Not Affected,Not Affected,Not Affected,Not Affected,Not Affected,Not Affected,Not Affected,Not Affected,Not Affected,Not Affected,Not Affected,Not Affected,Medium,Medium,Medium,High,High,High,282852.1538,673699.7668
515,463,Honeyville Community Center,240 Honeyville Park Dr,Wewahitchka,32465,Gulf,-85.19426,30.06217598,"-85.19426000, 30.06217598",16R FU 74065 27049,SHELTER,RISK,2,2007,Main,R, ,232,4640,0,0,0,0,232,4640,232,S-1621X,No,No,No,No,Yes, , , ,Yes,,,SHELTER,,Risk Shelter Inventory,Critical Community and Emergency Facilities,Regionally Significant,RSI_PT_515,,Northwest Florida Water Management District,FDEM,Risk Shelter Inventory - General - FDEM,,,,Apalachee,Northwest District,Northwest,3,7,3,Not Affected,Not Affected,Not Affected,Not Affected,Not Affected,Not Affected,Not Affected,Not Affected,Not Affected,Not Affected,Not Affected,Not Affected,Not Affected,Not Affected,Not Affected,Not Affected,Not Affected,Not Affected,Not Affected,Not Affected,Not Affected,284999.4054,673339.8006
516,464,Hamilton County HS,5683 US Highway 129 S,Jasper,32052,Hamilton,-82.93010954,30.47547713,"-82.93010954, 30.47547713",17R LP 14722 73057,SHELTER,RISK,3,2003,5 Classroom,A,350 kW for campus,0,0,497,9933,0,0,497,9933,0, ,No,No,No,Yes,Yes, , , , ,,,SHELTER,,Risk Shelter Inventory,Critical Community and Emergency Facilities,Regionally Significant,RSI_PT_516,,Suwannee River Water Management District,FDEM,Risk Shelter Inventory - General - FDEM,,,,North Central Florida,Northeast District,Northwest,2,7,3,Not Affected,Not Affected,Not Affected,Not Affected,Not Affected,Not Affected,Not Affected,Not Affected,Not Affected,Not Affected,Not Affected,Not Affected,Not Affected,Not Affected,Not Affected,Not Affected,Not Affected,Not Affected,Not Affected,Not Affected,Not Affected,502626.8314,719100.2758
517,465,Hamilton County HS,5683 US Highway 129 S,Jasper,32052,Hamilton,-82.93010954,30.47547713,"-82.93010954, 30.47547713",17R LP 14722 73057,SHELTER,RISK,3,2003,4 Music,A,350 kW for campus,0,0,0,0,0,0,159,3178,0, ,No,No,No,No,Yes, , , , ,,,SHELTER,,Risk Shelter Inventory,Critical Community and Emergency Facilities,Regionally Significant,RSI_PT_516,,Suwannee River Water Management District,FDEM,Risk Shelter Inventory - General - FDEM,,,,North Central Florida,Northeast District,Northwest,2,7,3,Not Affected,Not Affected,Not Affected,Not Affected,Not Affected,Not Affected,Not Affected,Not Affected,Not Affected,Not Affected,Not Affected,Not Affected,Not Affected,Not Affected,Not Affected,Not Affected,Not Affected,Not Affected,Not Affected,Not Affected,Not Affected,502626.8314,719100.2758
518,466,Hamilton County HS,5683 US Highway 129 S,Jasper,32052,Hamilton,-82.93010954,30.47547713,"-82.93010954, 30.47547713",17R LP 14722 73057,SHELTER,RISK,3,2003,9 Voc Classroom,A,350 kW for campus,0,0,0,0,0,0,273,5469,0, ,No,No,No,No,Yes, , , , ,,,SHELTER,,Risk Shelter Inventory,Critical Community and Emergency Facilities,Regionally Significant,RSI_PT_516,,Suwannee River Water Management District,FDEM,Risk Shelter Inventory - General - FDEM,,,,North Central Florida,Northeast District,Northwest,2,7,3,Not Affected,Not Affected,Not Affected,Not Affected,Not Affected,Not Affected,Not Affected,Not Affected,Not Affected,Not Affected,Not Affected,Not Affected,Not Affected,Not Affected,Not Affected,Not Affected,Not Affected,Not Affected,Not Affected,Not Affected,Not Affected,502626.8314,719100.2758
519,467,Hamilton County HS,5683 US Highway 129 S,Jasper,32052,Hamilton,-82.93010954,30.47547713,"-82.93010954, 30.47547713",17R LP 14722 73057,SHELTER,RISK,3,2003,6 Gym,A,350 kW for campus,0,0,623,12461,0,0,623,12461,0, ,No,No,No,Yes,Yes, ,Yes, , ,,,SHELTER,,Risk Shelter Inventory,Critical Community and Emergency Facilities,Regionally Significant,RSI_PT_516,,Suwannee River Water Management District,FDEM,Risk Shelter Inventory - General - FDEM,,,,North Central Florida,Northeast District,Northwest,2,7,3,Not Affected,Not Affected,Not Affected,Not Affected,Not Affected,Not Affected,Not Affected,Not Affected,Not Affected,Not Affected,Not Affected,Not Affected,Not Affected,Not Affected,Not Affected,Not Affected,Not Affected,Not Affected,Not Affected,Not Affected,Not Affected,502626.8314,719100.2758
520,468,Hamilton County HS,5683 US Highway 129 S,Jasper,32052,Hamilton,-82.93010954,30.47547713,"-82.93010954, 30.47547713",17R LP 14722 73057,SHELTER,RISK,3,2003,3 Auditorium,A,350 kW for campus,0,0,0,0,0,0,146,2913,0, ,No,No,No,No,Yes, , , , ,,,SHELTER,,Risk Shelter Inventory,Critical Community and Emergency Facilities,Regionally Significant,RSI_PT_516,,Suwannee River Water Management District,FDEM,Risk Shelter Inventory - General - FDEM,,,,North Central Florida,Northeast District,Northwest,2,7,3,Not Affected,Not Affected,Not Affected,Not Affected,Not Affected,Not Affected,Not Affected,Not Affected,Not Affected,Not Affected,Not Affected,Not Affected,Not Affected,Not Affected,Not Affected,Not Affected,Not Affected,Not Affected,Not Affected,Not Affected,Not Affected,502626.8314,719100.2758
521,469,Hamilton County HS,5683 US Highway 129 S,Jasper,32052,Hamilton,-82.93010954,30.47547713,"-82.93010954, 30.47547713",17R LP 14722 73057,SHELTER,RISK,3,2003,7 ROTC,A,350 kW for campus,0,0,157,3130,0,0,157,3130,0, ,No,No,No,Yes,Yes, , , , ,,,SHELTER,,Risk Shelter Inventory,Critical Community and Emergency Facilities,Regionally Significant,RSI_PT_516,,Suwannee River Water Management District,FDEM,Risk Shelter Inventory - General - FDEM,,,,North Central Florida,Northeast District,Northwest,2,7,3,Not Affected,Not Affected,Not Affected,Not Affected,Not Affected,Not Affected,Not Affected,Not Affected,Not Affected,Not Affected,Not Affected,Not Affected,Not Affected,Not Affected,Not Affected,Not Affected,Not Affected,Not Affected,Not Affected,Not Affected,Not Affected,502626.8314,719100.2758
522,470,Bowling Green ES,4530 Church Ave,Bowling Green,33834,Hardee,-81.82114998,27.63576002,"-81.82114998, 27.63576002",17R ML 18991 57123,SHELTER,RISK,6,2009,1 Multipurpose / Classroom,A,100 kW,0,0,690,13804,0,0,690,13804,646,L,No,No,No,Yes,Yes, , , , ,,,SHELTER,,Risk Shelter Inventory,Critical Community and Emergency Facilities,Regionally Significant,RSI_PT_522,Bowling Green,Southwest Florida Water Management District,FDEM,Risk Shelter Inventory - General - FDEM,,,,Central Florida,Southwest District,Southwest,1,83,27,Not Affected,Not Affected,Not Affected,Not Affected,Not Affected,Not Affected,Not Affected,Not Affected,Not Affected,Not Affected,Not Affected,Not Affected,Not Affected,Not Affected,Not Affected,Not Affected,Not Affected,Not Affected,Not Affected,Not Affected,Not Affected,614563.9526,405241.3984
523,471,Hardee Jr HS / Hilltop ES,2405 US Highway 17 N,Wauchula,33873,Hardee,-81.82028263,27.58657739,"-81.82028263, 27.58657739",17R ML 19040 51675,SHELTER,RISK,6,2004,8 Classroom,A, ,0,0,493,9868,0,0,493,9868,452,L,No,No,No,Yes,Yes, , , , ,,,SHELTER,,Risk Shelter Inventory,Critical Community and Emergency Facilities,Regionally Significant,RSI_PT_523,,Southwest Florida Water Management District,FDEM,Risk Shelter Inventory - General - FDEM,,,,Central Florida,Southwest District,Southwest,1,83,27,Not Affected,Not Affected,Not Affected,Not Affected,Not Affected,Not Affected,Not Affected,Not Affected,Not Affected,Not Affected,Not Affected,Not Affected,Not Affected,Not Affected,Not Affected,Not Affected,Not Affected,Not Affected,Not Affected,Not Affected,Not Affected,614745.8926,399782.0783
524,472,North Wauchula ES,1120 N Florida Ave,Wauchula,33873,Hardee,-81.81641001,27.56074001,"-81.81641001, 27.56074001",17R ML 19403 48810,SHELTER,RISK,6,2001,3 Classroom,A, ,0,0,106,2120,0,0,106,2120,104,L,No,No,No,Yes,Yes, , , , ,,,SHELTER,,Risk Shelter Inventory,Critical Community and Emergency Facilities,Regionally Significant,RSI_PT_524,,Southwest Florida Water Management District,FDEM,Risk Shelter Inventory - General - FDEM,,,,Central Florida,Southwest District,Southwest,1,83,27,Not Affected,Not Affected,Not Affected,Not Affected,Not Affected,Not Affected,Not Affected,Not Affected,Not Affected,Not Affected,Not Affected,Not Affected,Not Affected,Not Affected,Not Affected,Not Affected,Not Affected,Not Affected,Not Affected,Not Affected,Not Affected,615178.187,396920.0849
525,473,Hardee Jr HS / Hilltop ES,2405 US Highway 17 N,Wauchula,33873,Hardee,-81.82028263,27.58657739,"-81.82028263, 27.58657739",17R ML 19040 51675,SHELTER,RISK,6,2004,6 Classroom,A, ,0,0,521,10427,0,0,521,10427,523,L,No,No,No,Yes,Yes, , , , ,,,SHELTER,,Risk Shelter Inventory,Critical Community and Emergency Facilities,Regionally Significant,RSI_PT_523,,Southwest Florida Water Management District,FDEM,Risk Shelter Inventory - General - FDEM,,,,Central Florida,Southwest District,Southwest,1,83,27,Not Affected,Not Affected,Not Affected,Not Affected,Not Affected,Not Affected,Not Affected,Not Affected,Not Affected,Not Affected,Not Affected,Not Affected,Not Affected,Not Affected,Not Affected,Not Affected,Not Affected,Not Affected,Not Affected,Not Affected,Not Affected,614745.8926,399782.0783
526,474,Hardee Jr HS / Hilltop ES,2405 US Highway 17 N,Wauchula,33873,Hardee,-81.82028263,27.58657739,"-81.82028263, 27.58657739",17R ML 19040 51675,SHELTER,RISK,6,2004,13 Gym,A, ,0,0,860,17197,0,0,860,17197,859,L,No,No,No,Yes,Yes, , , , ,,,SHELTER,,Risk Shelter Inventory,Critical Community and Emergency Facilities,Regionally Significant,RSI_PT_523,,Southwest Florida Water Management District,FDEM,Risk Shelter Inventory - General - FDEM,,,,Central Florida,Southwest District,Southwest,1,83,27,Not Affected,Not Affected,Not Affected,Not Affected,Not Affected,Not Affected,Not Affected,Not Affected,Not Affected,Not Affected,Not Affected,Not Affected,Not Affected,Not Affected,Not Affected,Not Affected,Not Affected,Not Affected,Not Affected,Not Affected,Not Affected,614745.8926,399782.0783
527,475,Hardee Jr HS / Hilltop ES,2405 US Highway 17 N,Wauchula,33873,Hardee,-81.82028263,27.58657739,"-81.82028263, 27.58657739",17R ML 19040 51675,SHELTER,RISK,6,2004,11 Classroom,A, ,0,0,0,0,0,0,213,4262,0, ,No,No,No,No,Yes, , , , ,,,SHELTER,,Risk Shelter Inventory,Critical Community and Emergency Facilities,Regionally Significant,RSI_PT_523,,Southwest Florida Water Management District,FDEM,Risk Shelter Inventory - General - FDEM,,,,Central Florida,Southwest District,Southwest,1,83,27,Not Affected,Not Affected,Not Affected,Not Affected,Not Affected,Not Affected,Not Affected,Not Affected,Not Affected,Not Affected,Not Affected,Not Affected,Not Affected,Not Affected,Not Affected,Not Affected,Not Affected,Not Affected,Not Affected,Not Affected,Not Affected,614745.8926,399782.0783
528,476,South Florida State College,2968 US 17 N,Bowling Green,33834,Hardee,-81.82153002,27.60405002,"-81.82153002, 27.60405002",17R ML 18930 53611,SHELTER,RISK,6,2003,100B,A,400 kW for campus,0,0,0,0,0,0,58,1158,0, ,No,No,No,No,Yes, , , , ,,,SHELTER,,Risk Shelter Inventory,Critical Community and Emergency Facilities,Regionally Significant,RSI_PT_528,,Southwest Florida Water Management District,FDEM,Risk Shelter Inventory - General - FDEM,,,,Central Florida,Southwest District,Southwest,1,83,27,Not Affected,Not Affected,Not Affected,Not Affected,Not Affected,Not Affected,Not Affected,Not Affected,Not Affected,Not Affected,Not Affected,Not Affected,Not Affected,Not Affected,Not Affected,Medium,Medium,Medium,Medium,Medium,Medium,614588.7374,401719.9159
529,477,Bowling Green ES,4530 Church Ave,Bowling Green,33834,Hardee,-81.82114998,27.63576002,"-81.82114998, 27.63576002",17R ML 18991 57123,SHELTER,RISK,6,2002,18 Classroom,A, ,0,0,106,2117,0,0,106,2117,105,L,No,No,No,Yes,Yes, , , ,Yes,,,SHELTER,,Risk Shelter Inventory,Critical Community and Emergency Facilities,Regionally Significant,RSI_PT_522,Bowling Green,Southwest Florida Water Management District,FDEM,Risk Shelter Inventory - General - FDEM,,,,Central Florida,Southwest District,Southwest,1,83,27,Not Affected,Not Affected,Not Affected,Not Affected,Not Affected,Not Affected,Not Affected,Not Affected,Not Affected,Not Affected,Not Affected,Not Affected,Not Affected,Not Affected,Not Affected,Not Affected,Not Affected,Not Affected,Not Affected,Not Affected,Not Affected,614563.9526,405241.3984
530,478,Hardee Jr HS / Hilltop ES,2405 US Highway 17 N,Wauchula,33873,Hardee,-81.82028263,27.58657739,"-81.82028263, 27.58657739",17R ML 19040 51675,SHELTER,RISK,6,2004,9 Classroom,A, ,0,0,56,1120,0,0,56,1120,563,L,No,No,No,Yes,Yes, , , , ,,,SHELTER,,Risk Shelter Inventory,Critical Community and Emergency Facilities,Regionally Significant,RSI_PT_523,,Southwest Florida Water Management District,FDEM,Risk Shelter Inventory - General - FDEM,,,,Central Florida,Southwest District,Southwest,1,83,27,Not Affected,Not Affected,Not Affected,Not Affected,Not Affected,Not Affected,Not Affected,Not Affected,Not Affected,Not Affected,Not Affected,Not Affected,Not Affected,Not Affected,Not Affected,Not Affected,Not Affected,Not Affected,Not Affected,Not Affected,Not Affected,614745.8926,399782.0783
531,479,Hardee Jr HS / Hilltop ES,2405 US Highway 17 N,Wauchula,33873,Hardee,-81.82028263,27.58657739,"-81.82028263, 27.58657739",17R ML 19040 51675,SHELTER,RISK,6,2004,7 Classroom,A, ,0,0,413,8252,0,0,413,8252,411,L,No,No,No,Yes,Yes, , , , ,,,SHELTER,,Risk Shelter Inventory,Critical Community and Emergency Facilities,Regionally Significant,RSI_PT_523,,Southwest Florida Water Management District,FDEM,Risk Shelter Inventory - General - FDEM,,,,Central Florida,Southwest District,Southwest,1,83,27,Not Affected,Not Affected,Not Affected,Not Affected,Not Affected,Not Affected,Not Affected,Not Affected,Not Affected,Not Affected,Not Affected,Not Affected,Not Affected,Not Affected,Not Affected,Not Affected,Not Affected,Not Affected,Not Affected,Not Affected,Not Affected,614745.8926,399782.0783
532,480,Hardee Jr HS / Hilltop ES,2405 US Highway 17 N,Wauchula,33873,Hardee,-81.82028263,27.58657739,"-81.82028263, 27.58657739",17R ML 19040 51675,SHELTER,RISK,6,2004,10 Classroom,A, ,0,0,0,0,0,0,144,2879,0, ,No,No,No,No,Yes, , , , ,,,SHELTER,,Risk Shelter Inventory,Critical Community and Emergency Facilities,Regionally Significant,RSI_PT_523,,Southwest Florida Water Management District,FDEM,Risk Shelter Inventory - General - FDEM,,,,Central Florida,Southwest District,Southwest,1,83,27,Not Affected,Not Affected,Not Affected,Not Affected,Not Affected,Not Affected,Not Affected,Not Affected,Not Affected,Not Affected,Not Affected,Not Affected,Not Affected,Not Affected,Not Affected,Not Affected,Not Affected,Not Affected,Not Affected,Not Affected,Not Affected,614745.8926,399782.0783
533,481,Hardee Jr HS / Hilltop ES,2405 US Highway 17 N,Wauchula,33873,Hardee,-81.82028263,27.58657739,"-81.82028263, 27.58657739",17R ML 19040 51675,SHELTER,RISK,6,2004,5 Cafeteria,A, ,0,0,338,6768,0,0,338,6768,344,L,No,No,No,Yes,Yes, , , , ,,,SHELTER,,Risk Shelter Inventory,Critical Community and Emergency Facilities,Regionally Significant,RSI_PT_523,,Southwest Florida Water Management District,FDEM,Risk Shelter Inventory - General - FDEM,,,,Central Florida,Southwest District,Southwest,1,83,27,Not Affected,Not Affected,Not Affected,Not Affected,Not Affected,Not Affected,Not Affected,Not Affected,Not Affected,Not Affected,Not Affected,Not Affected,Not Affected,Not Affected,Not Affected,Not Affected,Not Affected,Not Affected,Not Affected,Not Affected,Not Affected,614745.8926,399782.0783
534,482,Zolfo Springs ES,3215 Schoolhouse Rd,Zolfo Springs,33890,Hardee,-81.78556997,27.49563999,"-81.78556997, 27.49563999",17R ML 22402 41579,SHELTER,RISK,6,2001,10 Classroom,A, ,0,0,194,3870,0,0,194,3870,220,L,No,No,No,Yes,Yes, , , , ,,,SHELTER,,Risk Shelter Inventory,Critical Community and Emergency Facilities,Regionally Significant,RSI_PT_534,Zolfo Springs,Southwest Florida Water Management District,FDEM,Risk Shelter Inventory - General - FDEM,,,,Central Florida,Southwest District,Southwest,1,83,27,Not Affected,Not Affected,Not Affected,Not Affected,Not Affected,Not Affected,Not Affected,Not Affected,Not Affected,Not Affected,Not Affected,Not Affected,Not Affected,Not Affected,Not Affected,Not Affected,Not Affected,Not Affected,Not Affected,Not Affected,Not Affected,618346.7536,389746.2818
535,483,Clewiston MS,601 W Osceola Ave,Clewiston,33440,Hendry,-80.93673986,26.75579673,"-80.93673986, 26.75579673",17R NK 06289 59389,SHELTER,RISK,8,1996,31 Gym,R, ,0,0,0,0,553,11065,553,11065,553,S-1467-2004,No,No,No,No,Yes, , , , ,,,SHELTER,,Risk Shelter Inventory,Critical Community and Emergency Facilities,Regionally Significant,RSI_PT_535,Clewiston,South Florida Water Management District,FDEM,Risk Shelter Inventory - General - FDEM,,,,Southwest Florida,South District,Southwest,1,82,28,Not Affected,Not Affected,Not Affected,Not Affected,Not Affected,Not Affected,Not Affected,Not Affected,Not Affected,Not Affected,Not Affected,Not Affected,Not Affected,Not Affected,Not Affected,Medium,Medium,Medium,Medium,Medium,Medium,704068.5013,309415.3682
536,484,Clewiston MS,601 W Osceola Ave,Clewiston,33440,Hendry,-80.93673986,26.75579673,"-80.93673986, 26.75579673",17R NK 06289 59389,SHELTER,RISK,8,1996,33 Classroom,R, ,0,0,0,0,159,3178,159,3178,159,S-1467-2004,No,No,No,No,Yes, , , , ,,,SHELTER,,Risk Shelter Inventory,Critical Community and Emergency Facilities,Regionally Significant,RSI_PT_535,Clewiston,South Florida Water Management District,FDEM,Risk Shelter Inventory - General - FDEM,,,,Southwest Florida,South District,Southwest,1,82,28,Not Affected,Not Affected,Not Affected,Not Affected,Not Affected,Not Affected,Not Affected,Not Affected,Not Affected,Not Affected,Not Affected,Not Affected,Not Affected,Not Affected,Not Affected,Medium,Medium,Medium,Medium,Medium,Medium,704068.5013,309415.3682
537,485,LaBelle MS,8000 E Cowboy Way,Labelle,33935,Hendry,-81.36898997,26.75182999,"-81.36898997, 26.75182999",17R MK 63310 59001,SHELTER,RISK,8,2000,4 Ag Lab,R, ,0,0,0,0,287,5730,287,5730,334,S-1467-2004,No,No,No,No,Yes, , , , ,,,SHELTER,,Risk Shelter Inventory,Critical Community and Emergency Facilities,Regionally Significant,RSI_PT_537,,South Florida Water Management District,FDEM,Risk Shelter Inventory - General - FDEM,,,,Southwest Florida,South District,Southwest,1,82,28,Not Affected,Not Affected,Not Affected,Not Affected,Not Affected,Not Affected,Not Affected,Not Affected,Not Affected,Not Affected,Not Affected,Not Affected,Not Affected,Not Affected,Not Affected,Not Affected,Not Affected,Not Affected,Not Affected,Not Affected,Not Affected,661178.4838,307984.4358
538,486,Clewiston MS,601 W Osceola Ave,Clewiston,33440,Hendry,-80.93673986,26.75579673,"-80.93673986, 26.75579673",17R NK 06289 59389,SHELTER,RISK,8,1996,32 Classroom,R, ,0,0,0,0,355,7101,355,7101,355,S-1467-2004,No,No,No,No,Yes, , , , ,,,SHELTER,,Risk Shelter Inventory,Critical Community and Emergency Facilities,Regionally Significant,RSI_PT_535,Clewiston,South Florida Water Management District,FDEM,Risk Shelter Inventory - General - FDEM,,,,Southwest Florida,South District,Southwest,1,82,28,Not Affected,Not Affected,Not Affected,Not Affected,Not Affected,Not Affected,Not Affected,Not Affected,Not Affected,Not Affected,Not Affected,Not Affected,Not Affected,Not Affected,Not Affected,Medium,Medium,Medium,Medium,Medium,Medium,704068.5013,309415.3682
539,487,LaBelle MS,8000 E Cowboy Way,Labelle,33935,Hendry,-81.36898997,26.75182999,"-81.36898997, 26.75182999",17R MK 63310 59001,SHELTER,RISK,8,1996,1 Classroom,R, ,0,0,0,0,163,3253,163,3253,215,S-1467-2004,No,No,No,No,Yes, , , , ,,,SHELTER,,Risk Shelter Inventory,Critical Community and Emergency Facilities,Regionally Significant,RSI_PT_537,,South Florida Water Management District,FDEM,Risk Shelter Inventory - General - FDEM,,,,Southwest Florida,South District,Southwest,1,82,28,Not Affected,Not Affected,Not Affected,Not Affected,Not Affected,Not Affected,Not Affected,Not Affected,Not Affected,Not Affected,Not Affected,Not Affected,Not Affected,Not Affected,Not Affected,Not Affected,Not Affected,Not Affected,Not Affected,Not Affected,Not Affected,661178.4838,307984.4358
540,488,Clewiston HS,1501 S Francisco St,Clewiston,33440,Hendry,-80.92247284,26.74469162,"-80.92247284, 26.74469162",17R NK 07709 58160,SHELTER,RISK,8,1989,1 Classroom,R, ,0,0,0,0,312,6230,312,6230,312,S-1467-2004,No,No,No,No,Yes, , , , ,,,SHELTER,,Risk Shelter Inventory,Critical Community and Emergency Facilities,Regionally Significant,RSI_PT_540,Clewiston,South Florida Water Management District,FDEM,Risk Shelter Inventory - General - FDEM,,,,Southwest Florida,South District,Southwest,1,82,28,Not Affected,Not Affected,Not Affected,Not Affected,Not Affected,Not Affected,Not Affected,Not Affected,Not Affected,Not Affected,Not Affected,Not Affected,Not Affected,Not Affected,Not Affected,Not Affected,Not Affected,Not Affected,Low,Low,Low,705515.1611,308218.1555
541,489,LaBelle MS,8000 E Cowboy Way,Labelle,33935,Hendry,-81.36898997,26.75182999,"-81.36898997, 26.75182999",17R MK 63310 59001,SHELTER,RISK,8,2000,6 Classroom,R, ,0,0,0,0,354,7077,354,7077,481,S-1467-2004,No,No,No,No,Yes, , , , ,,,SHELTER,,Risk Shelter Inventory,Critical Community and Emergency Facilities,Regionally Significant,RSI_PT_537,,South Florida Water Management District,FDEM,Risk Shelter Inventory - General - FDEM,,,,Southwest Florida,South District,Southwest,1,82,28,Not Affected,Not Affected,Not Affected,Not Affected,Not Affected,Not Affected,Not Affected,Not Affected,Not Affected,Not Affected,Not Affected,Not Affected,Not Affected,Not Affected,Not Affected,Not Affected,Not Affected,Not Affected,Not Affected,Not Affected,Not Affected,661178.4838,307984.4358
542,490,LaBelle MS,8000 E Cowboy Way,Labelle,33935,Hendry,-81.36898997,26.75182999,"-81.36898997, 26.75182999",17R MK 63310 59001,SHELTER,RISK,8,1996,2 Classroom,R, ,0,0,0,0,121,2425,121,2425,172,S-1467-2004,No,No,No,No,Yes, , , , ,,,SHELTER,,Risk Shelter Inventory,Critical Community and Emergency Facilities,Regionally Significant,RSI_PT_537,,South Florida Water Management District,FDEM,Risk Shelter Inventory - General - FDEM,,,,Southwest Florida,South District,Southwest,1,82,28,Not Affected,Not Affected,Not Affected,Not Affected,Not Affected,Not Affected,Not Affected,Not Affected,Not Affected,Not Affected,Not Affected,Not Affected,Not Affected,Not Affected,Not Affected,Not Affected,Not Affected,Not Affected,Not Affected,Not Affected,Not Affected,661178.4838,307984.4358
543,491,Clewiston MS,601 W Osceola Ave,Clewiston,33440,Hendry,-80.93673986,26.75579673,"-80.93673986, 26.75579673",17R NK 06289 59389,SHELTER,RISK,8,1996,34 Classroom,R, ,0,0,0,0,156,3112,156,3112,156,S-1467-2004,No,No,No,No,Yes, , , , ,,,SHELTER,,Risk Shelter Inventory,Critical Community and Emergency Facilities,Regionally Significant,RSI_PT_535,Clewiston,South Florida Water Management District,FDEM,Risk Shelter Inventory - General - FDEM,,,,Southwest Florida,South District,Southwest,1,82,28,Not Affected,Not Affected,Not Affected,Not Affected,Not Affected,Not Affected,Not Affected,Not Affected,Not Affected,Not Affected,Not Affected,Not Affected,Not Affected,Not Affected,Not Affected,Medium,Medium,Medium,Medium,Medium,Medium,704068.5013,309415.3682
544,492,Clewiston HS,1501 S Francisco St,Clewiston,33440,Hendry,-80.92247284,26.74469162,"-80.92247284, 26.74469162",17R NK 07709 58160,SHELTER,RISK,8,1989,9 Classroom,R, ,0,0,0,0,181,3619,181,3619,181,S-1467-2004,No,No,No,No,Yes, , , , ,,,SHELTER,,Risk Shelter Inventory,Critical Community and Emergency Facilities,Regionally Significant,RSI_PT_540,Clewiston,South Florida Water Management District,FDEM,Risk Shelter Inventory - General - FDEM,,,,Southwest Florida,South District,Southwest,1,82,28,Not Affected,Not Affected,Not Affected,Not Affected,Not Affected,Not Affected,Not Affected,Not Affected,Not Affected,Not Affected,Not Affected,Not Affected,Not Affected,Not Affected,Not Affected,Not Affected,Not Affected,Not Affected,Low,Low,Low,705515.1611,308218.1555
545,493,Clewiston MS,601 W Osceola Ave,Clewiston,33440,Hendry,-80.93673986,26.75579673,"-80.93673986, 26.75579673",17R NK 06289 59389,SHELTER,RISK,8,1996,30 Music,R, ,0,0,0,0,149,2972,149,2972,149,S-1467-2004,No,No,No,No,Yes, , , , ,,,SHELTER,,Risk Shelter Inventory,Critical Community and Emergency Facilities,Regionally Significant,RSI_PT_535,Clewiston,South Florida Water Management District,FDEM,Risk Shelter Inventory - General - FDEM,,,,Southwest Florida,South District,Southwest,1,82,28,Not Affected,Not Affected,Not Affected,Not Affected,Not Affected,Not Affected,Not Affected,Not Affected,Not Affected,Not Affected,Not Affected,Not Affected,Not Affected,Not Affected,Not Affected,Medium,Medium,Medium,Medium,Medium,Medium,704068.5013,309415.3682
546,494,LaBelle MS,8000 E Cowboy Way,Labelle,33935,Hendry,-81.36898997,26.75182999,"-81.36898997, 26.75182999",17R MK 63310 59001,SHELTER,RISK,8,1996,3 Cafeteria,R, ,0,0,0,0,476,9529,476,9529,442,S-1467-2004,No,No,No,No,Yes, , , , ,,,SHELTER,,Risk Shelter Inventory,Critical Community and Emergency Facilities,Regionally Significant,RSI_PT_537,,South Florida Water Management District,FDEM,Risk Shelter Inventory - General - FDEM,,,,Southwest Florida,South District,Southwest,1,82,28,Not Affected,Not Affected,Not Affected,Not Affected,Not Affected,Not Affected,Not Affected,Not Affected,Not Affected,Not Affected,Not Affected,Not Affected,Not Affected,Not Affected,Not Affected,Not Affected,Not Affected,Not Affected,Not Affected,Not Affected,Not Affected,661178.4838,307984.4358
547,495,LaBelle MS,8000 E Cowboy Way,LaBelle,33935,Hendry,-81.36898997,26.75182999,"-81.36898997, 26.75182999",17R MK 63310 59001,SHELTER,RISK,8,1999,5 Gym,R, ,0,0,0,0,557,11133,557,11133,500,L,No,No,No,No,Yes, , , , ,,,SHELTER,,Risk Shelter Inventory,Critical Community and Emergency Facilities,Regionally Significant,RSI_PT_537,,South Florida Water Management District,FDEM,Risk Shelter Inventory - General - FDEM,,,,Southwest Florida,South District,Southwest,1,82,28,Not Affected,Not Affected,Not Affected,Not Affected,Not Affected,Not Affected,Not Affected,Not Affected,Not Affected,Not Affected,Not Affected,Not Affected,Not Affected,Not Affected,Not Affected,Not Affected,Not Affected,Not Affected,Not Affected,Not Affected,Not Affected,661178.4838,307984.4358
548,496,Edward A Upthegrove ES,280 N Main St,Labelle,33935,Hendry,-81.44030002,26.76579001,"-81.44030002, 26.76579001",17R MK 56225 60570,SHELTER,RISK,8,2001,23 Classroom,R, ,0,0,0,0,242,4833,242,4833,242,S-1467-2004,No,No,No,No,Yes, , , , ,,,SHELTER,,Risk Shelter Inventory,Critical Community and Emergency Facilities,Regionally Significant,RSI_PT_548,LaBelle,South Florida Water Management District,FDEM,Risk Shelter Inventory - General - FDEM,,,,Southwest Florida,South District,Southwest,1,82,28,Not Affected,Not Affected,Not Affected,Not Affected,Not Affected,Not Affected,Not Affected,Not Affected,Not Affected,Not Affected,Not Affected,Not Affected,Not Affected,Not Affected,Not Affected,Not Affected,Not Affected,Not Affected,Not Affected,Not Affected,Not Affected,654068.4495,309384.9228
549,497,Frank W Springstead HS,3300 Maniner Blvd,Spring Hill,34609,Hernando,-82.54217697,28.482004,"-82.54217697, 28.48200400",17R LM 49039 51567,SHELTER,RISK,7,2007,12 Cafeteria,A, ,0,0,270,5396,0,0,270,5396,445, ,No,No,No,Yes,Yes, , , ,Yes,,,SHELTER,,Risk Shelter Inventory,Critical Community and Emergency Facilities,Regionally Significant,RSI_PT_549,,Southwest Florida Water Management District,FDEM,Risk Shelter Inventory - General - FDEM,,,,Tampa Bay,Southwest District,Northwest,7,53,11,Not Affected,Not Affected,Not Affected,Not Affected,Not Affected,Not Affected,Not Affected,Not Affected,Not Affected,Not Affected,Not Affected,Not Affected,Not Affected,Not Affected,Not Affected,Medium,Low,Medium,Medium,Medium,Medium,542453.3843,498167.3992
550,498,John D Floyd ES,3139 Dumont Ave,Spring Hill,34609,Hernando,-82.50967002,28.47847401,"-82.50967002, 28.47847401",17R LM 52216 51135,SHELTER,RISK,7,2007,13 Classroom,A,100 kW,0,0,0,0,0,0,257,5132,0,L,No,No,No,No,Yes, , , , ,,,SHELTER,,Risk Shelter Inventory,Critical Community and Emergency Facilities,Regionally Significant,RSI_PT_550,,Southwest Florida Water Management District,FDEM,Risk Shelter Inventory - General - FDEM,,,,Tampa Bay,Southwest District,Northwest,7,53,11,Not Affected,Not Affected,Not Affected,Not Affected,Not Affected,Not Affected,Not Affected,Not Affected,Not Affected,Not Affected,Not Affected,Not Affected,Not Affected,Not Affected,Not Affected,Not Affected,Not Affected,Not Affected,Not Affected,Not Affected,Not Affected,545634.4348,497813.3702
551,499,Challenger K-8,13400 Elgin Blvd,Spring Hill,34609,Hernando,-82.50182296,28.49581202,"-82.50182296, 28.49581202",17R LM 53009 53047,SHELTER,RISK,7,2004,"1 (100s, 200s, 400s, 500s) Classroom / Media",A, ,0,0,1155,23097,0,0,1155,23097,2750,L,No,No,No,Yes,Yes, , , ,Yes,,,SHELTER,,Risk Shelter Inventory,Critical Community and Emergency Facilities,Regionally Significant,RSI_PT_551,,Southwest Florida Water Management District,FDEM,Risk Shelter Inventory - General - FDEM,,,,Tampa Bay,Southwest District,Northwest,7,53,11,Not Affected,Not Affected,Not Affected,Not Affected,Not Affected,Not Affected,Not Affected,Not Affected,Not Affected,Not Affected,Not Affected,Not Affected,Not Affected,Not Affected,Not Affected,Not Affected,Not Affected,Not Affected,Low,Medium,Medium,546377.8154,499748.0142
552,500,Central HS,14075 Ken Austin Pkwy,Brooksville,34613,Hernando,-82.49538398,28.56411899,"-82.49538398, 28.56411899",17R LM 53733 60608,SHELTER,RISK,7,2007,30 Cafeteria / Corridors,A, ,0,0,310,6204,0,0,310,6204,256,L,No,No,No,Yes,Yes, , , ,Yes,,,SHELTER,,Risk Shelter Inventory,Critical Community and Emergency Facilities,Regionally Significant,RSI_PT_552,,Southwest Florida Water Management District,FDEM,Risk Shelter Inventory - General - FDEM,,,,Tampa Bay,Southwest District,Northwest,7,53,11,Not Affected,Not Affected,Not Affected,Not Affected,Not Affected,Not Affected,Not Affected,Not Affected,Not Affected,Not Affected,Not Affected,Not Affected,Not Affected,Not Affected,Not Affected,Not Affected,Not Affected,Not Affected,Low,Low,Low,546914.3411,507341.0046
553,501,Suncoast ES,11135 Quality Dr,Spring Hill,34609,Hernando,-82.53757203,28.437019,"-82.53757203, 28.43701900",17R LM 49426 46576,SHELTER,RISK,7,1994,5 Cafeteria,R, ,0,0,0,0,202,4035,202,4035,0, ,No,No,No,No,Yes, , , , ,,,SHELTER,,Risk Shelter Inventory,Critical Community and Emergency Facilities,Regionally Significant,RSI_PT_553,,Southwest Florida Water Management District,FDEM,Risk Shelter Inventory - General - FDEM,,,,Tampa Bay,Southwest District,Northwest,7,53,11,Not Affected,Not Affected,Not Affected,Not Affected,Not Affected,Not Affected,Not Affected,Not Affected,Not Affected,Not Affected,Not Affected,Not Affected,Not Affected,Not Affected,Not Affected,Medium,Medium,Medium,Medium,Medium,Medium,542962.5878,493177.2052
554,502,Nature Coast Tech HS,4057 California St,Brooksville,34604,Hernando,-82.46332304,28.48835401,"-82.46332304, 28.48835401",17R LM 56767 52174,SHELTER,RISK,7,2001,2 Classroom,A,100 kW,0,0,0,0,0,0,332,6636,246, ,No,No,No,No,Yes, , , , ,,,SHELTER,,Risk Shelter Inventory,Critical Community and Emergency Facilities,Regionally Significant,RSI_PT_554,,Southwest Florida Water Management District,FDEM,Risk Shelter Inventory - General - FDEM,,,,Tampa Bay,Southwest District,Northwest,7,52,11,Not Affected,Not Affected,Not Affected,Not Affected,Not Affected,Not Affected,Not Affected,Not Affected,Not Affected,Not Affected,Not Affected,Not Affected,Not Affected,Not Affected,Not Affected,Not Affected,Not Affected,Not Affected,Not Affected,Not Affected,Not Affected,550149.539,498966.108
555,503,Nature Coast Tech HS,4057 California St,Brooksville,34604,Hernando,-82.46332304,28.48835401,"-82.46332304, 28.48835401",17R LM 56767 52174,SHELTER,RISK,7,2001,3 Gym,A,100 kW,0,0,585,11696,0,0,585,11696,607,"L, S",No,No,No,Yes,Yes, , , , ,,,SHELTER,,Risk Shelter Inventory,Critical Community and Emergency Facilities,Regionally Significant,RSI_PT_554,,Southwest Florida Water Management District,FDEM,Risk Shelter Inventory - General - FDEM,,,,Tampa Bay,Southwest District,Northwest,7,52,11,Not Affected,Not Affected,Not Affected,Not Affected,Not Affected,Not Affected,Not Affected,Not Affected,Not Affected,Not Affected,Not Affected,Not Affected,Not Affected,Not Affected,Not Affected,Not Affected,Not Affected,Not Affected,Not Affected,Not Affected,Not Affected,550149.539,498966.108
556,504,Challenger K-8,13400 Elgin Blvd,Spring Hill,34609,Hernando,-82.50182296,28.49581202,"-82.50182296, 28.49581202",17R LM 53009 53047,SHELTER,RISK,7,2004,1 (600s) Gym,A, ,0,0,508,10161,0,0,508,10161,421, ,No,No,No,Yes,Yes, , , ,Yes,,,SHELTER,,Risk Shelter Inventory,Critical Community and Emergency Facilities,Regionally Significant,RSI_PT_551,,Southwest Florida Water Management District,FDEM,Risk Shelter Inventory - General - FDEM,,,,Tampa Bay,Southwest District,Northwest,7,53,11,Not Affected,Not Affected,Not Affected,Not Affected,Not Affected,Not Affected,Not Affected,Not Affected,Not Affected,Not Affected,Not Affected,Not Affected,Not Affected,Not Affected,Not Affected,Not Affected,Not Affected,Not Affected,Low,Medium,Medium,546377.8154,499748.0142
557,505,John D Floyd ES,3139 Dumont Ave,Spring Hill,34609,Hernando,-82.50967002,28.47847401,"-82.50967002, 28.47847401",17R LM 52216 51135,SHELTER,RISK,7,2007,12 Classroom,A,100 kW,0,0,0,0,0,0,256,5126,0,L,No,No,No,No,Yes, , , , ,,,SHELTER,,Risk Shelter Inventory,Critical Community and Emergency Facilities,Regionally Significant,RSI_PT_550,,Southwest Florida Water Management District,FDEM,Risk Shelter Inventory - General - FDEM,,,,Tampa Bay,Southwest District,Northwest,7,53,11,Not Affected,Not Affected,Not Affected,Not Affected,Not Affected,Not Affected,Not Affected,Not Affected,Not Affected,Not Affected,Not Affected,Not Affected,Not Affected,Not Affected,Not Affected,Not Affected,Not Affected,Not Affected,Not Affected,Not Affected,Not Affected,545634.4348,497813.3702
558,506,Fred Wild ES,3550 Youth Care Ln,Sebring,33870,Highlands,-81.43058003,27.47940999,"-81.43058003, 27.47940999",17R ML 57462 39609,SHELTER,RISK,6,2001,13 Cafeteria,A, ,0,0,0,0,0,0,223,4454,249,L,No,No,No,No,Yes, , , , ,,,SHELTER,,Risk Shelter Inventory,Critical Community and Emergency Facilities,Regionally Significant,RSI_PT_558,,Southwest Florida Water Management District,FDEM,Risk Shelter Inventory - General - FDEM,,,,Central Florida,South District,Southwest,1,83,29,Not Affected,Not Affected,Not Affected,Not Affected,Not Affected,Not Affected,Not Affected,Not Affected,Not Affected,Not Affected,Not Affected,Not Affected,Not Affected,Not Affected,Not Affected,Not Affected,Not Affected,Not Affected,Not Affected,Not Affected,Not Affected,653382.2302,388623.335
559,507,Avon ES,705 Winthrop St,Avon Park,33825,Highlands,-81.51002999,27.60199,"-81.51002999, 27.60199000",17R ML 49669 53217,SHELTER,RISK,6,2002,10 Cafeteria,A, ,0,0,0,0,0,0,225,4500,249,L,No,No,No,No,Yes, , , , ,,,SHELTER,,Risk Shelter Inventory,Critical Community and Emergency Facilities,Regionally Significant,RSI_PT_338,Avon Park,Southwest Florida Water Management District,FDEM,Risk Shelter Inventory - General - FDEM,,,,Central Florida,South District,Southwest,1,83,29,Not Affected,Not Affected,Not Affected,Not Affected,Not Affected,Not Affected,Not Affected,Not Affected,Not Affected,Not Affected,Not Affected,Not Affected,Not Affected,Not Affected,Not Affected,Not Affected,Not Affected,Not Affected,Not Affected,Not Affected,Not Affected,645273.5494,402072.0145
560,508,Lake Placid ES,101 Green Dragon Dr,Lake Placid,33852,Highlands,-81.36949004,27.29417999,"-81.36949004, 27.29417999",17R ML 63436 19073,SHELTER,RISK,6,2006,6 Classroom,A, ,0,0,0,0,0,0,282,5633,200,L,No,No,No,No,Yes, , , , ,,,SHELTER,,Risk Shelter Inventory,Critical Community and Emergency Facilities,Regionally Significant,RSI_PT_560,Lake Placid,Southwest Florida Water Management District,FDEM,Risk Shelter Inventory - General - FDEM,,,,Central Florida,South District,Southwest,1,83,29,Not Affected,Not Affected,Not Affected,Not Affected,Not Affected,Not Affected,Not Affected,Not Affected,Not Affected,Not Affected,Not Affected,Not Affected,Not Affected,Not Affected,Not Affected,Medium,Medium,Medium,Medium,Medium,Medium,659844.4183,368186.5315
561,509,Sebring Civic Center,355 W Center Ave,Sebring,33870,Highlands,-81.44391825,27.4948817,"-81.44391825, 27.49488170",17R ML 56150 41328,SHELTER,RISK,6,2010, ,A, ,0,0,1185,23698,0,0,1185,23698,0,S-1621X,No,No,No,No,Yes, , , , ,,,SHELTER,,Risk Shelter Inventory,Critical Community and Emergency Facilities,Regionally Significant,RSI_PT_561,Sebring,Southwest Florida Water Management District,FDEM,Risk Shelter Inventory - General - FDEM,,,,Central Florida,South District,Southwest,1,83,29,Not Affected,Not Affected,Not Affected,Not Affected,Not Affected,Not Affected,Not Affected,Not Affected,Not Affected,Not Affected,Not Affected,Not Affected,Not Affected,Not Affected,Not Affected,Medium,Medium,Medium,Not Affected,Not Affected,Medium,652031.4662,390313.701
562,510,Avon Park HS,700 E Main St,Avon Park,33825,Highlands,-81.48868003,27.59375,"-81.48868003, 27.59375000",17R ML 51772 52296,SHELTER,RISK,6,1998,6 Cafeteria,R, ,0,0,0,0,250,5007,250,5007,300,1508-2005,No,No,No,No,Yes, , , , ,,,SHELTER,,Risk Shelter Inventory,Critical Community and Emergency Facilities,Regionally Significant,RSI_PT_336,Avon Park,Southwest Florida Water Management District,FDEM,Risk Shelter Inventory - General - FDEM,,,,Central Florida,South District,Southwest,1,83,29,Not Affected,Not Affected,Not Affected,Not Affected,Not Affected,Not Affected,Not Affected,Not Affected,Not Affected,Not Affected,Not Affected,Not Affected,Not Affected,Not Affected,Not Affected,Medium,Medium,Medium,Medium,Medium,Medium,647394.9637,401199.8104
563,511,Lake Placid Senior HS,202 Green Dragon Dr,Lake Placid,33852,Highlands,-81.37268002,27.29368998,"-81.37268002, 27.29368998",17R ML 63120 19019,SHELTER,RISK,6,2009,2 Multipurpose,A, ,0,0,359,7171,0,0,359,7171,0, ,No,No,No,Yes,Yes, , , , ,,,SHELTER,,Risk Shelter Inventory,Critical Community and Emergency Facilities,Regionally Significant,RSI_PT_563,Lake Placid,Southwest Florida Water Management District,FDEM,Risk Shelter Inventory - General - FDEM,,,,Central Florida,South District,Southwest,1,83,29,Not Affected,Not Affected,Not Affected,Not Affected,Not Affected,Not Affected,Not Affected,Not Affected,Not Affected,Not Affected,Not Affected,Not Affected,Not Affected,Not Affected,Not Affected,Not Affected,Not Affected,Not Affected,Not Affected,Not Affected,Not Affected,659530.5153,368125.4157
564,512,Cracker Trail ES,8200 Sparta Rd,Sebring,33870,Highlands,-81.44402997,27.42398,"-81.44402997, 27.42398000",17R ML 56111 33474,SHELTER,RISK,6,2002,4 Classroom,R, ,0,0,0,0,140,2807,140,2807,200,1508-2005,No,No,No,No,Yes, , , , ,,,SHELTER,,Risk Shelter Inventory,Critical Community and Emergency Facilities,Regionally Significant,RSI_PT_564,,Southwest Florida Water Management District,FDEM,Risk Shelter Inventory - General - FDEM,,,,Central Florida,South District,Southwest,1,83,29,Not Affected,Not Affected,Not Affected,Not Affected,Not Affected,Not Affected,Not Affected,Not Affected,Not Affected,Not Affected,Not Affected,Not Affected,Not Affected,Not Affected,Not Affected,Medium,Medium,Medium,Medium,Medium,Medium,652183.6327,382441.872
565,513,Woodlawn ES,817 Woodlawn Dr,Sebring,33870,Highlands,-81.44395,27.50725002,"-81.44395000, 27.50725002",17R ML 56152 42698,SHELTER,RISK,6,2001,2 Cafeteria,A, ,0,0,0,0,0,0,220,4393,249,L,No,No,No,No,Yes, , , , ,,,SHELTER,,Risk Shelter Inventory,Critical Community and Emergency Facilities,Regionally Significant,RSI_PT_339,Sebring,Southwest Florida Water Management District,FDEM,Risk Shelter Inventory - General - FDEM,,,,Central Florida,South District,Southwest,1,83,29,Not Affected,Not Affected,Not Affected,Not Affected,Not Affected,Not Affected,Not Affected,Not Affected,Not Affected,Not Affected,Not Affected,Not Affected,Not Affected,Not Affected,Not Affected,Not Affected,Not Affected,Not Affected,Not Affected,Not Affected,Not Affected,651999.869,391686.7973
566,514,Sebring HS,3514 Kenilworth Blvd,Sebring,33870,Highlands,-81.43135997,27.48608999,"-81.43135997, 27.48608999",17R ML 57387 40350,SHELTER,RISK,6,1999,8 Multipurpose,A, ,0,0,0,0,0,0,220,4405,220,L,No,No,No,No,Yes, , , , ,,,SHELTER,,Risk Shelter Inventory,Critical Community and Emergency Facilities,Regionally Significant,RSI_PT_333,Sebring,Southwest Florida Water Management District,FDEM,Risk Shelter Inventory - General - FDEM,,,,Central Florida,South District,Southwest,1,83,29,Not Affected,Not Affected,Not Affected,Not Affected,Not Affected,Not Affected,Not Affected,Not Affected,Not Affected,Not Affected,Not Affected,Not Affected,Not Affected,Not Affected,Not Affected,Not Affected,Not Affected,Not Affected,Not Affected,Not Affected,Not Affected,653289.8779,389363.3578
567,515,Hill-Gustat MS,4700 Schumacher Rd,Sebring,33872,Highlands,-81.51456997,27.51615001,"-81.51456997, 27.51615001",17R ML 49181 43711,SHELTER,RISK,6,2008,9 Classroom,A, ,0,0,509,10189,0,0,509,10189,750,L,No,No,No,Yes,Yes, , , , ,,,SHELTER,,Risk Shelter Inventory,Critical Community and Emergency Facilities,Regionally Significant,RSI_PT_567,,Southwest Florida Water Management District,FDEM,Risk Shelter Inventory - General - FDEM,,,,Central Florida,South District,Southwest,1,83,29,Not Affected,Not Affected,Not Affected,Not Affected,Not Affected,Not Affected,Not Affected,Not Affected,Not Affected,Not Affected,Not Affected,Not Affected,Not Affected,Not Affected,Not Affected,Not Affected,Not Affected,Not Affected,Not Affected,Not Affected,Not Affected,645018.515,392532.5876
568,568,FishHawk Creek ES,16815 Dorman Rd,Lithia,33547,Hillsborough,-82.21911402,27.84179499,"-82.21911402, 27.84179499",17R LL 79953 80273,SHELTER,RISK,7,2003,2 Classroom,A, ,0,0,736,14713,0,0,736,14713,725,"L, S",No,No,No,Yes,Yes, , , ,Yes,,,SHELTER,,Risk Shelter Inventory,Critical Community and Emergency Facilities,Regionally Significant,RSI_PT_368,,Southwest Florida Water Management District,FDEM,Risk Shelter Inventory - General - FDEM,,,,Tampa Bay,Southwest District,Southwest,7,69,20,Not Affected,Not Affected,Not Affected,Not Affected,Not Affected,Not Affected,Not Affected,Not Affected,Not Affected,Not Affected,Not Affected,Not Affected,Not Affected,Not Affected,Not Affected,Not Affected,Not Affected,Not Affected,Not Affected,Not Affected,Not Affected,575046.7374,427490.315
569,569,Memorial MS,4702 N Central Ave,Tampa,33603,Hillsborough,-82.45597202,27.988311,"-82.45597202, 27.98831100",17R LL 56821 96761,SHELTER,RISK,7,1999,4 Gym,R, ,0,0,0,0,655,13091,655,13091,800,S-1523 / S-1435A,No,No,No,No,Yes, , , , ,,,SHELTER,,Risk Shelter Inventory,Critical Community and Emergency Facilities,Regionally Significant,RSI_PT_569,Tampa,Southwest Florida Water Management District,FDEM,Risk Shelter Inventory - General - FDEM,,,,Tampa Bay,Southwest District,Southwest,7,63,16,Not Affected,Not Affected,Not Affected,Not Affected,Not Affected,Not Affected,Not Affected,Not Affected,Not Affected,Not Affected,Not Affected,Not Affected,Not Affected,Not Affected,Not Affected,Not Affected,Not Affected,Not Affected,Not Affected,Not Affected,Not Affected,551563.0872,443446.4225
570,570,Tampa Palms ES,6100 Tampa Palms Blvd,Tampa,33647,Hillsborough,-82.38536396,28.09816698,"-82.38536396, 28.09816698",17R LM 63903 08851,SHELTER,RISK,7,2004,10 Classroom,A, ,0,0,169,3386,0,0,169,3386,250,"L, S",No,No,No,Yes,Yes, , , ,Yes,,,SHELTER,,Risk Shelter Inventory,Critical Community and Emergency Facilities,Regionally Significant,RSI_PT_570,Tampa,Southwest Florida Water Management District,FDEM,Risk Shelter Inventory - General - FDEM,,,,Tampa Bay,Southwest District,Southwest,7,67,14,Not Affected,Not Affected,Not Affected,Not Affected,Not Affected,Not Affected,Not Affected,Not Affected,Not Affected,Not Affected,Not Affected,Not Affected,Not Affected,Not Affected,Not Affected,Not Affected,Not Affected,Not Affected,Not Affected,Not Affected,Not Affected,558333.9068,455734.2872
571,571,Sickles HS,7950 Gunn Hwy,Tampa,33626,Hillsborough,-82.579861,28.07903198,"-82.57986100, 28.07903198",17R LM 44766 06964,SHELTER,RISK,7,1995,7 Classroom / Lab,R, ,0,0,0,0,469,9379,469,9379,480,S-1543,No,No,No,No,Yes, , , ,Yes,,,SHELTER,,Risk Shelter Inventory,Critical Community and Emergency Facilities,Regionally Significant,RSI_PT_571,,Southwest Florida Water Management District,FDEM,Risk Shelter Inventory - General - FDEM,,,,Tampa Bay,Southwest District,Southwest,7,66,14,Not Affected,Not Affected,Not Affected,Not Affected,Not Affected,Not Affected,Not Affected,Not Affected,Not Affected,Not Affected,Not Affected,Not Affected,Not Affected,Not Affected,Not Affected,Not Affected,Not Affected,Not Affected,Not Affected,Not Affected,Not Affected,539286.5762,453374.6771
572,572,Burnett MS,1010 N. Kingsway Rd,Seffner,33584,Hillsborough,-82.27842001,28.00839802,"-82.27842001, 28.00839802",17R LL 74306 98791,SHELTER,RISK,7,1994,1 Admin / Library / Classroom,R, ,0,0,0,0,1681,33620,1681,33620,443,HMGP,No,No,No,No,Yes, , , ,Yes,,,SHELTER,,Risk Shelter Inventory,Critical Community and Emergency Facilities,Regionally Significant,RSI_PT_380,,Southwest Florida Water Management District,FDEM,Risk Shelter Inventory - General - FDEM,,,,Tampa Bay,Southwest District,Southwest,7,68,23,Not Affected,Not Affected,Not Affected,Not Affected,Not Affected,Not Affected,Not Affected,Not Affected,Not Affected,Not Affected,Not Affected,Not Affected,Not Affected,Not Affected,Not Affected,Medium,Medium,Medium,Medium,Medium,Medium,568959.5256,445907.7488
573,573,Chiles ES,16541 Tampa Palms Blvd,Tampa,33647,Hillsborough,-82.39207099,28.11365201,"-82.39207099, 28.11365201",17R LM 63264 10575,SHELTER,RISK,7,2000,2 Classroom,A, ,0,0,548,10967,0,0,548,10967,729,"L, S",No,No,No,Yes,Yes, , , ,Yes,,,SHELTER,,Risk Shelter Inventory,Critical Community and Emergency Facilities,Regionally Significant,RSI_PT_371,Tampa,Southwest Florida Water Management District,FDEM,Risk Shelter Inventory - General - FDEM,,,,Tampa Bay,Southwest District,Southwest,7,67,14,Not Affected,Not Affected,Not Affected,Not Affected,Not Affected,Not Affected,Not Affected,Not Affected,Not Affected,Not Affected,Not Affected,Not Affected,Not Affected,Not Affected,Not Affected,Not Affected,Not Affected,Not Affected,Not Affected,Not Affected,Not Affected,557653.8184,457445.2558
574,574,Pizzo ES,11701 USF Bull Run Dr,Tampa,33617,Hillsborough,-82.40423699,28.05554098,"-82.40423699, 28.05554098",17R LM 61994 04150,SHELTER,RISK,7,1997,2 Classroom,R,"Yes, unknown kW",0,0,0,0,475,9509,475,9509,532,S-1523,No,No,No,No,Yes, , , , ,,,SHELTER,,Risk Shelter Inventory,Critical Community and Emergency Facilities,Regionally Significant,RSI_PT_574,Tampa,Southwest Florida Water Management District,FDEM,Risk Shelter Inventory - General - FDEM,,,,Tampa Bay,Southwest District,Southwest,7,67,16,Not Affected,Not Affected,Not Affected,Not Affected,Not Affected,Not Affected,Not Affected,Not Affected,Not Affected,Not Affected,Not Affected,Not Affected,Not Affected,Not Affected,Not Affected,Not Affected,Not Affected,Not Affected,Not Affected,Not Affected,Not Affected,556544.5475,450976.7164
575,575,Valrico ES,609 S. Miller Rd,Valrico,33594,Hillsborough,-82.24375498,27.92983699,"-82.24375498, 27.92983699",17R LL 77626 90052,SHELTER,RISK,7,2007,6 Classroom,A, ,0,0,448,8951,0,0,448,8951,540,"L, S",No,No,No,Yes,Yes, , , ,Yes,,,SHELTER,,Risk Shelter Inventory,Critical Community and Emergency Facilities,Regionally Significant,RSI_PT_575,,Southwest Florida Water Management District,FDEM,Risk Shelter Inventory - General - FDEM,,,,Tampa Bay,Southwest District,Southwest,7,68,23,Not Affected,Not Affected,Not Affected,Not Affected,Not Affected,Not Affected,Not Affected,Not Affected,Not Affected,Not Affected,Not Affected,Not Affected,Not Affected,Not Affected,Not Affected,Not Affected,Not Affected,Not Affected,Not Affected,Not Affected,Not Affected,572485.6499,437232.0078
576,576,Lake Magdalene ES,2002 Pine Lake Dr,Tampa,33612,Hillsborough,-82.47780001,28.05774601,"-82.47780001, 28.05774601",17R LM 54767 04480,SHELTER,RISK,7,2004,15 Classroom, , ,0,0,386,7721,0,0,386,7721,500,"L, S",No,No,No,Yes,Yes, , , ,Yes,,,SHELTER,,Risk Shelter Inventory,Critical Community and Emergency Facilities,Regionally Significant,RSI_PT_576,,Southwest Florida Water Management District,FDEM,Risk Shelter Inventory - General - FDEM,,,,Tampa Bay,Southwest District,Southwest,7,66,14,Not Affected,Not Affected,Not Affected,Not Affected,Not Affected,Not Affected,Not Affected,Not Affected,Not Affected,Not Affected,Not Affected,Not Affected,Not Affected,Not Affected,Not Affected,Not Affected,Not Affected,Not Affected,Not Affected,Not Affected,Not Affected,549325.359,451130.3451
577,577,Limona ES,1115 TelFair Rd,Brandon,33510,Hillsborough,-82.301355,27.957377,"-82.30135500, 27.95737700",17R LL 71990 93162,SHELTER,RISK,7,1999,9 Classroom,R, ,0,0,0,0,112,2249,112,2249,184,S-1435A-2003,No,No,No,No,Yes, , , , ,,,SHELTER,,Risk Shelter Inventory,Critical Community and Emergency Facilities,Regionally Significant,RSI_PT_577,,Southwest Florida Water Management District,FDEM,Risk Shelter Inventory - General - FDEM,,,,Tampa Bay,Southwest District,Southwest,7,67,23,Not Affected,Not Affected,Not Affected,Not Affected,Not Affected,Not Affected,Not Affected,Not Affected,Not Affected,Not Affected,Not Affected,Not Affected,Not Affected,Not Affected,Not Affected,Not Affected,Not Affected,Not Affected,Not Affected,Not Affected,Not Affected,566786.8292,440210.92
578,578,Collins ES,12424 Summerfield Blvd,Riverview,33579,Hillsborough,-82.31774497,27.81116798,"-82.31774497, 27.81116798",17R LL 70204 76981,SHELTER,RISK,7,2004,3 Classroom,A, ,0,0,946,18919,0,0,946,18919,1968, ,No,No,No,Yes,Yes, , , ,Yes,,,SHELTER,,Risk Shelter Inventory,Critical Community and Emergency Facilities,Regionally Significant,RSI_PT_578,,Southwest Florida Water Management District,FDEM,Risk Shelter Inventory - General - FDEM,,,,Tampa Bay,Southwest District,Southwest,7,69,20,Not Affected,Not Affected,Not Affected,Not Affected,Not Affected,Not Affected,Not Affected,Not Affected,Not Affected,Not Affected,Not Affected,Not Affected,Not Affected,Not Affected,Not Affected,Not Affected,Not Affected,Not Affected,Not Affected,Not Affected,Not Affected,565399.1276,423953.2729
579,579,Turner Bartles K-8 (Upper),9020 Imperial Oak Blvd,Tampa,33647,Hillsborough,-82.35073002,28.16883301,"-82.35073002, 28.16883301",17R LM 67393 16643,SHELTER,RISK,7,2003,3 Classroom,A, ,0,0,676,13511,0,0,676,13511,900,"L, S",No,No,No,Yes,Yes, , , ,Yes,,,SHELTER,,Risk Shelter Inventory,Critical Community and Emergency Facilities,Regionally Significant,RSI_PT_375,,Southwest Florida Water Management District,FDEM,Risk Shelter Inventory - General - FDEM,,,,Tampa Bay,Southwest District,Southwest,7,67,23,Not Affected,Not Affected,Not Affected,Not Affected,Not Affected,Not Affected,Not Affected,Not Affected,Not Affected,Not Affected,Not Affected,Not Affected,Not Affected,Not Affected,Not Affected,Not Affected,Not Affected,Not Affected,Not Affected,Not Affected,Not Affected,561625.0095,463626.4476
580,580,Heritage ES,18201 E Meadows Rd,Tampa,33647,Hillsborough,-82.285953,28.146332,"-82.28595300, 28.14633200",17R LM 73727 14081,SHELTER,RISK,7,2003,4 Classroom / ESE,A, ,0,0,556,11113,0,0,556,11113,768,"L, S",No,No,No,Yes,Yes, , , ,Yes,,,SHELTER,,Risk Shelter Inventory,Critical Community and Emergency Facilities,Regionally Significant,RSI_PT_580,Tampa,Southwest Florida Water Management District,FDEM,Risk Shelter Inventory - General - FDEM,,,,Tampa Bay,Southwest District,Southwest,7,67,23,Not Affected,Not Affected,Not Affected,Not Affected,Not Affected,Not Affected,Not Affected,Not Affected,Not Affected,Not Affected,Not Affected,Not Affected,Not Affected,Not Affected,Not Affected,Not Affected,Not Affected,Not Affected,Not Affected,Not Affected,Not Affected,568007.3542,461214.3732
581,581,Benito MS,10101 Cross Creek Blvd,Tampa,33647,Hillsborough,-82.32376896,28.14100899,"-82.32376896, 28.14100899",17R LM 70007 13531,SHELTER,RISK,7,2006,7 Classroom,A, ,0,0,341,6816,0,0,341,6816,400,"L, S",No,No,No,Yes,Yes, , , ,Yes,,,SHELTER,,Risk Shelter Inventory,Critical Community and Emergency Facilities,Regionally Significant,RSI_PT_581,Tampa,Southwest Florida Water Management District,FDEM,Risk Shelter Inventory - General - FDEM,,,,Tampa Bay,Southwest District,Southwest,7,67,23,Not Affected,Not Affected,Not Affected,Not Affected,Not Affected,Not Affected,Not Affected,Not Affected,Not Affected,Not Affected,Not Affected,Not Affected,Not Affected,Not Affected,Not Affected,Not Affected,Not Affected,Not Affected,Not Affected,Low,Low,564308.9779,460572.3195
582,582,Pizzo ES,11701 USF Bull Run Dr,Tampa,33617,Hillsborough,-82.40423699,28.05554098,"-82.40423699, 28.05554098",17R LM 61994 04150,SHELTER,RISK,7,1997,4 Classroom,R,"Yes, unknown kW",0,0,0,0,506,10114,506,10114,531,S-1523,No,No,No,No,Yes, , , , ,,,SHELTER,,Risk Shelter Inventory,Critical Community and Emergency Facilities,Regionally Significant,RSI_PT_574,Tampa,Southwest Florida Water Management District,FDEM,Risk Shelter Inventory - General - FDEM,,,,Tampa Bay,Southwest District,Southwest,7,67,16,Not Affected,Not Affected,Not Affected,Not Affected,Not Affected,Not Affected,Not Affected,Not Affected,Not Affected,Not Affected,Not Affected,Not Affected,Not Affected,Not Affected,Not Affected,Not Affected,Not Affected,Not Affected,Not Affected,Not Affected,Not Affected,556544.5475,450976.7164
583,583,Mulrennan MS,4215 Durant Rd,Valrico,33596,Hillsborough,-82.22908002,27.90758199,"-82.22908002, 27.90758199",17R LL 79045 87572,SHELTER,RISK,7,2003,6 Classroom,A, ,0,0,376,7517,0,0,376,7517,750,"L, S",No,No,No,Yes,Yes, , , ,Yes,,,SHELTER,,Risk Shelter Inventory,Critical Community and Emergency Facilities,Regionally Significant,RSI_PT_355,,Southwest Florida Water Management District,FDEM,Risk Shelter Inventory - General - FDEM,,,,Tampa Bay,Southwest District,Southwest,7,68,20,Not Affected,Not Affected,Not Affected,Not Affected,Not Affected,Not Affected,Not Affected,Not Affected,Not Affected,Not Affected,Not Affected,Not Affected,Not Affected,Not Affected,Not Affected,Not Affected,Not Affected,Not Affected,Not Affected,Not Affected,Not Affected,573962.311,434781.3571
584,584,Symmes ES,6280 Watson Rd,Riverview,33578,Hillsborough,-82.30965199,27.88858299,"-82.30965199, 27.88858299",17R LL 71093 85549,SHELTER,RISK,7,2000,4 Classroom,A, ,0,0,0,0,0,0,651,13028,337, ,E,No,No,No,Yes, , , ,Yes,,,SHELTER,,Risk Shelter Inventory,Critical Community and Emergency Facilities,Regionally Significant,RSI_PT_349,,Southwest Florida Water Management District,FDEM,Risk Shelter Inventory - General - FDEM,,,,Tampa Bay,Southwest District,Southwest,7,69,20,Not Affected,Not Affected,Not Affected,Not Affected,Not Affected,Not Affected,Not Affected,Not Affected,Not Affected,Not Affected,Not Affected,Not Affected,Not Affected,Not Affected,Not Affected,Not Affected,Not Affected,Not Affected,Not Affected,Not Affected,Not Affected,566076.935,432560.5563
585,585,Freedom HS,17410 Commerce Park Blvd,Tampa,33647,Hillsborough,-82.38178777,28.13342805,"-82.38178777, 28.13342805",17R LM 64299 12754,SHELTER,RISK,7,2000,9 Cafeteria,R, ,0,0,0,0,421,8414,421,8414,0,S-1467-2004,No,No,No,No,Yes, , , ,Yes,,,SHELTER,,Risk Shelter Inventory,Critical Community and Emergency Facilities,Regionally Significant,RSI_PT_354,Tampa,Southwest Florida Water Management District,FDEM,Risk Shelter Inventory - General - FDEM,,,,Tampa Bay,Southwest District,Southwest,7,67,14,Not Affected,Not Affected,Not Affected,Not Affected,Not Affected,Not Affected,Not Affected,Not Affected,Not Affected,Not Affected,Not Affected,Not Affected,Not Affected,Not Affected,Not Affected,Not Affected,Not Affected,Not Affected,Not Affected,Not Affected,Not Affected,558633.1876,459654.5119
586,586,Valrico ES,609 S. Miller Rd,Valrico,33594,Hillsborough,-82.24375498,27.92983699,"-82.24375498, 27.92983699",17R LL 77626 90052,SHELTER,RISK,7,1995,4 ESE / Classroom,R, ,0,0,0,0,292,5841,292,5841,480,S-1435A-2003,No,No,No,No,Yes, , , , ,,,SHELTER,,Risk Shelter Inventory,Critical Community and Emergency Facilities,Regionally Significant,RSI_PT_575,,Southwest Florida Water Management District,FDEM,Risk Shelter Inventory - General - FDEM,,,,Tampa Bay,Southwest District,Southwest,7,68,23,Not Affected,Not Affected,Not Affected,Not Affected,Not Affected,Not Affected,Not Affected,Not Affected,Not Affected,Not Affected,Not Affected,Not Affected,Not Affected,Not Affected,Not Affected,Not Affected,Not Affected,Not Affected,Not Affected,Not Affected,Not Affected,572485.6499,437232.0078
587,587,Benito MS,10101 Cross Creek Blvd,Tampa,33647,Hillsborough,-82.32376896,28.14100899,"-82.32376896, 28.14100899",17R LM 70007 13531,SHELTER,RISK,7,1995,6 Classroom / ESE / Art / Library,R, ,0,0,0,0,860,17194,860,17194,604,HMGP,No,No,No,No,Yes, , , ,Yes,,,SHELTER,,Risk Shelter Inventory,Critical Community and Emergency Facilities,Regionally Significant,RSI_PT_581,Tampa,Southwest Florida Water Management District,FDEM,Risk Shelter Inventory - General - FDEM,,,,Tampa Bay,Southwest District,Southwest,7,67,23,Not Affected,Not Affected,Not Affected,Not Affected,Not Affected,Not Affected,Not Affected,Not Affected,Not Affected,Not Affected,Not Affected,Not Affected,Not Affected,Not Affected,Not Affected,Not Affected,Not Affected,Not Affected,Not Affected,Low,Low,564308.9779,460572.3195
588,588,Pizzo ES,11701 USF Bull Run Dr,Tampa,33617,Hillsborough,-82.40423699,28.05554098,"-82.40423699, 28.05554098",17R LM 61994 04150,SHELTER,RISK,7,1997,3 Classroom,R,"Yes, unknown kW",0,0,0,0,478,9550,478,9550,532,S-1523,No,No,No,No,Yes, , , , ,,,SHELTER,,Risk Shelter Inventory,Critical Community and Emergency Facilities,Regionally Significant,RSI_PT_574,Tampa,Southwest Florida Water Management District,FDEM,Risk Shelter Inventory - General - FDEM,,,,Tampa Bay,Southwest District,Southwest,7,67,16,Not Affected,Not Affected,Not Affected,Not Affected,Not Affected,Not Affected,Not Affected,Not Affected,Not Affected,Not Affected,Not Affected,Not Affected,Not Affected,Not Affected,Not Affected,Not Affected,Not Affected,Not Affected,Not Affected,Not Affected,Not Affected,556544.5475,450976.7164
589,589,Tomlin MS,501 N. Woodrow Wilson St,Plant City,33563,Hillsborough,-82.14659397,28.01821599,"-82.14659397, 28.01821599",17R LL 87278 99750,SHELTER,RISK,7,2008,13 Classroom,A, ,0,0,393,7866,0,0,393,7866,540,"L, S",No,No,No,Yes,Yes, , , , ,,,SHELTER,,Risk Shelter Inventory,Critical Community and Emergency Facilities,Regionally Significant,RSI_PT_589,Plant City,Southwest Florida Water Management District,FDEM,Risk Shelter Inventory - General - FDEM,,,,Tampa Bay,Southwest District,Southwest,7,68,23,Not Affected,Not Affected,Not Affected,Not Affected,Not Affected,Not Affected,Not Affected,Not Affected,Not Affected,Not Affected,Not Affected,Not Affected,Not Affected,Not Affected,Not Affected,Not Affected,Not Affected,Not Affected,Not Affected,Not Affected,Not Affected,581879.8878,447185.5027
590,590,Robinson ES,4801 Turkey Creek Rd,Plant City,33567,Hillsborough,-82.17085597,27.947756,"-82.17085597, 27.94775600",17R LL 84818 91966,SHELTER,RISK,7,1999,12 Classroom,R, ,0,0,0,0,270,5403,270,5403,563,S-1435A-2003,No,No,No,No,Yes, , , ,Yes,,,SHELTER,,Risk Shelter Inventory,Critical Community and Emergency Facilities,Regionally Significant,RSI_PT_590,,Southwest Florida Water Management District,FDEM,Risk Shelter Inventory - General - FDEM,,,,Tampa Bay,Southwest District,Southwest,7,68,23,Not Affected,Not Affected,Not Affected,Not Affected,Not Affected,Not Affected,Not Affected,Not Affected,Not Affected,Not Affected,Not Affected,Not Affected,Not Affected,Not Affected,Not Affected,Not Affected,Not Affected,Not Affected,Not Affected,Not Affected,Not Affected,579615.2301,439325.8621
591,591,Sligh MS,2011 E. Sligh Ave,Tampa,33610,Hillsborough,-82.43671997,28.00982902,"-82.43671997, 28.00982902",17R LL 58742 99123,SHELTER,RISK,7,1999,15 Classroom / Lab,R, ,0,0,0,0,368,7356,368,7356,589,S-1435A-2003,No,No,No,No,Yes, , , ,Yes,,,SHELTER,,Risk Shelter Inventory,Critical Community and Emergency Facilities,Regionally Significant,RSI_PT_591,Tampa,Southwest Florida Water Management District,FDEM,Risk Shelter Inventory - General - FDEM,,,,Tampa Bay,Southwest District,Southwest,7,63,16,Not Affected,Not Affected,Not Affected,Not Affected,Not Affected,Not Affected,Not Affected,Not Affected,Not Affected,Not Affected,Not Affected,Not Affected,Not Affected,Not Affected,Not Affected,Not Affected,Not Affected,Not Affected,Not Affected,Not Affected,Not Affected,553422.491,445859.7327
592,592,Burnett MS,1010 N. Kingsway Rd,Seffner,33584,Hillsborough,-82.27842001,28.00839802,"-82.27842001, 28.00839802",17R LL 74306 98791,SHELTER,RISK,7,2006,4 Classroom,A, ,0,0,261,5217,0,0,261,5217,340,"L, S",No,No,No,Yes,Yes, , , ,Yes,,,SHELTER,,Risk Shelter Inventory,Critical Community and Emergency Facilities,Regionally Significant,RSI_PT_380,,Southwest Florida Water Management District,FDEM,Risk Shelter Inventory - General - FDEM,,,,Tampa Bay,Southwest District,Southwest,7,68,23,Not Affected,Not Affected,Not Affected,Not Affected,Not Affected,Not Affected,Not Affected,Not Affected,Not Affected,Not Affected,Not Affected,Not Affected,Not Affected,Not Affected,Not Affected,Medium,Medium,Medium,Medium,Medium,Medium,568959.5256,445907.7488
593,593,Cimino ES,4329 Culbreath Rd,Valrico,33596,Hillsborough,-82.239071,27.87472799,"-82.23907100, 27.87472799",17R LL 78025 83942,SHELTER,RISK,7,2004,5 Classroom,A, ,0,0,424,8483,0,0,424,8483,500,"L, S",No,No,No,Yes,Yes, , , ,Yes,,,SHELTER,,Risk Shelter Inventory,Critical Community and Emergency Facilities,Regionally Significant,RSI_PT_593,,Southwest Florida Water Management District,FDEM,Risk Shelter Inventory - General - FDEM,,,,Tampa Bay,Southwest District,Southwest,7,69,20,Not Affected,Not Affected,Not Affected,Not Affected,Not Affected,Not Affected,Not Affected,Not Affected,Not Affected,Not Affected,Not Affected,Not Affected,Not Affected,Not Affected,Not Affected,Not Affected,Not Affected,Not Affected,Not Affected,Not Affected,Not Affected,573033.0367,431119.1019
594,594,Brooker ES,812 DeWolf Rd,Brandon,33511,Hillsborough,-82.27241899,27.916355,"-82.27241899, 27.91635500",17R LL 74790 88587,SHELTER,RISK,7,2004,14 Classroom,A, ,0,0,338,6759,0,0,338,6759,500,"L, S",No,No,No,Yes,Yes, , , ,Yes,,,SHELTER,,Risk Shelter Inventory,Critical Community and Emergency Facilities,Regionally Significant,RSI_PT_594,,Southwest Florida Water Management District,FDEM,Risk Shelter Inventory - General - FDEM,,,,Tampa Bay,Southwest District,Southwest,7,69,20,Not Affected,Not Affected,Not Affected,Not Affected,Not Affected,Not Affected,Not Affected,Not Affected,Not Affected,Not Affected,Not Affected,Not Affected,Not Affected,Not Affected,Not Affected,Not Affected,Not Affected,Not Affected,Not Affected,Not Affected,Not Affected,569691.6391,435695.1511
595,595,Durant HS,4748 Cougar Path,Plant City,33567,Hillsborough,-82.17177203,27.88807898,"-82.17177203, 27.88807898",17R LL 84665 85356,SHELTER,RISK,7,1993,7 Classroom,R, ,0,0,0,0,619,12379,619,12379,302,HMGP,No,No,No,No,Yes, , , ,Yes,,,SHELTER,,Risk Shelter Inventory,Critical Community and Emergency Facilities,Regionally Significant,RSI_PT_348,,Southwest Florida Water Management District,FDEM,Risk Shelter Inventory - General - FDEM,,,,Tampa Bay,Southwest District,Southwest,7,68,20,Not Affected,Not Affected,Not Affected,Not Affected,Not Affected,Not Affected,Not Affected,Not Affected,Not Affected,Not Affected,Not Affected,Not Affected,Not Affected,Not Affected,Not Affected,Not Affected,Not Affected,Not Affected,Not Affected,Not Affected,Not Affected,579623.5357,432697.857
596,596,Cimino ES,4329 Culbreath Rd,Valrico,33596,Hillsborough,-82.239071,27.87472799,"-82.23907100, 27.87472799",17R LL 78025 83942,SHELTER,RISK,7,2002,2 Classroom,A, ,0,0,675,13499,0,0,675,13499,1556,"L, S",No,No,No,Yes,Yes, , , ,Yes,,,SHELTER,,Risk Shelter Inventory,Critical Community and Emergency Facilities,Regionally Significant,RSI_PT_593,,Southwest Florida Water Management District,FDEM,Risk Shelter Inventory - General - FDEM,,,,Tampa Bay,Southwest District,Southwest,7,69,20,Not Affected,Not Affected,Not Affected,Not Affected,Not Affected,Not Affected,Not Affected,Not Affected,Not Affected,Not Affected,Not Affected,Not Affected,Not Affected,Not Affected,Not Affected,Not Affected,Not Affected,Not Affected,Not Affected,Not Affected,Not Affected,573033.0367,431119.1019
597,597,Benito MS,10101 Cross Creek Blvd,Tampa,33647,Hillsborough,-82.32376896,28.14100899,"-82.32376896, 28.14100899",17R LM 70007 13531,SHELTER,RISK,7,1995,3 Classroom / ESE,R, ,0,0,0,0,532,10643,532,10643,604,HMGP,No,No,No,No,Yes, , , ,Yes,,,SHELTER,,Risk Shelter Inventory,Critical Community and Emergency Facilities,Regionally Significant,RSI_PT_581,Tampa,Southwest Florida Water Management District,FDEM,Risk Shelter Inventory - General - FDEM,,,,Tampa Bay,Southwest District,Southwest,7,67,23,Not Affected,Not Affected,Not Affected,Not Affected,Not Affected,Not Affected,Not Affected,Not Affected,Not Affected,Not Affected,Not Affected,Not Affected,Not Affected,Not Affected,Not Affected,Not Affected,Not Affected,Not Affected,Not Affected,Low,Low,564308.9779,460572.3195
598,598,Valrico ES,609 S. Miller Rd,Valrico,33594,Hillsborough,-82.24375498,27.92983699,"-82.24375498, 27.92983699",17R LL 77626 90052,SHELTER,RISK,7,1995,3 Classroom (1st Floor),R, ,0,0,0,0,643,12854,643,12854,423,S-1435A-2003,No,No,No,No,Yes, , , , ,,,SHELTER,,Risk Shelter Inventory,Critical Community and Emergency Facilities,Regionally Significant,RSI_PT_575,,Southwest Florida Water Management District,FDEM,Risk Shelter Inventory - General - FDEM,,,,Tampa Bay,Southwest District,Southwest,7,68,23,Not Affected,Not Affected,Not Affected,Not Affected,Not Affected,Not Affected,Not Affected,Not Affected,Not Affected,Not Affected,Not Affected,Not Affected,Not Affected,Not Affected,Not Affected,Not Affected,Not Affected,Not Affected,Not Affected,Not Affected,Not Affected,572485.6499,437232.0078
599,599,Freedom HS,17410 Commerce Park Blvd,Tampa,33647,Hillsborough,-82.38178777,28.13342805,"-82.38178777, 28.13342805",17R LM 64299 12754,SHELTER,RISK,7,2000,6 Auditorium,R, ,0,0,0,0,207,4138,207,4138,0,S-1467-2004,No,No,No,No,Yes, , , ,Yes,,,SHELTER,,Risk Shelter Inventory,Critical Community and Emergency Facilities,Regionally Significant,RSI_PT_354,Tampa,Southwest Florida Water Management District,FDEM,Risk Shelter Inventory - General - FDEM,,,,Tampa Bay,Southwest District,Southwest,7,67,14,Not Affected,Not Affected,Not Affected,Not Affected,Not Affected,Not Affected,Not Affected,Not Affected,Not Affected,Not Affected,Not Affected,Not Affected,Not Affected,Not Affected,Not Affected,Not Affected,Not Affected,Not Affected,Not Affected,Not Affected,Not Affected,558633.1876,459654.5119
600,600,Knights ES,4815 N. Keene Rd,Plant City,33565,Hillsborough,-82.155056,28.075599,"-82.15505600, 28.07559900",17R LM 86507 06115,SHELTER,RISK,7,2004,6 Classroom,A, ,0,0,375,7495,0,0,375,7495,500,"L, S",No,No,No,Yes,Yes, , , ,Yes,,,SHELTER,,Risk Shelter Inventory,Critical Community and Emergency Facilities,Regionally Significant,RSI_PT_600,,Southwest Florida Water Management District,FDEM,Risk Shelter Inventory - General - FDEM,,,,Tampa Bay,Southwest District,Southwest,7,68,23,Not Affected,Not Affected,Not Affected,Not Affected,Not Affected,Not Affected,Not Affected,Not Affected,Not Affected,Not Affected,Not Affected,Not Affected,Not Affected,Not Affected,Not Affected,Medium,Medium,Medium,Medium,Medium,Medium,580954.2064,453545.0552
601,601,Mort ES,1806 E. Bearss Ave,Tampa,33613,Hillsborough,-82.43996603,28.08100101,"-82.43996603, 28.08100101",17R LM 58516 07012,SHELTER,RISK,7,2004,5 Classroom,A, ,0,0,292,5847,0,0,292,5847,500,"L, S",No,No,No,Yes,Yes, , , ,Yes,,,SHELTER,,Risk Shelter Inventory,Critical Community and Emergency Facilities,Regionally Significant,RSI_PT_601,,Southwest Florida Water Management District,FDEM,Risk Shelter Inventory - General - FDEM,,,,Tampa Bay,Southwest District,Southwest,7,67,16,Not Affected,Not Affected,Not Affected,Not Affected,Not Affected,Not Affected,Not Affected,Not Affected,Not Affected,Not Affected,Not Affected,Not Affected,Not Affected,Not Affected,Not Affected,Not Affected,Not Affected,Not Affected,Not Affected,Not Affected,Not Affected,553003.9446,453759.13
602,602,Greco MS,6925 E. Fowler Ave,Temple Terrace,33617,Hillsborough,-82.37584799,28.052941,"-82.37584799, 28.05294100",17R LM 64782 03830,SHELTER,RISK,7,2003,21 Gym,A, ,0,0,453,9055,0,0,453,9055,800,"L, S",No,No,No,Yes,Yes, , , ,Yes,,,SHELTER,,Risk Shelter Inventory,Critical Community and Emergency Facilities,Regionally Significant,RSI_PT_602,Temple Terrace,Southwest Florida Water Management District,FDEM,Risk Shelter Inventory - General - FDEM,,,,Tampa Bay,Southwest District,Southwest,7,63,16,Not Affected,Not Affected,Not Affected,Not Affected,Not Affected,Not Affected,Not Affected,Not Affected,Not Affected,Not Affected,Not Affected,Not Affected,Not Affected,Not Affected,Not Affected,Not Affected,Not Affected,Not Affected,Not Affected,Not Affected,Not Affected,559333.1555,450724.3576
603,603,Newsome HS,16550 Fish Hawk Blvd,Lithia,33547,Hillsborough,-82.20517098,27.85933098,"-82.20517098, 27.85933098",17R LL 81346 82203,SHELTER,RISK,7,2003,8 Cafeteria,A, ,0,0,370,7409,0,0,370,7409,528,"L, S",No,No,No,Yes,Yes, , , ,Yes,,,SHELTER,,Risk Shelter Inventory,Critical Community and Emergency Facilities,Regionally Significant,RSI_PT_351,,Southwest Florida Water Management District,FDEM,Risk Shelter Inventory - General - FDEM,,,,Tampa Bay,Southwest District,Southwest,7,69,20,Not Affected,Not Affected,Not Affected,Not Affected,Not Affected,Not Affected,Not Affected,Not Affected,Not Affected,Not Affected,Not Affected,Not Affected,Not Affected,Not Affected,Not Affected,Not Affected,Not Affected,Not Affected,Not Affected,Not Affected,Not Affected,576388.7861,429457.4124
604,604,Martinez MS,5601 Lutz Lake Fern Rd,Lutz,33558,Hillsborough,-82.532706,28.16115799,"-82.53270600, 28.16115799",17R LM 49515 16004,SHELTER,RISK,7,2000,4 Classroom,R, ,0,0,0,0,732,14639,732,14639,958,S-1467-2004,No,No,No,No,Yes, , , ,Yes,,,SHELTER,,Risk Shelter Inventory,Critical Community and Emergency Facilities,Regionally Significant,RSI_PT_358,,Southwest Florida Water Management District,FDEM,Risk Shelter Inventory - General - FDEM,,,,Tampa Bay,Southwest District,Southwest,7,66,14,Not Affected,Not Affected,Not Affected,Not Affected,Not Affected,Not Affected,Not Affected,Not Affected,Not Affected,Not Affected,Not Affected,Not Affected,Not Affected,Not Affected,Not Affected,Not Affected,Not Affected,Not Affected,Not Affected,Not Affected,Not Affected,543802.7797,462548.7935
605,605,Mulrennan MS,4215 Durant Rd,Valrico,33596,Hillsborough,-82.22908002,27.90758199,"-82.22908002, 27.90758199",17R LL 79045 87572,SHELTER,RISK,7,2003,4 Classroom,A, ,0,0,520,10400,0,0,520,10400,750,"L, S",No,No,No,Yes,Yes, , , ,Yes,,,SHELTER,,Risk Shelter Inventory,Critical Community and Emergency Facilities,Regionally Significant,RSI_PT_355,,Southwest Florida Water Management District,FDEM,Risk Shelter Inventory - General - FDEM,,,,Tampa Bay,Southwest District,Southwest,7,68,20,Not Affected,Not Affected,Not Affected,Not Affected,Not Affected,Not Affected,Not Affected,Not Affected,Not Affected,Not Affected,Not Affected,Not Affected,Not Affected,Not Affected,Not Affected,Not Affected,Not Affected,Not Affected,Not Affected,Not Affected,Not Affected,573962.311,434781.3571
606,606,Essrig ES,13131 Lynn Rd,Tampa,33624,Hillsborough,-82.54112998,28.068343,"-82.54112998, 28.06834300",17R LM 48557 05731,SHELTER,RISK,7,2003,10 Classroom,A, ,0,0,0,0,0,0,118,2361,0,"L, S",No,No,No,No,Yes, , , ,Yes,,,SHELTER,,Risk Shelter Inventory,Critical Community and Emergency Facilities,Regionally Significant,RSI_PT_606,,Southwest Florida Water Management District,FDEM,Risk Shelter Inventory - General - FDEM,,,,Tampa Bay,Southwest District,Southwest,7,66,14,Not Affected,Not Affected,Not Affected,Not Affected,Not Affected,Not Affected,Not Affected,Not Affected,Not Affected,Not Affected,Not Affected,Not Affected,Not Affected,Not Affected,Not Affected,Not Affected,Not Affected,Not Affected,Not Affected,Low,Low,543099.1647,452232.0285
607,607,Walden Lake ES,2800 Turkey Creek Rd,Plant City,33566,Hillsborough,-82.16924103,27.976893,"-82.16924103, 27.97689300",17R LL 85008 95193,SHELTER,RISK,7,2006,13 Classroom,A, ,0,0,324,6475,0,0,324,6475,720,"L, S",No,No,No,Yes,Yes, , , ,Yes,,,SHELTER,,Risk Shelter Inventory,Critical Community and Emergency Facilities,Regionally Significant,RSI_PT_607,Plant City,Southwest Florida Water Management District,FDEM,Risk Shelter Inventory - General - FDEM,,,,Tampa Bay,Southwest District,Southwest,7,68,23,Not Affected,Not Affected,Not Affected,Not Affected,Not Affected,Not Affected,Not Affected,Not Affected,Not Affected,Not Affected,Not Affected,Not Affected,Not Affected,Not Affected,Not Affected,Not Affected,Not Affected,Not Affected,Not Affected,Not Affected,Not Affected,579725.7618,442563.669
608,608,Summerfield Crossings ES,11050 Fairway Meadows Drive,Riverview,33579,Hillsborough,-82.32297,27.79988598,"-82.32297000, 27.79988598",17R LL 69676 75736,SHELTER,RISK,7,2005,4 Classroom,A, ,0,0,346,6929,0,0,346,6929,300,"L, S",No,No,No,Yes,Yes, , , ,Yes,,,SHELTER,,Risk Shelter Inventory,Critical Community and Emergency Facilities,Regionally Significant,RSI_PT_342,,Southwest Florida Water Management District,FDEM,Risk Shelter Inventory - General - FDEM,,,,Tampa Bay,Southwest District,Southwest,7,69,20,Not Affected,Not Affected,Not Affected,Not Affected,Not Affected,Not Affected,Not Affected,Not Affected,Not Affected,Not Affected,Not Affected,Not Affected,Not Affected,Not Affected,Not Affected,Not Affected,Not Affected,Not Affected,Not Affected,Not Affected,Not Affected,564902.4737,422693.4931
609,816,Canopy Oaks ES,3250 Point View Dr,Tallahassee,32303,Leon,-84.34680198,30.51014101,"-84.34680198, 30.51014101",16R GU 54620 78309,SHELTER,RISK,2,1997,6 Classroom,R,45 kW,0,0,0,0,218,4359,218,4359,281,HMGP,No,No,No,No,Yes, , , , ,,,SHELTER,,Risk Shelter Inventory,Critical Community and Emergency Facilities,Regionally Significant,RSI_PT_609,,Northwest Florida Water Management District,FDEM,Risk Shelter Inventory - General - FDEM,,,,Apalachee,Northwest District,Northwest,3,8,3,Not Affected,Not Affected,Not Affected,Not Affected,Not Affected,Not Affected,Not Affected,Not Affected,Not Affected,Not Affected,Not Affected,Not Affected,Not Affected,Not Affected,Not Affected,Not Affected,Not Affected,Not Affected,Not Affected,Not Affected,Not Affected,366744.247,722548.612
610,817,SAIL HS,2006 Jackson Bluff Rd,Tallahassee,32304,Leon,-84.31739197,30.435192,"-84.31739197, 30.43519200",16R GU 57641 70066,SHELTER,RISK,2,1989,14 Classroom,R,15 kW,0,0,0,0,59,1173,59,1173,46,HMGP,No,No,No,No,Yes, , , , ,,,SHELTER,,Risk Shelter Inventory,Critical Community and Emergency Facilities,Regionally Significant,RSI_PT_610,Tallahassee,Northwest Florida Water Management District,FDEM,Risk Shelter Inventory - General - FDEM,,,,Apalachee,Northwest District,Northwest,3,8,3,Not Affected,Not Affected,Not Affected,Not Affected,Not Affected,Not Affected,Not Affected,Not Affected,Not Affected,Not Affected,Not Affected,Not Affected,Not Affected,Not Affected,Not Affected,Not Affected,Not Affected,Not Affected,Not Affected,Not Affected,Not Affected,369543.0351,714223.5651
611,818,Springwood ES,3801 Fred George Rd,Tallahassee,32303,Leon,-84.33961801,30.493098,"-84.33961801, 30.49309800",16R GU 55354 76436,SHELTER,RISK,2,1986,6 Classroom,R,45 kW,0,0,0,0,252,5044,252,5044,322,HMGP,No,No,No,No,Yes, , , , ,,,SHELTER,,Risk Shelter Inventory,Critical Community and Emergency Facilities,Regionally Significant,RSI_PT_611,Tallahassee,Northwest Florida Water Management District,FDEM,Risk Shelter Inventory - General - FDEM,,,,Apalachee,Northwest District,Northwest,3,8,3,Not Affected,Not Affected,Not Affected,Not Affected,Not Affected,Not Affected,Not Affected,Not Affected,Not Affected,Not Affected,Not Affected,Not Affected,Not Affected,Not Affected,Not Affected,Medium,Medium,Medium,Medium,Medium,Medium,367427.9254,720655.3885
612,819,William J Montford MS,5789 Pimlico Dr,Tallahassee,32309,Leon,-84.17958401,30.53034098,"-84.17958401, 30.53034098",16R GU 70617 80939,SHELTER,RISK,2,2007,2 Cafeteria,A,"Yes, unknown kW",0,0,363,7257,0,0,363,7257,0, ,No,No,No,Yes,Yes, , , , ,,,SHELTER,,Risk Shelter Inventory,Critical Community and Emergency Facilities,Regionally Significant,RSI_PT_612,Tallahassee,Northwest Florida Water Management District,FDEM,Risk Shelter Inventory - General - FDEM,,,,Apalachee,Northwest District,Northwest,3,9,3,Not Affected,Not Affected,Not Affected,Not Affected,Not Affected,Not Affected,Not Affected,Not Affected,Not Affected,Not Affected,Not Affected,Not Affected,Not Affected,Not Affected,Not Affected,Not Affected,Not Affected,Not Affected,Not Affected,Not Affected,Not Affected,382782.4649,724756.007
613,820,Fort Braden School,15100 Blountstown Hwy,Tallahassee,32310,Leon,-84.51420401,30.43848802,"-84.51420401, 30.43848802",16R GU 38724 69999,SHELTER,RISK,2,1993,4 Classroom,R, ,0,0,0,0,113,2268,113,2268,193,HMGP,No,No,No,No,Yes, , , , ,,,SHELTER,,Risk Shelter Inventory,Critical Community and Emergency Facilities,Regionally Significant,RSI_PT_613,,Northwest Florida Water Management District,FDEM,Risk Shelter Inventory - General - FDEM,,,,Apalachee,Northwest District,Northwest,3,7,3,Not Affected,Not Affected,Not Affected,Not Affected,Not Affected,Not Affected,Not Affected,Not Affected,Not Affected,Not Affected,Not Affected,Not Affected,Not Affected,Not Affected,Not Affected,Not Affected,Not Affected,Not Affected,Not Affected,Not Affected,Not Affected,350658.547,714653.0278
614,821,Frank Hartsfield ES,1414 Chowkeebin Nene,Tallahassee,32301,Leon,-84.25674798,30.432129,"-84.25674798, 30.43212900",16R GU 63475 69866,SHELTER,RISK,2,1989,12 Classroom,R, ,0,0,0,0,116,2310,116,2310,179,HMGP,No,No,No,No,Yes, , , , ,,,SHELTER,,Risk Shelter Inventory,Critical Community and Emergency Facilities,Regionally Significant,RSI_PT_614,Tallahassee,Northwest Florida Water Management District,FDEM,Risk Shelter Inventory - General - FDEM,,,,Apalachee,Northwest District,Northwest,3,9,3,Not Affected,Not Affected,Not Affected,Not Affected,Not Affected,Not Affected,Not Affected,Not Affected,Not Affected,Not Affected,Not Affected,Not Affected,Not Affected,Not Affected,Not Affected,Not Affected,Not Affected,Not Affected,Not Affected,Not Affected,Not Affected,375361.7213,713870.0927
615,822,Chaires ES,4774 Chaires Cross Rd,Tallahassee,32317,Leon,-84.12248104,30.436227,"-84.12248104, 30.43622700",16R GU 76365 70641,SHELTER,RISK,2,1986,6 Classroom,R,45 kW,0,0,0,0,252,5044,252,5044,323,HMGP,No,No,No,No,Yes, , , , ,,,SHELTER,,Risk Shelter Inventory,Critical Community and Emergency Facilities,Regionally Significant,RSI_PT_615,,Northwest Florida Water Management District,FDEM,Risk Shelter Inventory - General - FDEM,,,,Apalachee,Northwest District,Northwest,3,9,3,Not Affected,Not Affected,Not Affected,Not Affected,Not Affected,Not Affected,Not Affected,Not Affected,Not Affected,Not Affected,Not Affected,Not Affected,Not Affected,Not Affected,Not Affected,Medium,Medium,Medium,Medium,Medium,Medium,388246.8103,714305.0682
616,823,Chaires ES,4774 Chaires Cross Rd,Tallahassee,32317,Leon,-84.12248104,30.436227,"-84.12248104, 30.43622700",16R GU 76365 70641,SHELTER,RISK,2,1986,2 Classroom,R,45 kW,0,0,0,0,196,3910,196,3910,323,HMGP,No,No,No,No,Yes, , , , ,,,SHELTER,,Risk Shelter Inventory,Critical Community and Emergency Facilities,Regionally Significant,RSI_PT_615,,Northwest Florida Water Management District,FDEM,Risk Shelter Inventory - General - FDEM,,,,Apalachee,Northwest District,Northwest,3,9,3,Not Affected,Not Affected,Not Affected,Not Affected,Not Affected,Not Affected,Not Affected,Not Affected,Not Affected,Not Affected,Not Affected,Not Affected,Not Affected,Not Affected,Not Affected,Medium,Medium,Medium,Medium,Medium,Medium,388246.8103,714305.0682
617,824,Buck Lake ES,1600 Pedrick Rd,Tallahassee,32311,Leon,-84.18137699,30.46089498,"-84.18137699, 30.46089498",16R GU 70638 73234,SHELTER,RISK,2,1989,7 Multipurpose,R,45 kW,0,0,0,0,142,2849,142,2849,140,HMGP,No,No,No,No,Yes, , , , ,,,SHELTER,,Risk Shelter Inventory,Critical Community and Emergency Facilities,Regionally Significant,RSI_PT_617,Tallahassee,Northwest Florida Water Management District,FDEM,Risk Shelter Inventory - General - FDEM,,,,Apalachee,Northwest District,Northwest,3,9,3,Not Affected,Not Affected,Not Affected,Not Affected,Not Affected,Not Affected,Not Affected,Not Affected,Not Affected,Not Affected,Not Affected,Not Affected,Not Affected,Not Affected,Not Affected,Medium,Medium,Medium,Medium,Medium,Medium,382599.2292,717049.6069
618,1051,Miami Carol City HS,3301 Miami Gardens Dr,Miami Gardens,33056,Miami-Dade,-80.25530283,25.94069867,"-80.25530283, 25.94069867",17R NJ 74566 69328,SHELTER,RISK,10,1962,5 Voc Classroom,A,800 kW,0,0,0,0,0,0,102,2038,102, ,No,No,No,No,Yes, , , , ,,,SHELTER,,Risk Shelter Inventory,Critical Community and Emergency Facilities,Regionally Significant,RSI_PT_618,Miami Gardens,South Florida Water Management District,FDEM,Risk Shelter Inventory - General - FDEM,,,,South Florida,Southeast District,Southeast,6,104,34,Not Affected,Not Affected,Not Affected,Not Affected,Not Affected,Not Affected,Not Affected,Low,Medium,Medium,Medium,Medium,High,High,High,High,High,High,High,High,High,774438.006,220853.8309
619,1052,Palm Springs North ES,17615 NW 82nd Ave,Hialeah,33015,Miami-Dade,-80.33394203,25.934614,"-80.33394203, 25.93461400",17R NJ 66695 68612,SHELTER,RISK,10,2007,4 Classroom,A, ,0,0,0,0,0,0,204,4076,204, ,No,No,AE,No,Yes, , , , ,,,SHELTER,,Risk Shelter Inventory,Critical Community and Emergency Facilities,Regionally Significant,RSI_PT_619,,South Florida Water Management District,FDEM,Risk Shelter Inventory - General - FDEM,,,,South Florida,Southeast District,Southeast,6,110,39,Not Affected,Not Affected,Not Affected,Not Affected,Not Affected,Not Affected,Not Affected,Not Affected,Not Affected,Not Affected,Not Affected,Low,Medium,Medium,Medium,Medium,Medium,Medium,Medium,Medium,Medium,766597.1642,219942.6657
620,1053,Bob Graham Education Center,15901 NW 79th Ave,Miami Lakes,33016,Miami-Dade,-80.32829296,25.91739401,"-80.32829296, 25.91739401",17R NJ 67270 66708,SHELTER,RISK,10,2002,6 Cafeteria,A,125 kW,0,0,0,0,0,0,181,3626,181, ,No,No,AE,No,Yes, , , , ,,,SHELTER,,Risk Shelter Inventory,Critical Community and Emergency Facilities,Regionally Significant,RSI_PT_620,Miami Lakes,South Florida Water Management District,FDEM,Risk Shelter Inventory - General - FDEM,,,,South Florida,Southeast District,Southeast,6,110,39,Not Affected,Not Affected,Not Affected,Not Affected,Not Affected,Not Affected,Not Affected,Not Affected,Not Affected,Low,Medium,Medium,Medium,High,High,High,High,High,High,High,High,767218.7769,218049.5145
621,1054,Dante Fascell ES,15625 SW 80th St,Miami,33193,Miami-Dade,-80.44528304,25.693399,"-80.44528304, 25.69339900",17R NJ 55658 41847,SHELTER,RISK,10,1995,1 Admin / Cafeteria / Art / Classroom,A,80 kW,0,0,0,0,0,0,246,4926,246, ,E,5,No,No,Yes, , , , ,,,SHELTER,,Risk Shelter Inventory,Critical Community and Emergency Facilities,Regionally Significant,RSI_PT_621,,South Florida Water Management District,FDEM,Risk Shelter Inventory - General - FDEM,,,,South Florida,Southeast District,Southeast,6,119,40,Not Affected,Not Affected,Not Affected,Not Affected,Not Affected,Not Affected,Not Affected,Not Affected,Not Affected,Not Affected,Not Affected,Not Affected,Not Affected,Not Affected,Not Affected,Not Affected,Not Affected,Not Affected,Not Affected,Not Affected,Not Affected,756237.865,192863.6984
622,1055,Ben Sheppard ES,5700 W 24th Ave,Hialeah,33016,Miami-Dade,-80.332254,25.87441199,"-80.33225400, 25.87441199",17R NJ 66898 61946,SHELTER,RISK,10,1984,8 Classroom,A,40 kW,0,0,0,0,0,0,100,2004,100, ,No,No,No,No,Yes, , , , ,,,SHELTER,,Risk Shelter Inventory,Critical Community and Emergency Facilities,Regionally Significant,RSI_PT_622,Hialeah,South Florida Water Management District,FDEM,Risk Shelter Inventory - General - FDEM,,,,South Florida,Southeast District,Southeast,6,111,39,Not Affected,Not Affected,Not Affected,Not Affected,Not Affected,Not Affected,Not Affected,Not Affected,Not Affected,Not Affected,Not Affected,Low,Low,Medium,Medium,Not Affected,Not Affected,Not Affected,Not Affected,Not Affected,Not Affected,766964.573,213270.4638
623,1056,Hammocks MS,9889 Hammocks Blvd,Miami,33196,Miami-Dade,-80.44200001,25.67421601,"-80.44200001, 25.67421601",17R NJ 55997 39724,SHELTER,RISK,10,1982,1 Admin / Classroom,A,250 kW / 99 kW,0,0,0,0,0,0,2088,41754,2088, ,E,5,No,No,Yes, , , , ,,,SHELTER,,Risk Shelter Inventory,Critical Community and Emergency Facilities,Regionally Significant,RSI_PT_623,,South Florida Water Management District,FDEM,Risk Shelter Inventory - General - FDEM,,,,South Florida,Southeast District,Southeast,6,119,40,Not Affected,Not Affected,Not Affected,Not Affected,Not Affected,Not Affected,Not Affected,Not Affected,Not Affected,Not Affected,Not Affected,Not Affected,Not Affected,Not Affected,Not Affected,Not Affected,Not Affected,Not Affected,Not Affected,Not Affected,Not Affected,756628.1818,190745.8214
624,1057,Ronald Reagan HS,8600 NW 107th Ave,Doral,33178,Miami-Dade,-80.37145197,25.852591,"-80.37145197, 25.85259100",17R NJ 62982 59510,SHELTER,RISK,10,2003,1C Classroom / Art / Science,A,400 kW,0,0,0,0,0,0,901,18012,901, ,No,No,No,No,Yes, , , , ,,,SHELTER,,Risk Shelter Inventory,Critical Community and Emergency Facilities,Regionally Significant,RSI_PT_624,Doral,South Florida Water Management District,FDEM,Risk Shelter Inventory - General - FDEM,,,,South Florida,Southeast District,Southeast,6,111,39,Not Affected,Not Affected,Not Affected,Not Affected,Not Affected,Not Affected,Not Affected,Not Affected,Not Affected,Not Affected,Not Affected,Not Affected,Low,Medium,Medium,Not Affected,Not Affected,Not Affected,Not Affected,Not Affected,Not Affected,763115.119,210734.2435
625,1058,Bob Graham Education Center,15901 NW 79th Ave,Miami Lakes,33016,Miami-Dade,-80.32829296,25.91739401,"-80.32829296, 25.91739401",17R NJ 67270 66708,SHELTER,RISK,10,2002,3W Classroom,A,125 kW,0,0,0,0,0,0,220,4395,220, ,No,No,AE,No,Yes, , , , ,,,SHELTER,,Risk Shelter Inventory,Critical Community and Emergency Facilities,Regionally Significant,RSI_PT_620,Miami Lakes,South Florida Water Management District,FDEM,Risk Shelter Inventory - General - FDEM,,,,South Florida,Southeast District,Southeast,6,110,39,Not Affected,Not Affected,Not Affected,Not Affected,Not Affected,Not Affected,Not Affected,Not Affected,Not Affected,Low,Medium,Medium,Medium,High,High,High,High,High,High,High,High,767218.7769,218049.5145
626,1059,Dante Fascell ES,15625 SW 80th St,Miami,33193,Miami-Dade,-80.44528304,25.693399,"-80.44528304, 25.69339900",17R NJ 55658 41847,SHELTER,RISK,10,1995,3 Classroom,A,80 kW,0,0,0,0,0,0,410,8200,410, ,E,5,No,No,Yes, , , , ,,,SHELTER,,Risk Shelter Inventory,Critical Community and Emergency Facilities,Regionally Significant,RSI_PT_621,,South Florida Water Management District,FDEM,Risk Shelter Inventory - General - FDEM,,,,South Florida,Southeast District,Southeast,6,119,40,Not Affected,Not Affected,Not Affected,Not Affected,Not Affected,Not Affected,Not Affected,Not Affected,Not Affected,Not Affected,Not Affected,Not Affected,Not Affected,Not Affected,Not Affected,Not Affected,Not Affected,Not Affected,Not Affected,Not Affected,Not Affected,756237.865,192863.6984
627,1060,Miami Carol City HS,3301 Miami Gardens Dr,Miami Gardens,33056,Miami-Dade,-80.25530283,25.94069867,"-80.25530283, 25.94069867",17R NJ 74566 69328,SHELTER,RISK,10,1962,3A Gym,A,800 kW,0,0,1131,22615,0,0,1131,22615,1131, ,No,No,No,Yes,Yes, , , , ,,,SHELTER,,Risk Shelter Inventory,Critical Community and Emergency Facilities,Regionally Significant,RSI_PT_618,Miami Gardens,South Florida Water Management District,FDEM,Risk Shelter Inventory - General - FDEM,,,,South Florida,Southeast District,Southeast,6,104,34,Not Affected,Not Affected,Not Affected,Not Affected,Not Affected,Not Affected,Not Affected,Low,Medium,Medium,Medium,Medium,High,High,High,High,High,High,High,High,High,774438.006,220853.8309
628,1061,Stirrup ES,330 NW 97th Ave,Miami,33172,Miami-Dade,-80.35395198,25.76995801,"-80.35395198, 25.76995801",17R NJ 64781 50367,SHELTER,RISK,10,1984,7 Classroom,A,45 kW,0,0,0,0,0,0,227,4540,227, ,E,No,No,No,Yes, , , , ,,,SHELTER,,Risk Shelter Inventory,Critical Community and Emergency Facilities,Regionally Significant,RSI_PT_628,,South Florida Water Management District,FDEM,Risk Shelter Inventory - General - FDEM,,,,South Florida,Southeast District,Southeast,6,116,36,Not Affected,Not Affected,Not Affected,Not Affected,Not Affected,Not Affected,Not Affected,Not Affected,Not Affected,Not Affected,Low,Medium,Medium,Medium,High,Not Affected,Not Affected,Not Affected,Not Affected,Not Affected,Not Affected,765136.9124,201621.3409
629,1062,Bob Graham Education Center,15901 NW 79th Ave,Miami Lakes,33016,Miami-Dade,-80.32829296,25.91739401,"-80.32829296, 25.91739401",17R NJ 67270 66708,SHELTER,RISK,10,2011,9NC Admin / Classroom,A,130 kW,0,0,0,0,0,0,308,6157,308, ,No,No,AE,No,Yes, , , , ,,,SHELTER,,Risk Shelter Inventory,Critical Community and Emergency Facilities,Regionally Significant,RSI_PT_620,Miami Lakes,South Florida Water Management District,FDEM,Risk Shelter Inventory - General - FDEM,,,,South Florida,Southeast District,Southeast,6,110,39,Not Affected,Not Affected,Not Affected,Not Affected,Not Affected,Not Affected,Not Affected,Not Affected,Not Affected,Low,Medium,Medium,Medium,High,High,High,High,High,High,High,High,767218.7769,218049.5145
630,1063,Lawton Chiles MS,8190 NW 197th St,Miami,33015,Miami-Dade,-80.33431804,25.95071501,"-80.33431804, 25.95071501",17R NJ 66648 70395,SHELTER,RISK,10,2005,4 Classroom,A,325 kW,0,0,0,0,0,0,392,7842,392, ,No,No,AE,No,Yes, , , , ,,,SHELTER,,Risk Shelter Inventory,Critical Community and Emergency Facilities,Regionally Significant,RSI_PT_630,,South Florida Water Management District,FDEM,Risk Shelter Inventory - General - FDEM,,,,South Florida,Southeast District,Southeast,6,110,39,Not Affected,Not Affected,Not Affected,Not Affected,Not Affected,Not Affected,Not Affected,Not Affected,Not Affected,Not Affected,Not Affected,Medium,Medium,Medium,Medium,Low,Low,Low,Medium,Medium,Medium,766506.472,221727.4168
631,1064,Robert Morgan Educational Center,18180 SW 122nd Ave,Miami,33177,Miami-Dade,-80.39047897,25.59998898,"-80.39047897, 25.59998898",17R NJ 61205 31527,SHELTER,RISK,10,2000,16 Classroom,A, ,0,0,0,0,0,0,557,11136,557,L,D,5,No,No,Yes, , , , ,,,SHELTER,,Risk Shelter Inventory,Critical Community and Emergency Facilities,Regionally Significant,RSI_PT_631,,South Florida Water Management District,FDEM,Risk Shelter Inventory - General - FDEM,,,,South Florida,Southeast District,Southeast,6,118,38,Not Affected,Not Affected,Not Affected,Not Affected,Not Affected,Not Affected,Not Affected,Not Affected,Not Affected,Not Affected,Not Affected,Not Affected,Not Affected,Not Affected,Not Affected,Not Affected,Not Affected,Not Affected,Not Affected,Not Affected,Not Affected,762031.8194,182664.628
632,1065,Norwood ES,19810 NW 14th Ct,Miami,33169,Miami-Dade,-80.22699196,25.955488,"-80.22699196, 25.95548800",17R NJ 77391 70982,SHELTER,RISK,10,1991,4 Classroom,A, ,0,0,0,0,0,0,122,2434,122, ,No,No,No,No,Yes, , , , ,,,SHELTER,,Risk Shelter Inventory,Critical Community and Emergency Facilities,Regionally Significant,RSI_PT_632,Miami Gardens,South Florida Water Management District,FDEM,Risk Shelter Inventory - General - FDEM,,,,South Florida,Southeast District,Southeast,6,107,34,Not Affected,Not Affected,Not Affected,Not Affected,Not Affected,Not Affected,Not Affected,Not Affected,Not Affected,Not Affected,Not Affected,Not Affected,Not Affected,Not Affected,Not Affected,Not Affected,Not Affected,Not Affected,Not Affected,Not Affected,Not Affected,777217.7689,222580.4659
633,1066,Miami Carol City HS,3301 Miami Gardens Dr,Miami Gardens,33056,Miami-Dade,-80.25530283,25.94069867,"-80.25530283, 25.94069867",17R NJ 74566 69328,SHELTER,RISK,10,2003,4C Cafeteria,A,800 kW,0,0,605,12106,0,0,605,12106,605, ,No,No,No,Yes,Yes, , , , ,,,SHELTER,,Risk Shelter Inventory,Critical Community and Emergency Facilities,Regionally Significant,RSI_PT_618,Miami Gardens,South Florida Water Management District,FDEM,Risk Shelter Inventory - General - FDEM,,,,South Florida,Southeast District,Southeast,6,104,34,Not Affected,Not Affected,Not Affected,Not Affected,Not Affected,Not Affected,Not Affected,Low,Medium,Medium,Medium,Medium,High,High,High,High,High,High,High,High,High,774438.006,220853.8309
634,609,Tampa Palms ES,6100 Tampa Palms Blvd,Tampa,33647,Hillsborough,-82.38536396,28.09816698,"-82.38536396, 28.09816698",17R LM 63903 08851,SHELTER,RISK,7,2004,11 Classroom,A, ,0,0,169,3385,0,0,169,3385,250,"L, S",No,No,No,Yes,Yes, , , ,Yes,,,SHELTER,,Risk Shelter Inventory,Critical Community and Emergency Facilities,Regionally Significant,RSI_PT_570,Tampa,Southwest Florida Water Management District,FDEM,Risk Shelter Inventory - General - FDEM,,,,Tampa Bay,Southwest District,Southwest,7,67,14,Not Affected,Not Affected,Not Affected,Not Affected,Not Affected,Not Affected,Not Affected,Not Affected,Not Affected,Not Affected,Not Affected,Not Affected,Not Affected,Not Affected,Not Affected,Not Affected,Not Affected,Not Affected,Not Affected,Not Affected,Not Affected,558333.9068,455734.2872
635,610,Durant HS,4748 Cougar Path,Plant City,33567,Hillsborough,-82.17177203,27.88807898,"-82.17177203, 27.88807898",17R LL 84665 85356,SHELTER,RISK,7,1993,3 Classroom,R, ,0,0,0,0,248,4954,248,4954,302,HMGP,No,No,No,No,Yes, , , ,Yes,,,SHELTER,,Risk Shelter Inventory,Critical Community and Emergency Facilities,Regionally Significant,RSI_PT_348,,Southwest Florida Water Management District,FDEM,Risk Shelter Inventory - General - FDEM,,,,Tampa Bay,Southwest District,Southwest,7,68,20,Not Affected,Not Affected,Not Affected,Not Affected,Not Affected,Not Affected,Not Affected,Not Affected,Not Affected,Not Affected,Not Affected,Not Affected,Not Affected,Not Affected,Not Affected,Not Affected,Not Affected,Not Affected,Not Affected,Not Affected,Not Affected,579623.5357,432697.857
636,611,Marshall MS,18 S. Maryland Ave,Plant City,33563,Hillsborough,-82.10811198,28.01632399,"-82.10811198, 28.01632399",17R LL 91060 99505,SHELTER,RISK,7,2006,15 Classroom,A, ,0,0,356,7126,0,0,356,7126,400,"L, S",No,No,No,Yes,Yes, , , ,Yes,,,SHELTER,,Risk Shelter Inventory,Critical Community and Emergency Facilities,Regionally Significant,RSI_PT_365,Plant City,Southwest Florida Water Management District,FDEM,Risk Shelter Inventory - General - FDEM,,,,Tampa Bay,Southwest District,Southwest,7,68,23,Not Affected,Not Affected,Not Affected,Not Affected,Not Affected,Not Affected,Not Affected,Not Affected,Not Affected,Not Affected,Not Affected,Not Affected,Not Affected,Not Affected,Not Affected,Not Affected,Not Affected,Not Affected,Not Affected,Not Affected,Not Affected,585659.1625,447032.757
637,612,Young MS,1807 E. Dr. MLK Blvd,Tampa,33610,Hillsborough,-82.438379,27.98066301,"-82.43837900, 27.98066301",17R LL 58541 95893,SHELTER,RISK,7,1998,8 Classroom / Lab,R, ,0,0,0,0,423,8451,423,8451,527,S-1435A-2003,No,No,No,No,Yes, , , , ,,,SHELTER,,Risk Shelter Inventory,Critical Community and Emergency Facilities,Regionally Significant,RSI_PT_637,Tampa,Southwest Florida Water Management District,FDEM,Risk Shelter Inventory - General - FDEM,,,,Tampa Bay,Southwest District,Southwest,7,63,16,Not Affected,Not Affected,Not Affected,Not Affected,Not Affected,Not Affected,Not Affected,Not Affected,Not Affected,Not Affected,Not Affected,Not Affected,Not Affected,Not Affected,Not Affected,Not Affected,Not Affected,Not Affected,Not Affected,Not Affected,Not Affected,553300.6975,442618.8882
638,613,Randall MS,16510 Fish Hawk Blvd,Lithia,33547,Hillsborough,-82.20683102,27.85650498,"-82.20683102, 27.85650498",17R LL 81179 81891,SHELTER,RISK,7,1999,1 Admin / Classroom,R, ,0,0,0,0,1431,28629,1431,28629,407,HMGP,No,No,No,No,Yes, , , ,Yes,,,SHELTER,,Risk Shelter Inventory,Critical Community and Emergency Facilities,Regionally Significant,RSI_PT_372,,Southwest Florida Water Management District,FDEM,Risk Shelter Inventory - General - FDEM,,,,Tampa Bay,Southwest District,Southwest,7,69,20,Not Affected,Not Affected,Not Affected,Not Affected,Not Affected,Not Affected,Not Affected,Not Affected,Not Affected,Not Affected,Not Affected,Not Affected,Not Affected,Not Affected,Not Affected,Not Affected,Not Affected,Not Affected,Not Affected,Not Affected,Not Affected,576230.2193,429141.2344
639,614,Heritage ES,18201 E Meadows Rd,Tampa,33647,Hillsborough,-82.285953,28.146332,"-82.28595300, 28.14633200",17R LM 73727 14081,SHELTER,RISK,7,2003,3 Classroom,A, ,0,0,501,10014,0,0,501,10014,768,"L, S",No,No,No,Yes,Yes, , , ,Yes,,,SHELTER,,Risk Shelter Inventory,Critical Community and Emergency Facilities,Regionally Significant,RSI_PT_580,Tampa,Southwest Florida Water Management District,FDEM,Risk Shelter Inventory - General - FDEM,,,,Tampa Bay,Southwest District,Southwest,7,67,23,Not Affected,Not Affected,Not Affected,Not Affected,Not Affected,Not Affected,Not Affected,Not Affected,Not Affected,Not Affected,Not Affected,Not Affected,Not Affected,Not Affected,Not Affected,Not Affected,Not Affected,Not Affected,Not Affected,Not Affected,Not Affected,568007.3542,461214.3732
640,615,Sulphur Springs K-8,8412 N. 13th St,Tampa,33604,Hillsborough,-82.44669401,28.026257,"-82.44669401, 28.02625700",17R LM 57783 00954,SHELTER,RISK,7,1997,1 Classroom,R, ,0,0,0,0,902,18030,902,18030,1534,S-1435A-2003,No,No,No,No,Yes, , , ,Yes,,,SHELTER,,Risk Shelter Inventory,Critical Community and Emergency Facilities,Regionally Significant,RSI_PT_640,Tampa,Southwest Florida Water Management District,FDEM,Risk Shelter Inventory - General - FDEM,,,,Tampa Bay,Southwest District,Southwest,7,63,16,Not Affected,Not Affected,Not Affected,Not Affected,Not Affected,Not Affected,Not Affected,Not Affected,Not Affected,Not Affected,Not Affected,Not Affected,Not Affected,Not Affected,Not Affected,Not Affected,Not Affected,Not Affected,Not Affected,Not Affected,Not Affected,552420.6958,447671.6378
641,616,Sickles HS,7950 Gunn Hwy,Tampa,33626,Hillsborough,-82.579861,28.07903198,"-82.57986100, 28.07903198",17R LM 44766 06964,SHELTER,RISK,7,1995,3 Lab,R, ,0,0,0,0,663,13260,663,13260,481,S-1543,No,No,No,No,Yes, , , ,Yes,,,SHELTER,,Risk Shelter Inventory,Critical Community and Emergency Facilities,Regionally Significant,RSI_PT_571,,Southwest Florida Water Management District,FDEM,Risk Shelter Inventory - General - FDEM,,,,Tampa Bay,Southwest District,Southwest,7,66,14,Not Affected,Not Affected,Not Affected,Not Affected,Not Affected,Not Affected,Not Affected,Not Affected,Not Affected,Not Affected,Not Affected,Not Affected,Not Affected,Not Affected,Not Affected,Not Affected,Not Affected,Not Affected,Not Affected,Not Affected,Not Affected,539286.5762,453374.6771
642,617,Newsome HS,16550 Fish Hawk Blvd,Lithia,33547,Hillsborough,-82.20517098,27.85933098,"-82.20517098, 27.85933098",17R LL 81346 82203,SHELTER,RISK,7,2003,2 Auditorium,A, ,0,0,376,7524,0,0,376,7524,529,"L, S",No,No,No,Yes,Yes, , , ,Yes,,,SHELTER,,Risk Shelter Inventory,Critical Community and Emergency Facilities,Regionally Significant,RSI_PT_351,,Southwest Florida Water Management District,FDEM,Risk Shelter Inventory - General - FDEM,,,,Tampa Bay,Southwest District,Southwest,7,69,20,Not Affected,Not Affected,Not Affected,Not Affected,Not Affected,Not Affected,Not Affected,Not Affected,Not Affected,Not Affected,Not Affected,Not Affected,Not Affected,Not Affected,Not Affected,Not Affected,Not Affected,Not Affected,Not Affected,Not Affected,Not Affected,576388.7861,429457.4124
643,618,Schmidt ES,1250 Williams Rd,Brandon,33510,Hillsborough,-82.31953702,27.95872602,"-82.31953702, 27.95872602",17R LL 70203 93331,SHELTER,RISK,7,2003,3 Classroom,A, ,0,0,0,0,0,0,910,18207,890,"L, S",No,No,No,No,Yes, , , ,Yes,,,SHELTER,,Risk Shelter Inventory,Critical Community and Emergency Facilities,Regionally Significant,RSI_PT_643,,Southwest Florida Water Management District,FDEM,Risk Shelter Inventory - General - FDEM,,,,Tampa Bay,Southwest District,Southwest,7,67,23,Not Affected,Not Affected,Not Affected,Not Affected,Not Affected,Not Affected,Not Affected,Not Affected,Not Affected,Not Affected,Not Affected,Not Affected,Not Affected,Not Affected,Not Affected,Not Affected,Not Affected,Not Affected,Not Affected,Not Affected,Not Affected,564999.6393,440336.2619
644,619,McLane MS,306 N Knights Ave,Brandon,33510,Hillsborough,-82.28998603,27.94297601,"-82.28998603, 27.94297601",17R LL 73092 91555,SHELTER,RISK,7,1997,20 Classroom,R, ,0,0,0,0,869,17382,869,17382,1071,S-1435A-2003,No,No,No,No,Yes, , , ,Yes,,,SHELTER,,Risk Shelter Inventory,Critical Community and Emergency Facilities,Regionally Significant,RSI_PT_644,,Southwest Florida Water Management District,FDEM,Risk Shelter Inventory - General - FDEM,,,,Tampa Bay,Southwest District,Southwest,7,67,23,Not Affected,Not Affected,Not Affected,Not Affected,Not Affected,Not Affected,Not Affected,Not Affected,Not Affected,Not Affected,Not Affected,Not Affected,Not Affected,Not Affected,Not Affected,Not Affected,Not Affected,Not Affected,Not Affected,Not Affected,Not Affected,567925.2323,438627.202
645,620,Freedom HS,17410 Commerce Park Blvd,Tampa,33647,Hillsborough,-82.38178777,28.13342805,"-82.38178777, 28.13342805",17R LM 64299 12754,SHELTER,RISK,7,2000,3 Art,R, ,0,0,0,0,208,4159,208,4159,0,S-1467-2004,No,No,No,No,Yes, , , ,Yes,,,SHELTER,,Risk Shelter Inventory,Critical Community and Emergency Facilities,Regionally Significant,RSI_PT_354,Tampa,Southwest Florida Water Management District,FDEM,Risk Shelter Inventory - General - FDEM,,,,Tampa Bay,Southwest District,Southwest,7,67,14,Not Affected,Not Affected,Not Affected,Not Affected,Not Affected,Not Affected,Not Affected,Not Affected,Not Affected,Not Affected,Not Affected,Not Affected,Not Affected,Not Affected,Not Affected,Not Affected,Not Affected,Not Affected,Not Affected,Not Affected,Not Affected,558633.1876,459654.5119
646,621,Cannella ES,10707 Nixon Rd,Tampa,33624,Hillsborough,-82.532764,28.04563701,"-82.53276400, 28.04563701",17R LM 49348 03205,SHELTER,RISK,7,2004,13 Classroom,A, ,0,0,348,6961,0,0,348,6961,500,"L, S",No,No,No,Yes,Yes, , , ,Yes,,,SHELTER,,Risk Shelter Inventory,Critical Community and Emergency Facilities,Regionally Significant,RSI_PT_646,,Southwest Florida Water Management District,FDEM,Risk Shelter Inventory - General - FDEM,,,,Tampa Bay,Southwest District,Southwest,7,64,14,Not Affected,Not Affected,Not Affected,Not Affected,Not Affected,Not Affected,Not Affected,Not Affected,Not Affected,Not Affected,Not Affected,Not Affected,Not Affected,Not Affected,Not Affected,Not Affected,Not Affected,Not Affected,Not Affected,Not Affected,Not Affected,543949.7393,449720.3086
647,622,Lomax ES,4207 N. 26th St,Tampa,33610,Hillsborough,-82.42998402,27.98252199,"-82.42998402, 27.98252199",17R LL 59369 96089,SHELTER,RISK,7,2003,4 Classroom,A, ,0,0,298,5967,0,0,298,5967,465,"L, S",No,No,No,Yes,Yes, , , ,Yes,,,SHELTER,,Risk Shelter Inventory,Critical Community and Emergency Facilities,Regionally Significant,RSI_PT_647,Tampa,Southwest Florida Water Management District,FDEM,Risk Shelter Inventory - General - FDEM,,,,Tampa Bay,Southwest District,Southwest,7,63,16,Not Affected,Not Affected,Not Affected,Not Affected,Not Affected,Not Affected,Not Affected,Not Affected,Not Affected,Not Affected,Not Affected,Not Affected,Not Affected,Not Affected,Not Affected,Medium,Medium,Medium,Medium,Medium,Medium,554122.1402,442835.7854
648,623,McKitrick ES,5503 Lutz Lake Fern rd,Lutz,33558,Hillsborough,-82.53012404,28.15650302,"-82.53012404, 28.15650302",17R LM 49762 15485,SHELTER,RISK,7,2004,5 Classroom,A, ,0,0,446,8915,0,0,446,8915,800,"L, S",No,No,No,Yes,Yes, , , ,Yes,,,SHELTER,,Risk Shelter Inventory,Critical Community and Emergency Facilities,Regionally Significant,RSI_PT_361,,Southwest Florida Water Management District,FDEM,Risk Shelter Inventory - General - FDEM,,,,Tampa Bay,Southwest District,Southwest,7,66,14,Not Affected,Not Affected,Not Affected,Not Affected,Not Affected,Not Affected,Not Affected,Not Affected,Not Affected,Not Affected,Not Affected,Not Affected,Not Affected,Not Affected,Not Affected,Not Affected,Not Affected,Not Affected,Not Affected,Not Affected,Not Affected,544061.9759,462034.8784
649,624,Nelson ES,5413 Durant Rd,Dover,33527,Hillsborough,-82.20435903,27.907785,"-82.20435903, 27.90778500",17R LL 81478 87570,SHELTER,RISK,7,2003,3 Classroom,A, ,0,0,558,11165,0,0,558,11165,805,"L, S",No,No,No,Yes,Yes, , , ,Yes,,,SHELTER,,Risk Shelter Inventory,Critical Community and Emergency Facilities,Regionally Significant,RSI_PT_367,,Southwest Florida Water Management District,FDEM,Risk Shelter Inventory - General - FDEM,,,,Tampa Bay,Southwest District,Southwest,7,68,20,Not Affected,Not Affected,Not Affected,Not Affected,Not Affected,Not Affected,Not Affected,Not Affected,Not Affected,Not Affected,Not Affected,Not Affected,Not Affected,Not Affected,Not Affected,Not Affected,Not Affected,Not Affected,Not Affected,Not Affected,Not Affected,576390.2235,434839.0177
650,625,Eisenhower MS,7620 Old Big Bend Rd,Gibsonton,33534,Hillsborough,-82.36483299,27.793109,"-82.36483299, 27.79310900",17R LL 65543 75031,SHELTER,RISK,7,2003,2 Classroom,R, ,0,0,0,0,433,8653,433,8653,0,S-1508-2005,E,No,No,No,Yes, , , ,Yes,,,SHELTER,,Risk Shelter Inventory,Critical Community and Emergency Facilities,Regionally Significant,RSI_PT_353,,Southwest Florida Water Management District,FDEM,Risk Shelter Inventory - General - FDEM,,,,Tampa Bay,Southwest District,Southwest,7,62,16,Not Affected,Not Affected,Not Affected,Not Affected,Not Affected,Not Affected,Not Affected,Not Affected,Not Affected,Not Affected,Not Affected,Not Affected,Not Affected,Not Affected,Not Affected,Not Affected,Not Affected,Not Affected,Not Affected,Not Affected,Not Affected,560796.3061,421885.6748
651,626,Summerfield ES,11990 Big Bend Rd,Riverview,33579,Hillsborough,-82.28913401,27.80184701,"-82.28913401, 27.80184701",17R LL 73011 75918,SHELTER,RISK,7,2006,10 Classroom,A, ,0,0,333,6656,0,0,333,6656,540,"L, S",No,No,No,Yes,Yes, , , ,Yes,,,SHELTER,,Risk Shelter Inventory,Critical Community and Emergency Facilities,Regionally Significant,RSI_PT_651,,Southwest Florida Water Management District,FDEM,Risk Shelter Inventory - General - FDEM,,,,Tampa Bay,Southwest District,Southwest,7,69,20,Not Affected,Not Affected,Not Affected,Not Affected,Not Affected,Not Affected,Not Affected,Not Affected,Not Affected,Not Affected,Not Affected,Not Affected,Not Affected,Not Affected,Not Affected,Not Affected,Not Affected,Not Affected,Not Affected,Not Affected,Not Affected,568226.3354,422956.9536
652,627,Smith MS,14303 Citrus Pointe Dr,Tampa,33625,Hillsborough,-82.57390398,28.076835,"-82.57390398, 28.07683500",17R LM 45348 06713,SHELTER,RISK,7,2005,3 Gym,A, ,0,0,501,10020,0,0,501,10020,675,"L,S",No,No,No,Yes,Yes, ,Yes, ,Yes,,,SHELTER,,Risk Shelter Inventory,Critical Community and Emergency Facilities,Regionally Significant,RSI_PT_356,,Southwest Florida Water Management District,FDEM,Risk Shelter Inventory - General - FDEM,,,,Tampa Bay,Southwest District,Southwest,7,66,14,Not Affected,Not Affected,Not Affected,Not Affected,Not Affected,Not Affected,Not Affected,Not Affected,Not Affected,Not Affected,Not Affected,Not Affected,Not Affected,Not Affected,Not Affected,Not Affected,Not Affected,Not Affected,Not Affected,Not Affected,Not Affected,539873.6334,453137.4481
653,628,Shields MS,15732 Beth Shields Way,Ruskin,33573,Hillsborough,-82.36952703,27.739784,"-82.36952703, 27.73978400",17R LL 65015 69128,SHELTER,RISK,7,2003,4 Classroom,A, ,0,0,834,16677,0,0,834,16677,1025,"L, S",No,No,No,Yes,Yes, , , , ,,,SHELTER,,Risk Shelter Inventory,Critical Community and Emergency Facilities,Regionally Significant,RSI_PT_357,,Southwest Florida Water Management District,FDEM,Risk Shelter Inventory - General - FDEM,,,,Tampa Bay,Southwest District,Southwest,7,70,16,Not Affected,Not Affected,Not Affected,Not Affected,Not Affected,Not Affected,Not Affected,Not Affected,Not Affected,Not Affected,Not Affected,Not Affected,Not Affected,Not Affected,Not Affected,Not Affected,Not Affected,Not Affected,Not Affected,Not Affected,Not Affected,560413.0361,415958.2234
654,629,Durant HS,4748 Cougar Path,Plant City,33567,Hillsborough,-82.17177203,27.88807898,"-82.17177203, 27.88807898",17R LL 84665 85356,SHELTER,RISK,7,1992,1 Admin,R, ,0,0,0,0,565,11293,565,11293,302,HMGP,No,No,No,No,Yes, , , ,Yes,,,SHELTER,,Risk Shelter Inventory,Critical Community and Emergency Facilities,Regionally Significant,RSI_PT_348,,Southwest Florida Water Management District,FDEM,Risk Shelter Inventory - General - FDEM,,,,Tampa Bay,Southwest District,Southwest,7,68,20,Not Affected,Not Affected,Not Affected,Not Affected,Not Affected,Not Affected,Not Affected,Not Affected,Not Affected,Not Affected,Not Affected,Not Affected,Not Affected,Not Affected,Not Affected,Not Affected,Not Affected,Not Affected,Not Affected,Not Affected,Not Affected,579623.5357,432697.857
655,630,Williams MS,5020 N. 47th,Tampa,33610,Hillsborough,-82.40707996,27.99196001,"-82.40707996, 27.99196001",17R LL 61634 97109,SHELTER,RISK,7,1995,2 Classroom / Lab / Gym,R, ,0,0,0,0,1159,23176,1159,23176,650,S-1435A-2003,No,No,No,No,Yes, , , ,2000,,,SHELTER,,Risk Shelter Inventory,Critical Community and Emergency Facilities,Regionally Significant,RSI_PT_655,Tampa,Southwest Florida Water Management District,FDEM,Risk Shelter Inventory - General - FDEM,,,,Tampa Bay,Southwest District,Southwest,7,63,16,Not Affected,Not Affected,Not Affected,Not Affected,Not Affected,Not Affected,Not Affected,Not Affected,Not Affected,Not Affected,Not Affected,Not Affected,Not Affected,Not Affected,Not Affected,Not Affected,Not Affected,Not Affected,Not Affected,Not Affected,Not Affected,556356.8755,443912.6752
656,631,Chiles ES,16541 W. Tampa Palms Blvd,Tampa,33647,Hillsborough,-82.39207099,28.11365201,"-82.39207099, 28.11365201",17R LM 63264 10575,SHELTER,RISK,7,2005,5 Classroom,A, ,0,0,421,8429,0,0,421,8429,500,"L, S",No,No,No,Yes,Yes, , , ,Yes,,,SHELTER,,Risk Shelter Inventory,Critical Community and Emergency Facilities,Regionally Significant,RSI_PT_371,Tampa,Southwest Florida Water Management District,FDEM,Risk Shelter Inventory - General - FDEM,,,,Tampa Bay,Southwest District,Southwest,7,67,14,Not Affected,Not Affected,Not Affected,Not Affected,Not Affected,Not Affected,Not Affected,Not Affected,Not Affected,Not Affected,Not Affected,Not Affected,Not Affected,Not Affected,Not Affected,Not Affected,Not Affected,Not Affected,Not Affected,Not Affected,Not Affected,557653.8184,457445.2558
657,632,Muller ES,13615 N. 22nd St,Tampa,33613,Hillsborough,-82.43178998,28.071945,"-82.43178998, 28.07194500",17R LM 59308 05999,SHELTER,RISK,7,2003,4 Cafeteria,A, ,0,0,191,3823,0,0,191,3823,310,"L, S",No,No,No,Yes,Yes, , , ,Yes,,,SHELTER,,Risk Shelter Inventory,Critical Community and Emergency Facilities,Regionally Significant,RSI_PT_657,,Southwest Florida Water Management District,FDEM,Risk Shelter Inventory - General - FDEM,,,,Tampa Bay,Southwest District,Southwest,7,67,16,Not Affected,Not Affected,Not Affected,Not Affected,Not Affected,Not Affected,Not Affected,Not Affected,Not Affected,Not Affected,Not Affected,Not Affected,Not Affected,Not Affected,Not Affected,Not Affected,Not Affected,Not Affected,Not Affected,Not Affected,Not Affected,553818.5756,452763.6568
658,633,Boyette Springs ES,10141 Sedgebrook Dr,Riverview,33569,Hillsborough,-82.27980403,27.84792799,"-82.27980403, 27.84792799",17R LL 73984 81014,SHELTER,RISK,7,2004,16 Classroom,A, ,0,0,422,8430,0,0,422,8430,500,"L, S",No,No,No,Yes,Yes, , , ,Yes,,,SHELTER,,Risk Shelter Inventory,Critical Community and Emergency Facilities,Regionally Significant,RSI_PT_658,,Southwest Florida Water Management District,FDEM,Risk Shelter Inventory - General - FDEM,,,,Tampa Bay,Southwest District,Southwest,7,69,20,Not Affected,Not Affected,Not Affected,Not Affected,Not Affected,Not Affected,Not Affected,Not Affected,Not Affected,Not Affected,Not Affected,Not Affected,Not Affected,Not Affected,Not Affected,Not Affected,Not Affected,Not Affected,Not Affected,Not Affected,Not Affected,569072.2919,428086.6567
659,634,Pride ES,10310 Lions Den Dr,Tampa,33647,Hillsborough,-82.31856497,28.15778101,"-82.31856497, 28.15778101",17R LM 70538 15383,SHELTER,RISK,7,1999,4 Classroom,A, ,0,0,672,13449,0,0,672,13449,557,"L, S",No,No,No,Yes,Yes, , , ,Yes,,,SHELTER,,Risk Shelter Inventory,Critical Community and Emergency Facilities,Regionally Significant,RSI_PT_350,,Southwest Florida Water Management District,FDEM,Risk Shelter Inventory - General - FDEM,,,,Tampa Bay,Southwest District,Southwest,7,67,23,Not Affected,Not Affected,Not Affected,Not Affected,Not Affected,Not Affected,Not Affected,Not Affected,Not Affected,Not Affected,Not Affected,Not Affected,Not Affected,Not Affected,Not Affected,Not Affected,Not Affected,Not Affected,Not Affected,Not Affected,Not Affected,564793.6592,462441.7334
660,635,Reddick ES,325 West Lake Dr,Wimauma,33598,Hillsborough,-82.32066598,27.718031,"-82.32066598, 27.71803100",17R LL 69805 66665,SHELTER,RISK,7,2006,4 Classroom,A, ,0,0,688,13766,0,0,688,13766,675,"L, S",No,No,No,Yes,Yes, , , ,Yes,,,SHELTER,,Risk Shelter Inventory,Critical Community and Emergency Facilities,Regionally Significant,RSI_PT_362,,Southwest Florida Water Management District,FDEM,Risk Shelter Inventory - General - FDEM,,,,Tampa Bay,Southwest District,Southwest,7,70,20,Not Affected,Not Affected,Not Affected,Not Affected,Not Affected,Not Affected,Not Affected,Not Affected,Not Affected,Not Affected,Not Affected,Not Affected,Not Affected,Not Affected,Not Affected,Not Affected,Not Affected,Not Affected,Not Affected,Not Affected,Not Affected,565252.8027,413607.2563
661,636,Lake Magdelene ES,2002 Pine Lake Dr,Tampa,33612,Hillsborough,-82.47780001,28.05774601,"-82.47780001, 28.05774601",17R LM 54767 04480,SHELTER,RISK,7,2000,14 Classroom,R, ,0,0,0,0,301,6026,301,6026,455,S-1435A-2003,No,No,No,No,Yes, , , ,Yes,,,SHELTER,,Risk Shelter Inventory,Critical Community and Emergency Facilities,Regionally Significant,RSI_PT_661,,Southwest Florida Water Management District,FDEM,Risk Shelter Inventory - General - FDEM,,,,Tampa Bay,Southwest District,Southwest,7,66,14,Not Affected,Not Affected,Not Affected,Not Affected,Not Affected,Not Affected,Not Affected,Not Affected,Not Affected,Not Affected,Not Affected,Not Affected,Not Affected,Not Affected,Not Affected,Not Affected,Not Affected,Not Affected,Not Affected,Not Affected,Not Affected,549325.359,451130.3451
662,637,Turner Bartles K-8 (Upper),9020 Imperial Oak Blvd,Tampa,33647,Hillsborough,-82.35073002,28.16883301,"-82.35073002, 28.16883301",17R LM 67393 16643,SHELTER,RISK,7,2006,6 Classroom,A, ,0,0,390,7791,0,0,390,7791,540,"L, S",No,No,No,Yes,Yes, , , ,Yes,,,SHELTER,,Risk Shelter Inventory,Critical Community and Emergency Facilities,Regionally Significant,RSI_PT_375,,Southwest Florida Water Management District,FDEM,Risk Shelter Inventory - General - FDEM,,,,Tampa Bay,Southwest District,Southwest,7,67,23,Not Affected,Not Affected,Not Affected,Not Affected,Not Affected,Not Affected,Not Affected,Not Affected,Not Affected,Not Affected,Not Affected,Not Affected,Not Affected,Not Affected,Not Affected,Not Affected,Not Affected,Not Affected,Not Affected,Not Affected,Not Affected,561625.0095,463626.4476
663,638,Durant HS,4748 Cougar Path,Plant City,33567,Hillsborough,-82.17177203,27.88807898,"-82.17177203, 27.88807898",17R LL 84665 85356,SHELTER,RISK,7,1993,6 Classroom,R, ,0,0,0,0,742,14846,742,14846,302,HMGP,No,No,No,No,Yes, , , ,Yes,,,SHELTER,,Risk Shelter Inventory,Critical Community and Emergency Facilities,Regionally Significant,RSI_PT_348,,Southwest Florida Water Management District,FDEM,Risk Shelter Inventory - General - FDEM,,,,Tampa Bay,Southwest District,Southwest,7,68,20,Not Affected,Not Affected,Not Affected,Not Affected,Not Affected,Not Affected,Not Affected,Not Affected,Not Affected,Not Affected,Not Affected,Not Affected,Not Affected,Not Affected,Not Affected,Not Affected,Not Affected,Not Affected,Not Affected,Not Affected,Not Affected,579623.5357,432697.857
664,639,Jennnings MS,9325 Govenor's Run Dr,Seffner,33584,Hillsborough,-82.32788104,28.026214,"-82.32788104, 28.02621400",17R LM 69464 00817,SHELTER,RISK,7,2003,4 Classroom / ESE,A, ,0,0,688,13760,0,0,688,13760,1024,"L, S",E,5,No,Yes,Yes, , , ,Yes,,,SHELTER,,Risk Shelter Inventory,Critical Community and Emergency Facilities,Regionally Significant,RSI_PT_373,,Southwest Florida Water Management District,FDEM,Risk Shelter Inventory - General - FDEM,,,,Tampa Bay,Southwest District,Southwest,7,67,23,Not Affected,Not Affected,Not Affected,Not Affected,Not Affected,Not Affected,Not Affected,Not Affected,Not Affected,Not Affected,Not Affected,Not Affected,Not Affected,Not Affected,Not Affected,Not Affected,Not Affected,Not Affected,Not Affected,Not Affected,Not Affected,564078.7892,447819.3359
665,640,Turkey Creek MS,5005 S. Turkey Creek Rd,Plant City,33567,Hillsborough,-82.17101498,27.94417399,"-82.17101498, 27.94417399",17R LL 84799 91569,SHELTER,RISK,7,1997,8 Classroom,R, ,0,0,0,0,431,8629,431,8629,594,S-1523,No,No,No,No,Yes, , , , ,,,SHELTER,,Risk Shelter Inventory,Critical Community and Emergency Facilities,Regionally Significant,RSI_PT_665,,Southwest Florida Water Management District,FDEM,Risk Shelter Inventory - General - FDEM,,,,Tampa Bay,Southwest District,Southwest,7,68,23,Not Affected,Not Affected,Not Affected,Not Affected,Not Affected,Not Affected,Not Affected,Not Affected,Not Affected,Not Affected,Not Affected,Not Affected,Not Affected,Not Affected,Not Affected,Not Affected,Not Affected,Not Affected,Not Affected,Not Affected,Not Affected,579605.5175,438927.8751
666,641,Benito MS,10101 Cross Creek Blvd,Tampa,33647,Hillsborough,-82.32376896,28.14100899,"-82.32376896, 28.14100899",17R LM 70007 13531,SHELTER,RISK,7,1995,2 Classroom / Lab,R, ,0,0,0,0,602,12035,602,12035,604,HMGP,No,No,No,No,Yes, , , ,Yes,,,SHELTER,,Risk Shelter Inventory,Critical Community and Emergency Facilities,Regionally Significant,RSI_PT_581,Tampa,Southwest Florida Water Management District,FDEM,Risk Shelter Inventory - General - FDEM,,,,Tampa Bay,Southwest District,Southwest,7,67,23,Not Affected,Not Affected,Not Affected,Not Affected,Not Affected,Not Affected,Not Affected,Not Affected,Not Affected,Not Affected,Not Affected,Not Affected,Not Affected,Not Affected,Not Affected,Not Affected,Not Affected,Not Affected,Not Affected,Low,Low,564308.9779,460572.3195
667,642,Strawberry Crest HS,4691 Gallagher Rd,Dover,33527,Hillsborough,-82.23659004,28.02288899,"-82.23659004, 28.02288899",17R LM 78435 00354,SHELTER,RISK,7,2006,5 Lab,A, ,0,0,362,7245,0,0,362,7245,400,"L, S",No,No,No,Yes,Yes, ,Yes, ,Yes,,,SHELTER,,Risk Shelter Inventory,Critical Community and Emergency Facilities,Regionally Significant,RSI_PT_667,,Southwest Florida Water Management District,FDEM,Risk Shelter Inventory - General - FDEM,,,,Tampa Bay,Southwest District,Southwest,7,68,23,Not Affected,Not Affected,Not Affected,Not Affected,Not Affected,Not Affected,Not Affected,Not Affected,Not Affected,Not Affected,Not Affected,Not Affected,Not Affected,Not Affected,Not Affected,Not Affected,Not Affected,Not Affected,Not Affected,Not Affected,Not Affected,573041.5192,447574.8966
668,643,Oak Park ES,2716 N 46th St,Tampa,33605,Hillsborough,-82.40710897,27.96755698,"-82.40710897, 27.96755698",17R LL 61600 94405,SHELTER,RISK,7,2004,5 Cafeteria,A, ,0,0,187,3743,0,0,187,3743,333,"L, S",E,5,No,Yes,Yes, , , , ,,,SHELTER,,Risk Shelter Inventory,Critical Community and Emergency Facilities,Regionally Significant,RSI_PT_379,Tampa,Southwest Florida Water Management District,FDEM,Risk Shelter Inventory - General - FDEM,,,,Tampa Bay,Southwest District,Southwest,7,63,16,Not Affected,Not Affected,Not Affected,Not Affected,Not Affected,Not Affected,Not Affected,Not Affected,Not Affected,Not Affected,Not Affected,Not Affected,Not Affected,Not Affected,Not Affected,Not Affected,Not Affected,Not Affected,Not Affected,Not Affected,Not Affected,556389.035,441202.781
669,644,Hammonds ES,8008 N. Mobley RD,Odessa,33556,Hillsborough,-82.57467603,28.11371801,"-82.57467603, 28.11371801",17R LM 45325 10801,SHELTER,RISK,7,2005,4 Classroom,A, ,0,0,0,0,0,0,524,10477,0,"L, S",No,No,No,No,Yes, , , ,Yes,,,SHELTER,,Risk Shelter Inventory,Critical Community and Emergency Facilities,Regionally Significant,RSI_PT_352,,Southwest Florida Water Management District,FDEM,Risk Shelter Inventory - General - FDEM,,,,Tampa Bay,Southwest District,Southwest,7,66,14,Not Affected,Not Affected,Not Affected,Not Affected,Not Affected,Not Affected,Not Affected,Not Affected,Not Affected,Not Affected,Not Affected,Not Affected,Not Affected,Not Affected,Not Affected,Not Affected,Not Affected,Not Affected,Not Affected,Not Affected,Not Affected,539750.5689,457232.3863
670,645,Temple Terrace ES,124 Flotto Ave,Temple Terrace,33617,Hillsborough,-82.39167897,28.034605,"-82.39167897, 28.03460500",17R LM 63202 01816,SHELTER,RISK,7,2004,15 Classroom,A, ,0,0,367,7337,0,0,367,7337,500,"L, S",No,No,No,Yes,Yes, , , ,Yes,,,SHELTER,,Risk Shelter Inventory,Critical Community and Emergency Facilities,Regionally Significant,RSI_PT_670,Temple Terrace,Southwest Florida Water Management District,FDEM,Risk Shelter Inventory - General - FDEM,,,,Tampa Bay,Southwest District,Southwest,7,63,16,Not Affected,Not Affected,Not Affected,Not Affected,Not Affected,Not Affected,Not Affected,Not Affected,Not Affected,Not Affected,Not Affected,Not Affected,Not Affected,Not Affected,Not Affected,Not Affected,Not Affected,Not Affected,Not Affected,Not Affected,Not Affected,557806.7448,448667.8562
671,646,Wharton HS,20150 Bruce B. Downs Blvd,Tampa,33647,Hillsborough,-82.35442803,28.15886801,"-82.35442803, 28.15886801",17R LM 67018 15543,SHELTER,RISK,7,2006,20 Classroom,A, ,0,0,0,0,0,0,437,8749,720,"L, S",No,No,No,No,Yes, , , ,Yes,,,SHELTER,,Risk Shelter Inventory,Critical Community and Emergency Facilities,Regionally Significant,RSI_PT_671,,Southwest Florida Water Management District,FDEM,Risk Shelter Inventory - General - FDEM,,,,Tampa Bay,Southwest District,Southwest,7,67,23,Not Affected,Not Affected,Not Affected,Not Affected,Not Affected,Not Affected,Not Affected,Not Affected,Not Affected,Not Affected,Not Affected,Not Affected,Not Affected,Not Affected,Not Affected,Not Affected,Not Affected,Not Affected,Not Affected,Not Affected,Not Affected,561277.4013,462515.0266
672,647,Burnett MS,1010 N. Kingsway Rd,Seffner,33584,Hillsborough,-82.27842001,28.00839802,"-82.27842001, 28.00839802",17R LL 74306 98791,SHELTER,RISK,7,1994,3 Gym,R, ,0,0,0,0,506,10120,506,10120,443,HMGP,No,No,No,No,Yes, , , ,Yes,,,SHELTER,,Risk Shelter Inventory,Critical Community and Emergency Facilities,Regionally Significant,RSI_PT_380,,Southwest Florida Water Management District,FDEM,Risk Shelter Inventory - General - FDEM,,,,Tampa Bay,Southwest District,Southwest,7,68,23,Not Affected,Not Affected,Not Affected,Not Affected,Not Affected,Not Affected,Not Affected,Not Affected,Not Affected,Not Affected,Not Affected,Not Affected,Not Affected,Not Affected,Not Affected,Medium,Medium,Medium,Medium,Medium,Medium,568959.5256,445907.7488
673,648,Turner Bartles K-8 (Lower),9190 Imperial Oak Blvd,Tampa,33647,Hillsborough,-82.34776098,28.16709301,"-82.34776098, 28.16709301",17R LM 67682 16447,SHELTER,RISK,7,2003,10 Multipurpose,A, ,0,0,277,5530,0,0,277,5530,340, ,No,No,No,Yes,Yes, , , ,Yes,,,SHELTER,,Risk Shelter Inventory,Critical Community and Emergency Facilities,Regionally Significant,RSI_PT_346,,Southwest Florida Water Management District,FDEM,Risk Shelter Inventory - General - FDEM,,,,Tampa Bay,Southwest District,Southwest,7,67,23,Not Affected,Not Affected,Not Affected,Not Affected,Not Affected,Not Affected,Not Affected,Not Affected,Not Affected,Not Affected,Not Affected,Not Affected,Not Affected,Not Affected,Not Affected,Not Affected,Not Affected,Not Affected,Not Affected,Not Affected,Not Affected,561918.5407,463437.1215
674,649,Bevis ES,5720 Osprey Ridge Dr,Lithia,33547,Hillsborough,-82.232398,27.84929998,"-82.23239800, 27.84929998",17R LL 78654 81118,SHELTER,RISK,7,1999,2 Classroom,A, ,0,0,657,13139,0,0,657,13139,411,"L, S",No,No,No,Yes,Yes, , , ,Yes,,,SHELTER,,Risk Shelter Inventory,Critical Community and Emergency Facilities,Regionally Significant,RSI_PT_674,,Southwest Florida Water Management District,FDEM,Risk Shelter Inventory - General - FDEM,,,,Tampa Bay,Southwest District,Southwest,7,69,20,Not Affected,Not Affected,Not Affected,Not Affected,Not Affected,Not Affected,Not Affected,Not Affected,Not Affected,Not Affected,Not Affected,Not Affected,Not Affected,Not Affected,Not Affected,Not Affected,Not Affected,Not Affected,Not Affected,Not Affected,Not Affected,573729.173,428304.8979
675,650,Carver Exceptional Center,2934 E. Hillsborough Ave,Tampa,33610,Hillsborough,-82.42726904,27.99688199,"-82.42726904, 27.99688199",17R LL 59655 97677,SHELTER,RISK,7,2004,1 Main,A, ,0,0,655,13099,0,0,655,13099,600,"L, S",No,No,No,Yes,Yes, , , ,Yes,,,SHELTER,,Risk Shelter Inventory,Critical Community and Emergency Facilities,Regionally Significant,RSI_PT_675,Tampa,Southwest Florida Water Management District,FDEM,Risk Shelter Inventory - General - FDEM,,,,Tampa Bay,Southwest District,Southwest,7,63,16,Not Affected,Not Affected,Not Affected,Not Affected,Not Affected,Not Affected,Not Affected,Not Affected,Not Affected,Not Affected,Not Affected,Not Affected,Not Affected,Not Affected,Not Affected,Not Affected,Not Affected,Not Affected,Not Affected,Not Affected,Not Affected,554368.3059,444433.8062
676,651,Springhead ES,3208 Nesmith Rd,Plant City,33566,Hillsborough,-82.07146202,27.973399,"-82.07146202, 27.97339900",17R LL 94621 94717,SHELTER,RISK,7,2004,15 Classroom,A, ,0,0,379,7580,0,0,379,7580,500,"L, S",No,No,No,Yes,Yes, , , ,Yes,,,SHELTER,,Risk Shelter Inventory,Critical Community and Emergency Facilities,Regionally Significant,RSI_PT_676,,Southwest Florida Water Management District,FDEM,Risk Shelter Inventory - General - FDEM,,,,Tampa Bay,Southwest District,Southwest,7,68,23,Not Affected,Not Affected,Not Affected,Not Affected,Not Affected,Not Affected,Not Affected,Not Affected,Not Affected,Not Affected,Not Affected,Not Affected,Not Affected,Not Affected,Not Affected,Not Affected,Not Affected,Not Affected,Not Affected,Not Affected,Not Affected,589330.0407,442322.0044
677,652,Sessums ES,11525 Ramble Creek Dr,Riverview,33569,Hillsborough,-82.31936997,27.83315698,"-82.31936997, 27.83315698",17R LL 70070 79419,SHELTER,RISK,7,2003,3 Classroom,A, ,0,0,611,12210,0,0,611,12210,1049,"L, S",No,No,No,Yes,Yes, , , ,Yes,,,SHELTER,,Risk Shelter Inventory,Critical Community and Emergency Facilities,Regionally Significant,RSI_PT_343,,Southwest Florida Water Management District,FDEM,Risk Shelter Inventory - General - FDEM,,,,Tampa Bay,Southwest District,Southwest,7,69,20,Not Affected,Not Affected,Not Affected,Not Affected,Not Affected,Not Affected,Not Affected,Not Affected,Not Affected,Not Affected,Not Affected,Not Affected,Not Affected,Not Affected,Not Affected,Not Affected,Not Affected,Not Affected,Not Affected,Not Affected,Not Affected,565206.0879,426392.8145
678,653,Potter ES,3224 E. Cayuga St,Tampa,33610,Hillsborough,-82.423308,27.98743701,"-82.42330800, 27.98743701",17R LL 60032 96626,SHELTER,RISK,7,2003,11 Classroom,R, ,0,0,0,0,139,2779,139,2779,253,S-1467-2004,No,No,No,No,Yes, , , ,Yes,,,SHELTER,,Risk Shelter Inventory,Critical Community and Emergency Facilities,Regionally Significant,RSI_PT_678,Tampa,Southwest Florida Water Management District,FDEM,Risk Shelter Inventory - General - FDEM,,,,Tampa Bay,Southwest District,Southwest,7,63,16,Not Affected,Not Affected,Not Affected,Not Affected,Not Affected,Not Affected,Not Affected,Not Affected,Not Affected,Not Affected,Not Affected,Not Affected,Not Affected,Not Affected,Not Affected,Not Affected,Not Affected,Not Affected,Not Affected,Not Affected,Not Affected,554770.4835,443389.9414
679,654,Middleton HS,4801 N. 22nd Street,Tampa,33610,Hillsborough,-82.43354599,27.98984799,"-82.43354599, 27.98984799",17R LL 59028 96905,SHELTER,RISK,7,1999,2 Classroom,A, ,0,0,1593,31865,0,0,1593,31865,1149,"L, S",No,No,No,Yes,Yes, , , ,Yes,,,SHELTER,,Risk Shelter Inventory,Critical Community and Emergency Facilities,Regionally Significant,RSI_PT_679,Tampa,Southwest Florida Water Management District,FDEM,Risk Shelter Inventory - General - FDEM,,,,Tampa Bay,Southwest District,Southwest,7,63,16,Not Affected,Not Affected,Not Affected,Not Affected,Not Affected,Not Affected,Not Affected,Not Affected,Not Affected,Not Affected,Not Affected,Not Affected,Not Affected,Not Affected,Not Affected,Not Affected,Not Affected,Not Affected,Not Affected,Not Affected,Not Affected,553762.1597,443644.863
680,655,Lewis ES,6700 E. Whiteway Dr,Temple Terrace,33617,Hillsborough,-82.37305586,28.04711579,"-82.37305586, 28.04711579",17R LM 65049 03182,SHELTER,RISK,7,2003,9 Classroom,R, ,0,0,0,0,160,3193,160,3193,297,S-1467-2004,No,No,No,No,Yes, , , ,Yes,,,SHELTER,,Risk Shelter Inventory,Critical Community and Emergency Facilities,Regionally Significant,RSI_PT_680,Temple Terrace,Southwest Florida Water Management District,FDEM,Risk Shelter Inventory - General - FDEM,,,,Tampa Bay,Southwest District,Southwest,7,63,16,Not Affected,Not Affected,Not Affected,Not Affected,Not Affected,Not Affected,Not Affected,Not Affected,Not Affected,Not Affected,Not Affected,Not Affected,Not Affected,Not Affected,Not Affected,Not Affected,Not Affected,Not Affected,Low,Low,Low,559615.5887,450081.1008
681,656,Sickles HS,7950 Gunn Hwy,Tampa,33626,Hillsborough,-82.579861,28.07903198,"-82.57986100, 28.07903198",17R LM 44766 06964,SHELTER,RISK,7,2017,32 Classroom / Lab,A, ,0,0,396,7913,0,0,396,7913,720,"L, S",No,No,No,Yes,Yes, , , ,Yes,,,SHELTER,,Risk Shelter Inventory,Critical Community and Emergency Facilities,Regionally Significant,RSI_PT_571,,Southwest Florida Water Management District,FDEM,Risk Shelter Inventory - General - FDEM,,,,Tampa Bay,Southwest District,Southwest,7,66,14,Not Affected,Not Affected,Not Affected,Not Affected,Not Affected,Not Affected,Not Affected,Not Affected,Not Affected,Not Affected,Not Affected,Not Affected,Not Affected,Not Affected,Not Affected,Not Affected,Not Affected,Not Affected,Not Affected,Not Affected,Not Affected,539286.5762,453374.6771
682,657,Cork ES,3501 Cork Rd,Plant City,33565,Hillsborough,-82.175535,28.05013101,"-82.17553500, 28.05013101",17R LM 84467 03313,SHELTER,RISK,7,2004,6 Classroom,A, ,0,0,406,8110,0,0,406,8110,500,"L, S",No,No,No,Yes,Yes, , , ,Yes,,,SHELTER,,Risk Shelter Inventory,Critical Community and Emergency Facilities,Regionally Significant,RSI_PT_682,,Southwest Florida Water Management District,FDEM,Risk Shelter Inventory - General - FDEM,,,,Tampa Bay,Southwest District,Southwest,7,68,23,Not Affected,Not Affected,Not Affected,Not Affected,Not Affected,Not Affected,Not Affected,Not Affected,Not Affected,Not Affected,Not Affected,Not Affected,Not Affected,Not Affected,Not Affected,Not Affected,Not Affected,Not Affected,Not Affected,Not Affected,Not Affected,578987.595,450687.1076
683,658,Oak Park ES,2716 N 46th St,Tampa,33605,Hillsborough,-82.40710897,27.96755698,"-82.40710897, 27.96755698",17R LL 61600 94405,SHELTER,RISK,7,2004,2 Classroom,A, ,0,0,595,11900,0,0,595,11900,333,"L, S",E,5,No,Yes,Yes, , , , ,,,SHELTER,,Risk Shelter Inventory,Critical Community and Emergency Facilities,Regionally Significant,RSI_PT_379,Tampa,Southwest Florida Water Management District,FDEM,Risk Shelter Inventory - General - FDEM,,,,Tampa Bay,Southwest District,Southwest,7,63,16,Not Affected,Not Affected,Not Affected,Not Affected,Not Affected,Not Affected,Not Affected,Not Affected,Not Affected,Not Affected,Not Affected,Not Affected,Not Affected,Not Affected,Not Affected,Not Affected,Not Affected,Not Affected,Not Affected,Not Affected,Not Affected,556389.035,441202.781
684,659,Middleton HS,4801 N. 22nd Street,Tampa,33610,Hillsborough,-82.43354599,27.98984799,"-82.43354599, 27.98984799",17R LL 59028 96905,SHELTER,RISK,7,1999,3 Lab,A, ,0,0,906,18129,0,0,906,18129,1149,"L, S",No,No,No,Yes,Yes, , , ,Yes,,,SHELTER,,Risk Shelter Inventory,Critical Community and Emergency Facilities,Regionally Significant,RSI_PT_679,Tampa,Southwest Florida Water Management District,FDEM,Risk Shelter Inventory - General - FDEM,,,,Tampa Bay,Southwest District,Southwest,7,63,16,Not Affected,Not Affected,Not Affected,Not Affected,Not Affected,Not Affected,Not Affected,Not Affected,Not Affected,Not Affected,Not Affected,Not Affected,Not Affected,Not Affected,Not Affected,Not Affected,Not Affected,Not Affected,Not Affected,Not Affected,Not Affected,553762.1597,443644.863
685,660,Sheehy ES,6402 N. 40th St,Tampa,33610,Hillsborough,-82.41466902,28.00555701,"-82.41466902, 28.00555701",17R LL 60905 98624,SHELTER,RISK,7,2003,4 Classroom,A, ,0,0,796,15921,0,0,796,15921,625,"L, S",No,No,No,Yes,Yes, , , ,Yes,,,SHELTER,,Risk Shelter Inventory,Critical Community and Emergency Facilities,Regionally Significant,RSI_PT_685,Tampa,Southwest Florida Water Management District,FDEM,Risk Shelter Inventory - General - FDEM,,,,Tampa Bay,Southwest District,Southwest,7,63,16,Not Affected,Not Affected,Not Affected,Not Affected,Not Affected,Not Affected,Not Affected,Not Affected,Not Affected,Not Affected,Not Affected,Not Affected,Not Affected,Not Affected,Not Affected,Medium,Not Affected,Medium,High,High,High,555592.5821,445412.9707
686,661,McKitrick ES,5503 Lutz Lake Fern Rd,Lutz,33558,Hillsborough,-82.53012404,28.15650302,"-82.53012404, 28.15650302",17R LM 49762 15485,SHELTER,RISK,7,2000,2 Classroom,A, ,0,0,701,14024,0,0,701,14024,726,"L, S",No,No,No,Yes,Yes, , , ,Yes,,,SHELTER,,Risk Shelter Inventory,Critical Community and Emergency Facilities,Regionally Significant,RSI_PT_361,,Southwest Florida Water Management District,FDEM,Risk Shelter Inventory - General - FDEM,,,,Tampa Bay,Southwest District,Southwest,7,66,14,Not Affected,Not Affected,Not Affected,Not Affected,Not Affected,Not Affected,Not Affected,Not Affected,Not Affected,Not Affected,Not Affected,Not Affected,Not Affected,Not Affected,Not Affected,Not Affected,Not Affected,Not Affected,Not Affected,Not Affected,Not Affected,544061.9759,462034.8784
687,662,Summerfield Crossings ES,11050 Fairway Meadows Drive,Riverview,33579,Hillsborough,-82.32297,27.79988598,"-82.32297000, 27.79988598",17R LL 69676 75736,SHELTER,RISK,7,2005,5 Cafeteria,A, ,0,0,235,4696,0,0,235,4696,300,"L, S",No,No,No,Yes,Yes, , , ,Yes,,,SHELTER,,Risk Shelter Inventory,Critical Community and Emergency Facilities,Regionally Significant,RSI_PT_342,,Southwest Florida Water Management District,FDEM,Risk Shelter Inventory - General - FDEM,,,,Tampa Bay,Southwest District,Southwest,7,69,20,Not Affected,Not Affected,Not Affected,Not Affected,Not Affected,Not Affected,Not Affected,Not Affected,Not Affected,Not Affected,Not Affected,Not Affected,Not Affected,Not Affected,Not Affected,Not Affected,Not Affected,Not Affected,Not Affected,Not Affected,Not Affected,564902.4737,422693.4931
688,663,Potter ES,3224 E. Cayuga St,Tampa,33610,Hillsborough,-82.423308,27.98743701,"-82.42330800, 27.98743701",17R LL 60032 96626,SHELTER,RISK,7,2003,13 Classroom,R, ,0,0,0,0,140,2807,140,2807,253,S-1467-2004,No,No,No,No,Yes, , , ,Yes,,,SHELTER,,Risk Shelter Inventory,Critical Community and Emergency Facilities,Regionally Significant,RSI_PT_678,Tampa,Southwest Florida Water Management District,FDEM,Risk Shelter Inventory - General - FDEM,,,,Tampa Bay,Southwest District,Southwest,7,63,16,Not Affected,Not Affected,Not Affected,Not Affected,Not Affected,Not Affected,Not Affected,Not Affected,Not Affected,Not Affected,Not Affected,Not Affected,Not Affected,Not Affected,Not Affected,Not Affected,Not Affected,Not Affected,Not Affected,Not Affected,Not Affected,554770.4835,443389.9414
689,664,Bevis ES,5720 Osprey Ridge Dr,Lithia,33547,Hillsborough,-82.232398,27.84929998,"-82.23239800, 27.84929998",17R LL 78654 81118,SHELTER,RISK,7,1999,3 Classroom,A, ,0,0,526,10513,0,0,526,10513,411,"L, S",No,No,No,Yes,Yes, , , ,Yes,,,SHELTER,,Risk Shelter Inventory,Critical Community and Emergency Facilities,Regionally Significant,RSI_PT_674,,Southwest Florida Water Management District,FDEM,Risk Shelter Inventory - General - FDEM,,,,Tampa Bay,Southwest District,Southwest,7,69,20,Not Affected,Not Affected,Not Affected,Not Affected,Not Affected,Not Affected,Not Affected,Not Affected,Not Affected,Not Affected,Not Affected,Not Affected,Not Affected,Not Affected,Not Affected,Not Affected,Not Affected,Not Affected,Not Affected,Not Affected,Not Affected,573729.173,428304.8979
690,665,Hammonds ES,8008 N. Mobley RD,Odessa,33556,Hillsborough,-82.57467603,28.11371801,"-82.57467603, 28.11371801",17R LM 45325 10801,SHELTER,RISK,7,2005,2 Classroom,A, ,0,0,0,0,0,0,406,8120,0,"L, S",No,No,No,No,Yes, , , ,Yes,,,SHELTER,,Risk Shelter Inventory,Critical Community and Emergency Facilities,Regionally Significant,RSI_PT_352,,Southwest Florida Water Management District,FDEM,Risk Shelter Inventory - General - FDEM,,,,Tampa Bay,Southwest District,Southwest,7,66,14,Not Affected,Not Affected,Not Affected,Not Affected,Not Affected,Not Affected,Not Affected,Not Affected,Not Affected,Not Affected,Not Affected,Not Affected,Not Affected,Not Affected,Not Affected,Not Affected,Not Affected,Not Affected,Not Affected,Not Affected,Not Affected,539750.5689,457232.3863
691,666,Cypress Creek ES,4040 19th Ave NE,Ruskin,33573,Hillsborough,-82.36762199,27.739503,"-82.36762199, 27.73950300",17R LL 65202 69095,SHELTER,RISK,7,2006,16 Classroom,A, ,0,0,350,7008,0,0,350,7008,540,"L, S",No,No,No,Yes,Yes, , , ,Yes,,,SHELTER,,Risk Shelter Inventory,Critical Community and Emergency Facilities,Regionally Significant,RSI_PT_691,,Southwest Florida Water Management District,FDEM,Risk Shelter Inventory - General - FDEM,,,,Tampa Bay,Southwest District,Southwest,7,70,16,Not Affected,Not Affected,Not Affected,Not Affected,Not Affected,Not Affected,Not Affected,Not Affected,Not Affected,Not Affected,Not Affected,Not Affected,Not Affected,Not Affected,Not Affected,Not Affected,Not Affected,Not Affected,Not Affected,Not Affected,Not Affected,560600.8642,415929.4999
692,667,Simmons Career Center,1202 W Grant St,Plant City,33566,Hillsborough,-82.13448597,28.00428699,"-82.13448597, 28.00428699",17R LL 88454 98195,SHELTER,RISK,7,2003,1 Admin / ESE / Library,A, ,0,0,307,6134,0,0,307,6134,425,"L, S",No,No,No,Yes,Yes, , , ,Yes,,,SHELTER,,Risk Shelter Inventory,Critical Community and Emergency Facilities,Regionally Significant,RSI_PT_692,Plant City,Southwest Florida Water Management District,FDEM,Risk Shelter Inventory - General - FDEM,,,,Tampa Bay,Southwest District,Southwest,7,68,23,Not Affected,Not Affected,Not Affected,Not Affected,Not Affected,Not Affected,Not Affected,Not Affected,Not Affected,Not Affected,Not Affected,Not Affected,Not Affected,Not Affected,Not Affected,Not Affected,Not Affected,Not Affected,Not Affected,Not Affected,Not Affected,583091.3893,445656.7036
693,668,Bonifay K-8,140 Blue Devil Dr,Bonifay,32425,Holmes,-85.6796,30.793995,"-85.67960000, 30.79399500",16R FV 26328 07517,SHELTER,RISK,1,2015,2400 Classroom,A, ,0,0,481,9617,0,0,481,9617,144, ,No,No,No,Yes,Yes, , , , ,,,SHELTER,,Risk Shelter Inventory,Critical Community and Emergency Facilities,Regionally Significant,RSI_PT_693,Bonifay,Northwest Florida Water Management District,FDEM,Risk Shelter Inventory - General - FDEM,,,,Emerald Coast,Northwest District,Northwest,3,5,2,Not Affected,Not Affected,Not Affected,Not Affected,Not Affected,Not Affected,Not Affected,Not Affected,Not Affected,Not Affected,Not Affected,Not Affected,Not Affected,Not Affected,Not Affected,Not Affected,Not Affected,Not Affected,Not Affected,Not Affected,Not Affected,239372.4953,755092.463
694,669,Bonifay K-8,140 Blue Devil Dr,Bonifay,32425,Holmes,-85.6796,30.793995,"-85.67960000, 30.79399500",16R FV 26328 07517,SHELTER,RISK,1,2015,2100 Classroom,A, ,0,0,350,7004,0,0,350,7004,213, ,No,No,No,Yes,Yes, , , , ,,,SHELTER,,Risk Shelter Inventory,Critical Community and Emergency Facilities,Regionally Significant,RSI_PT_693,Bonifay,Northwest Florida Water Management District,FDEM,Risk Shelter Inventory - General - FDEM,,,,Emerald Coast,Northwest District,Northwest,3,5,2,Not Affected,Not Affected,Not Affected,Not Affected,Not Affected,Not Affected,Not Affected,Not Affected,Not Affected,Not Affected,Not Affected,Not Affected,Not Affected,Not Affected,Not Affected,Not Affected,Not Affected,Not Affected,Not Affected,Not Affected,Not Affected,239372.4953,755092.463
695,670,Bonifay K-8,140 Blue Devil Dr,Bonifay,32425,Holmes,-85.6796,30.793995,"-85.67960000, 30.79399500",16R FV 26328 07517,SHELTER,RISK,1,2015,1300 Classroom,A, ,0,0,0,0,0,0,165,3300,165, , , , ,No,Yes, , , , ,,,SHELTER,,Risk Shelter Inventory,Critical Community and Emergency Facilities,Regionally Significant,RSI_PT_693,Bonifay,Northwest Florida Water Management District,FDEM,Risk Shelter Inventory - General - FDEM,,,,Emerald Coast,Northwest District,Northwest,3,5,2,Not Affected,Not Affected,Not Affected,Not Affected,Not Affected,Not Affected,Not Affected,Not Affected,Not Affected,Not Affected,Not Affected,Not Affected,Not Affected,Not Affected,Not Affected,Not Affected,Not Affected,Not Affected,Not Affected,Not Affected,Not Affected,239372.4953,755092.463
696,671,Bonifay K-8,140 Blue Devil Dr,Bonifay,32425,Holmes,-85.6796,30.793995,"-85.67960000, 30.79399500",16R FV 26328 07517,SHELTER,RISK,1,2015,1400 Classroom,A, ,0,0,499,9974,0,0,499,9974,183, ,No,No,No,Yes,Yes, , , , ,,,SHELTER,,Risk Shelter Inventory,Critical Community and Emergency Facilities,Regionally Significant,RSI_PT_693,Bonifay,Northwest Florida Water Management District,FDEM,Risk Shelter Inventory - General - FDEM,,,,Emerald Coast,Northwest District,Northwest,3,5,2,Not Affected,Not Affected,Not Affected,Not Affected,Not Affected,Not Affected,Not Affected,Not Affected,Not Affected,Not Affected,Not Affected,Not Affected,Not Affected,Not Affected,Not Affected,Not Affected,Not Affected,Not Affected,Not Affected,Not Affected,Not Affected,239372.4953,755092.463
697,672,New Hope VFD,1243 Hwy 179-A,Westville,32464,Holmes,-85.87730257,30.95259494,"-85.87730257, 30.95259494",16R FV 07235 24888,SHELTER,RISK,1,0,Main,R,"Yes, unknown kW",0,0,0,0,179,3585,179,3585,179,"L, S  F (EMPA)",No,No,No,No,Yes, , , , ,,,SHELTER,,Risk Shelter Inventory,Critical Community and Emergency Facilities,Regionally Significant,RSI_PT_697,,Northwest Florida Water Management District,FDEM,Risk Shelter Inventory - General - FDEM,,,,Emerald Coast,Northwest District,Northwest,3,5,2,Not Affected,Not Affected,Not Affected,Not Affected,Not Affected,Not Affected,Not Affected,Not Affected,Not Affected,Not Affected,Not Affected,Not Affected,Not Affected,Not Affected,Not Affected,Not Affected,Not Affected,Not Affected,Not Affected,Medium,Low,220734.5725,772958.4769
698,673,Poplar Springs HS,3726 Atomic Dr,Graceville,32440,Holmes,-85.57764326,30.95407325,"-85.57764326, 30.95407325",16R FV 35858 25379,SHELTER,RISK,1,2003,7 Cafeteria,A, ,0,0,249,4972,0,0,249,4972,534,L,No,No,No,Yes,Yes, , , ,Yes,,,SHELTER,,Risk Shelter Inventory,Critical Community and Emergency Facilities,Regionally Significant,RSI_PT_698,,Northwest Florida Water Management District,FDEM,Risk Shelter Inventory - General - FDEM,,,,Emerald Coast,Northwest District,Northwest,3,5,2,Not Affected,Not Affected,Not Affected,Not Affected,Not Affected,Not Affected,Not Affected,Not Affected,Not Affected,Not Affected,Not Affected,Not Affected,Not Affected,Not Affected,Not Affected,Not Affected,Not Affected,Not Affected,Not Affected,Not Affected,Not Affected,249349.7165,772721.6015
699,674,Bonifay K-8,140 Blue Devil Dr,Bonifay,32425,Holmes,-85.6796,30.793995,"-85.67960000, 30.79399500",16R FV 26328 07517,SHELTER,RISK,1,2015,1200 Classroom,A, ,0,0,0,0,0,0,183,3664,205, ,No,No,No,No,Yes, , , , ,,,SHELTER,,Risk Shelter Inventory,Critical Community and Emergency Facilities,Regionally Significant,RSI_PT_693,Bonifay,Northwest Florida Water Management District,FDEM,Risk Shelter Inventory - General - FDEM,,,,Emerald Coast,Northwest District,Northwest,3,5,2,Not Affected,Not Affected,Not Affected,Not Affected,Not Affected,Not Affected,Not Affected,Not Affected,Not Affected,Not Affected,Not Affected,Not Affected,Not Affected,Not Affected,Not Affected,Not Affected,Not Affected,Not Affected,Not Affected,Not Affected,Not Affected,239372.4953,755092.463
700,675,Bonifay K-8,140 Blue Devil Dr,Bonifay,32425,Holmes,-85.6796,30.793995,"-85.67960000, 30.79399500",16R FV 26328 07517,SHELTER,RISK,1,2015,2200 Classroom,A, ,0,0,0,0,0,0,143,2860,143, ,No,No,No,No,Yes, , , , ,,,SHELTER,,Risk Shelter Inventory,Critical Community and Emergency Facilities,Regionally Significant,RSI_PT_693,Bonifay,Northwest Florida Water Management District,FDEM,Risk Shelter Inventory - General - FDEM,,,,Emerald Coast,Northwest District,Northwest,3,5,2,Not Affected,Not Affected,Not Affected,Not Affected,Not Affected,Not Affected,Not Affected,Not Affected,Not Affected,Not Affected,Not Affected,Not Affected,Not Affected,Not Affected,Not Affected,Not Affected,Not Affected,Not Affected,Not Affected,Not Affected,Not Affected,239372.4953,755092.463
701,676,Bonifay K-8,140 Blue Devil Dr,Bonifay,32425,Holmes,-85.6796,30.793995,"-85.67960000, 30.79399500",16R FV 26328 07517,SHELTER,RISK,1,2015,2300 Classroom,A, ,0,0,0,0,0,0,123,3458,123, ,No,No,No,No,Yes, , , , ,,,SHELTER,,Risk Shelter Inventory,Critical Community and Emergency Facilities,Regionally Significant,RSI_PT_693,Bonifay,Northwest Florida Water Management District,FDEM,Risk Shelter Inventory - General - FDEM,,,,Emerald Coast,Northwest District,Northwest,3,5,2,Not Affected,Not Affected,Not Affected,Not Affected,Not Affected,Not Affected,Not Affected,Not Affected,Not Affected,Not Affected,Not Affected,Not Affected,Not Affected,Not Affected,Not Affected,Not Affected,Not Affected,Not Affected,Not Affected,Not Affected,Not Affected,239372.4953,755092.463
702,677,Bonifay K-8,140 Blue Devil Dr,Bonifay,32425,Holmes,-85.6796,30.793995,"-85.67960000, 30.79399500",16R FV 26328 07517,SHELTER,RISK,1,2015,1500 Gym,A, ,0,0,724,14473,0,0,724,14473,176, ,No,No,No,Yes,Yes, , , , ,,,SHELTER,,Risk Shelter Inventory,Critical Community and Emergency Facilities,Regionally Significant,RSI_PT_693,Bonifay,Northwest Florida Water Management District,FDEM,Risk Shelter Inventory - General - FDEM,,,,Emerald Coast,Northwest District,Northwest,3,5,2,Not Affected,Not Affected,Not Affected,Not Affected,Not Affected,Not Affected,Not Affected,Not Affected,Not Affected,Not Affected,Not Affected,Not Affected,Not Affected,Not Affected,Not Affected,Not Affected,Not Affected,Not Affected,Not Affected,Not Affected,Not Affected,239372.4953,755092.463
703,678,Storm Grove MS,6400 57th St,Vero beach,32958,Indian River,-80.45585404,27.702974,"-80.45585404, 27.70297400",17R NL 53648 64418,SHELTER,RISK,9,2009,5 Gym / Music,A, ,0,0,0,0,588,11755,588,11755,588, ,No,No,No,No,Yes, , , ,Yes,,,SHELTER,,Risk Shelter Inventory,Critical Community and Emergency Facilities,Regionally Significant,RSI_PT_703,,St. Johns River Water Management District,FDEM,Risk Shelter Inventory - General - FDEM,,,,Treasure Coast,Southeast District,Northeast,4,34,29,Not Affected,Not Affected,Not Affected,Not Affected,Not Affected,Not Affected,Not Affected,Not Affected,Not Affected,Not Affected,Not Affected,Not Affected,Not Affected,Not Affected,Not Affected,Not Affected,Not Affected,Not Affected,Not Affected,Not Affected,Not Affected,748768.1495,415822.179
704,679,Sebastian River HS,9001 90th Ave,Sebastian,32958,Indian River,-80.51124724,27.75671503,"-80.51124724, 27.75671503",17R NL 48163 70348,SHELTER,RISK,9,1993,7G Classroom,R,"Yes, unknown kW",0,0,0,0,109,2180,109,2180,109,HMGP,No,No,No,No,Yes, , , , ,,,SHELTER,,Risk Shelter Inventory,Critical Community and Emergency Facilities,Regionally Significant,RSI_PT_704,,St. Johns River Water Management District,FDEM,Risk Shelter Inventory - General - FDEM,,,,Treasure Coast,Southeast District,Northeast,4,34,29,Not Affected,Not Affected,Not Affected,Not Affected,Not Affected,Not Affected,Not Affected,Not Affected,Not Affected,Not Affected,Not Affected,Not Affected,Not Affected,Not Affected,Not Affected,Not Affected,Not Affected,Not Affected,Not Affected,Not Affected,Not Affected,743149.7251,421632.3699
705,680,Oslo MS,480 SW 20th St,Vero Beach,32962,Indian River,-80.38277842,27.56800707,"-80.38277842, 27.56800707",17R NL 60927 49501,SHELTER,RISK,9,1994,7 Classroom / Corridors,R, ,0,0,0,0,579,10718,579,11580,579,HMGP,No,No,No,No,Yes, , , ,Yes,,,SHELTER,,Risk Shelter Inventory,Critical Community and Emergency Facilities,Regionally Significant,RSI_PT_705,,St. Johns River Water Management District,FDEM,Risk Shelter Inventory - General - FDEM,,,,Treasure Coast,Southeast District,Northeast,4,34,29,Not Affected,Not Affected,Not Affected,Not Affected,Not Affected,Not Affected,Not Affected,Not Affected,Not Affected,Not Affected,Not Affected,Not Affected,Not Affected,Not Affected,Not Affected,Low,Not Affected,Medium,High,High,High,756396.8331,401049.4184
706,681,Vero Beach HS Freshman Learning Center,1507 19th St,Vero Beach,32960,Indian River,-80.40143697,27.63532998,"-80.40143697, 27.63532998",17R NL 59049 56950,SHELTER,RISK,9,1978,Main,R, ,0,0,0,0,1499,29980,1499,29980,0,S-1543,No,No,No,No,Yes, , , , ,,,SHELTER,,Risk Shelter Inventory,Critical Community and Emergency Facilities,Regionally Significant,RSI_PT_706,Vero Beach,St. Johns River Water Management District,FDEM,Risk Shelter Inventory - General - FDEM,,,,Treasure Coast,Southeast District,Northeast,4,34,29,Not Affected,Not Affected,Not Affected,Not Affected,Not Affected,Not Affected,Not Affected,Not Affected,Not Affected,Not Affected,Not Affected,Not Affected,Not Affected,Not Affected,Not Affected,Not Affected,Not Affected,Not Affected,Not Affected,Not Affected,Not Affected,754340.8333,408468.5778
707,682,Sebastian River HS,9001 90th Ave,Sebastian,32958,Indian River,-80.51124724,27.75671503,"-80.51124724, 27.75671503",17R NL 48163 70348,SHELTER,RISK,9,1993,11L Voc Classroom,R,"Yes, unknown kW",0,0,0,0,83,1660,83,1660,83,HMGP,No,No,No,No,Yes, , , , ,,,SHELTER,,Risk Shelter Inventory,Critical Community and Emergency Facilities,Regionally Significant,RSI_PT_704,,St. Johns River Water Management District,FDEM,Risk Shelter Inventory - General - FDEM,,,,Treasure Coast,Southeast District,Northeast,4,34,29,Not Affected,Not Affected,Not Affected,Not Affected,Not Affected,Not Affected,Not Affected,Not Affected,Not Affected,Not Affected,Not Affected,Not Affected,Not Affected,Not Affected,Not Affected,Not Affected,Not Affected,Not Affected,Not Affected,Not Affected,Not Affected,743149.7251,421632.3699
708,683,Sebastian River MS,9400 CR 512,Sebastian,32958,Indian River,-80.51783403,27.76753502,"-80.51783403, 27.76753502",17R NL 47509 71544,SHELTER,RISK,9,1977,1 Main,R,"Yes, unknown kW",0,0,0,0,2228,44551,2228,44551,2228,HMGP,No,No,No,No,Yes, , , , ,,,SHELTER,,Risk Shelter Inventory,Critical Community and Emergency Facilities,Regionally Significant,RSI_PT_708,,St. Johns River Water Management District,FDEM,Risk Shelter Inventory - General - FDEM,,,,Treasure Coast,Southeast District,Northeast,4,34,29,Not Affected,Not Affected,Not Affected,Not Affected,Not Affected,Not Affected,Not Affected,Not Affected,Not Affected,Not Affected,Not Affected,Not Affected,Not Affected,Not Affected,Not Affected,Medium,Medium,Medium,Medium,High,High,742468.1027,422815.1615
709,684,Sebastian River HS,9001 90th Ave,Sebastian,32958,Indian River,-80.51124724,27.75671503,"-80.51124724, 27.75671503",17R NL 48163 70348,SHELTER,RISK,9,1993,1A Auditorium,R,"Yes, unknown kW",0,0,0,0,410,8209,410,8209,0,HMGP,No,No,No,No,Yes, , , , ,,,SHELTER,,Risk Shelter Inventory,Critical Community and Emergency Facilities,Regionally Significant,RSI_PT_704,,St. Johns River Water Management District,FDEM,Risk Shelter Inventory - General - FDEM,,,,Treasure Coast,Southeast District,Northeast,4,34,29,Not Affected,Not Affected,Not Affected,Not Affected,Not Affected,Not Affected,Not Affected,Not Affected,Not Affected,Not Affected,Not Affected,Not Affected,Not Affected,Not Affected,Not Affected,Not Affected,Not Affected,Not Affected,Not Affected,Not Affected,Not Affected,743149.7251,421632.3699
710,685,Oslo MS,480 SW 20th St,Vero Beach,32962,Indian River,-80.38277842,27.56800707,"-80.38277842, 27.56800707",17R NL 60927 49501,SHELTER,RISK,9,1994,5 Music,R, ,0,0,0,0,158,3160,158,3160,158,HMGP,No,No,No,No,Yes, , , ,Yes,,,SHELTER,,Risk Shelter Inventory,Critical Community and Emergency Facilities,Regionally Significant,RSI_PT_705,,St. Johns River Water Management District,FDEM,Risk Shelter Inventory - General - FDEM,,,,Treasure Coast,Southeast District,Northeast,4,34,29,Not Affected,Not Affected,Not Affected,Not Affected,Not Affected,Not Affected,Not Affected,Not Affected,Not Affected,Not Affected,Not Affected,Not Affected,Not Affected,Not Affected,Not Affected,Low,Not Affected,Medium,High,High,High,756396.8331,401049.4184
711,686,Fellsmere ES,50 N Cypress St,Fellsmere,32948,Indian River,-80.60535802,27.770408,"-80.60535802, 27.77040800",17R NL 38884 71832,SHELTER,RISK,9,1982,1 (200s) Cafeteria,R,"Yes, unknown kW",0,0,0,0,286,5725,286,5725,286,HMGP,No,No,No,No,Yes, , , , ,,,SHELTER,,Risk Shelter Inventory,Critical Community and Emergency Facilities,Regionally Significant,RSI_PT_711,Fellsmere,St. Johns River Water Management District,FDEM,Risk Shelter Inventory - General - FDEM,,,,Treasure Coast,Southeast District,Northeast,4,34,29,Not Affected,Not Affected,Not Affected,Not Affected,Not Affected,Not Affected,Not Affected,Not Affected,Not Affected,Not Affected,Not Affected,Not Affected,Not Affected,Not Affected,Not Affected,Low,Low,Low,Medium,Medium,Medium,733853.6114,422894.0746
712,687,Storm Grove MS,6400 57th St,Vero beach,32958,Indian River,-80.45585404,27.702974,"-80.45585404, 27.70297400",17R NL 53648 64418,SHELTER,RISK,9,2009,3 Classroom,A, ,0,0,0,0,215,4297,215,4297,215, ,No,No,No,No,Yes, , , ,Yes,,,SHELTER,,Risk Shelter Inventory,Critical Community and Emergency Facilities,Regionally Significant,RSI_PT_703,,St. Johns River Water Management District,FDEM,Risk Shelter Inventory - General - FDEM,,,,Treasure Coast,Southeast District,Northeast,4,34,29,Not Affected,Not Affected,Not Affected,Not Affected,Not Affected,Not Affected,Not Affected,Not Affected,Not Affected,Not Affected,Not Affected,Not Affected,Not Affected,Not Affected,Not Affected,Not Affected,Not Affected,Not Affected,Not Affected,Not Affected,Not Affected,748768.1495,415822.179
713,688,Vero Beach ES,1770 12th St,Vero Beach,32960,Indian River,-80.40480297,27.62434299,"-80.40480297, 27.62434299",17R NL 58723 55731,SHELTER,RISK,9,2012,3 Classroom,A, ,0,0,0,0,515,10307,515,10307,515, ,No,No,No,No,Yes, , , ,Yes,,,SHELTER,,Risk Shelter Inventory,Critical Community and Emergency Facilities,Regionally Significant,RSI_PT_713,,St. Johns River Water Management District,FDEM,Risk Shelter Inventory - General - FDEM,,,,Treasure Coast,Southeast District,Northeast,4,34,29,Not Affected,Not Affected,Not Affected,Not Affected,Not Affected,Not Affected,Not Affected,Not Affected,Not Affected,Not Affected,Not Affected,Not Affected,Not Affected,Not Affected,Not Affected,Not Affected,Not Affected,Not Affected,Not Affected,Not Affected,Not Affected,754045.0524,407239.3285
714,689,Sebastian ES,400 Sebastian Blvd,Sebastian,32958,Indian River,-80.476858,27.80414,"-80.47685800, 27.80414000",17R NL 51529 75615,SHELTER,RISK,9,1996,9 Classroom / Corridors,A, ,0,0,0,0,371,7420,371,7420,371,HMGP,No,No,No,No,Yes, , , ,Yes,,,SHELTER,,Risk Shelter Inventory,Critical Community and Emergency Facilities,Regionally Significant,RSI_PT_714,Sebastian,St. Johns River Water Management District,FDEM,Risk Shelter Inventory - General - FDEM,,,,Treasure Coast,Southeast District,Northeast,4,34,29,Not Affected,Not Affected,Not Affected,Not Affected,Not Affected,Not Affected,Not Affected,Not Affected,Not Affected,Not Affected,Not Affected,Not Affected,Not Affected,Not Affected,Not Affected,Not Affected,Not Affected,Not Affected,Not Affected,Not Affected,Not Affected,746380.8451,426993.0461
715,690,Fellsmere ES,50 N Cypress St,Fellsmere,32948,Indian River,-80.60535802,27.770408,"-80.60535802, 27.77040800",17R NL 38884 71832,SHELTER,RISK,9,1991,7 Classroom / Music,R,"Yes, unknown kW",0,0,0,0,570,11400,570,11400,490,HMGP,No,No,No,No,Yes, , , , ,,,SHELTER,,Risk Shelter Inventory,Critical Community and Emergency Facilities,Regionally Significant,RSI_PT_711,Fellsmere,St. Johns River Water Management District,FDEM,Risk Shelter Inventory - General - FDEM,,,,Treasure Coast,Southeast District,Northeast,4,34,29,Not Affected,Not Affected,Not Affected,Not Affected,Not Affected,Not Affected,Not Affected,Not Affected,Not Affected,Not Affected,Not Affected,Not Affected,Not Affected,Not Affected,Not Affected,Low,Low,Low,Medium,Medium,Medium,733853.6114,422894.0746
716,691,Liberty Magnet School,6850 81st St,Vero Beach,32967,Indian River,-80.46525952,27.74151477,"-80.46525952, 27.74151477",17R NL 52702 68683,SHELTER,RISK,9,2005,1 Main,A, ,184,3680,0,0,0,0,184,3680,184, ,No,No,No,No,Yes, ,Yes, ,Yes,,,SHELTER,,Risk Shelter Inventory,Critical Community and Emergency Facilities,Regionally Significant,RSI_PT_716,,St. Johns River Water Management District,FDEM,Risk Shelter Inventory - General - FDEM,,,,Treasure Coast,Southeast District,Northeast,4,34,29,Not Affected,Not Affected,Not Affected,Not Affected,Not Affected,Not Affected,Not Affected,Not Affected,Not Affected,Not Affected,Not Affected,Not Affected,Not Affected,Not Affected,Not Affected,Not Affected,Not Affected,Not Affected,Low,Medium,Medium,747720.1734,420073.8603
717,692,Sebastian River HS,9001 90th Ave,Sebastian,32958,Indian River,-80.51124724,27.75671503,"-80.51124724, 27.75671503",17R NL 48163 70348,SHELTER,RISK,9,1993,10K Classroom,R,"Yes, unknown kW",0,0,0,0,185,3700,185,3700,185,HMGP,No,No,No,No,Yes, , , , ,,,SHELTER,,Risk Shelter Inventory,Critical Community and Emergency Facilities,Regionally Significant,RSI_PT_704,,St. Johns River Water Management District,FDEM,Risk Shelter Inventory - General - FDEM,,,,Treasure Coast,Southeast District,Northeast,4,34,29,Not Affected,Not Affected,Not Affected,Not Affected,Not Affected,Not Affected,Not Affected,Not Affected,Not Affected,Not Affected,Not Affected,Not Affected,Not Affected,Not Affected,Not Affected,Not Affected,Not Affected,Not Affected,Not Affected,Not Affected,Not Affected,743149.7251,421632.3699
718,693,Sebastian River HS,9001 90th Ave,Sebastian,32958,Indian River,-80.51124724,27.75671503,"-80.51124724, 27.75671503",17R NL 48163 70348,SHELTER,RISK,9,2001,21V Classroom,R,"Yes, unknown kW",0,0,0,0,684,13682,684,13682,324,HMGP,No,No,No,No,Yes, , , , ,,,SHELTER,,Risk Shelter Inventory,Critical Community and Emergency Facilities,Regionally Significant,RSI_PT_704,,St. Johns River Water Management District,FDEM,Risk Shelter Inventory - General - FDEM,,,,Treasure Coast,Southeast District,Northeast,4,34,29,Not Affected,Not Affected,Not Affected,Not Affected,Not Affected,Not Affected,Not Affected,Not Affected,Not Affected,Not Affected,Not Affected,Not Affected,Not Affected,Not Affected,Not Affected,Not Affected,Not Affected,Not Affected,Not Affected,Not Affected,Not Affected,743149.7251,421632.3699
719,694,Sebastian River HS,9001 90th Ave,Sebastian,32958,Indian River,-80.51124724,27.75671503,"-80.51124724, 27.75671503",17R NL 48163 70348,SHELTER,RISK,9,1993,3C Classroom,R,"Yes, unknown kW",0,0,0,0,217,4340,217,4340,217,HMGP,No,No,No,No,Yes, , , , ,,,SHELTER,,Risk Shelter Inventory,Critical Community and Emergency Facilities,Regionally Significant,RSI_PT_704,,St. Johns River Water Management District,FDEM,Risk Shelter Inventory - General - FDEM,,,,Treasure Coast,Southeast District,Northeast,4,34,29,Not Affected,Not Affected,Not Affected,Not Affected,Not Affected,Not Affected,Not Affected,Not Affected,Not Affected,Not Affected,Not Affected,Not Affected,Not Affected,Not Affected,Not Affected,Not Affected,Not Affected,Not Affected,Not Affected,Not Affected,Not Affected,743149.7251,421632.3699
720,695,Sebastian River HS,9001 90th Ave,Sebastian,32958,Indian River,-80.51124724,27.75671503,"-80.51124724, 27.75671503",17R NL 48163 70348,SHELTER,RISK,9,1993,6F Classroom,R,"Yes, unknown kW",0,0,0,0,306,6124,306,6124,145,HMGP,No,No,No,No,Yes, , , , ,,,SHELTER,,Risk Shelter Inventory,Critical Community and Emergency Facilities,Regionally Significant,RSI_PT_704,,St. Johns River Water Management District,FDEM,Risk Shelter Inventory - General - FDEM,,,,Treasure Coast,Southeast District,Northeast,4,34,29,Not Affected,Not Affected,Not Affected,Not Affected,Not Affected,Not Affected,Not Affected,Not Affected,Not Affected,Not Affected,Not Affected,Not Affected,Not Affected,Not Affected,Not Affected,Not Affected,Not Affected,Not Affected,Not Affected,Not Affected,Not Affected,743149.7251,421632.3699
721,696,Oslo MS,480 SW 20th St,Vero Beach,32962,Indian River,-80.38277842,27.56800707,"-80.38277842, 27.56800707",17R NL 60927 49501,SHELTER,RISK,9,1994,9 Classroom / Corridors,R, ,0,0,0,0,580,10699,580,11600,580,HMGP,No,No,No,No,Yes, , , ,Yes,,,SHELTER,,Risk Shelter Inventory,Critical Community and Emergency Facilities,Regionally Significant,RSI_PT_705,,St. Johns River Water Management District,FDEM,Risk Shelter Inventory - General - FDEM,,,,Treasure Coast,Southeast District,Northeast,4,34,29,Not Affected,Not Affected,Not Affected,Not Affected,Not Affected,Not Affected,Not Affected,Not Affected,Not Affected,Not Affected,Not Affected,Not Affected,Not Affected,Not Affected,Not Affected,Low,Not Affected,Medium,High,High,High,756396.8331,401049.4184
722,697,Gifford MS,4530 28th Ct,Vero Beach,32967,Indian River,-80.41413102,27.67578499,"-80.41413102, 27.67578499",17R NL 57776 61425,SHELTER,RISK,9,1964,6 Music,R, ,0,0,0,0,159,3180,159,3180,159,HMGP,No,No,No,No,Yes, , , , ,,,SHELTER,,Risk Shelter Inventory,Critical Community and Emergency Facilities,Regionally Significant,RSI_PT_722,,St. Johns River Water Management District,FDEM,Risk Shelter Inventory - General - FDEM,,,,Treasure Coast,Southeast District,Northeast,4,34,29,Not Affected,Not Affected,Not Affected,Not Affected,Not Affected,Not Affected,Not Affected,Not Affected,Not Affected,Not Affected,Not Affected,Not Affected,Not Affected,Not Affected,Not Affected,Not Affected,Not Affected,Not Affected,Not Affected,Not Affected,Not Affected,752960.6164,412922.7956
723,698,Sebastian River HS,9001 90th Ave,Sebastian,32958,Indian River,-80.51124724,27.75671503,"-80.51124724, 27.75671503",17R NL 48163 70348,SHELTER,RISK,9,1993,13N Admin / Classroom,R,"Yes, unknown kW",0,0,0,0,347,6932,347,6932,97,HMGP,No,No,No,No,Yes, , , , ,,,SHELTER,,Risk Shelter Inventory,Critical Community and Emergency Facilities,Regionally Significant,RSI_PT_704,,St. Johns River Water Management District,FDEM,Risk Shelter Inventory - General - FDEM,,,,Treasure Coast,Southeast District,Northeast,4,34,29,Not Affected,Not Affected,Not Affected,Not Affected,Not Affected,Not Affected,Not Affected,Not Affected,Not Affected,Not Affected,Not Affected,Not Affected,Not Affected,Not Affected,Not Affected,Not Affected,Not Affected,Not Affected,Not Affected,Not Affected,Not Affected,743149.7251,421632.3699
724,699,Gifford MS,4531 28th Ct,Vero Beach,32967,Indian River,-80.41448021,27.67551554,"-80.41448021, 27.67551554",17R NL 57741 61395,SHELTER,RISK,9,1994,12 Cafeteria,R, ,0,0,0,0,168,3360,168,3360,168,HMGP,No,No,No,No,Yes, , , , ,,,SHELTER,,Risk Shelter Inventory,Critical Community and Emergency Facilities,Regionally Significant,RSI_PT_724,,St. Johns River Water Management District,FDEM,Risk Shelter Inventory - General - FDEM,,,,Treasure Coast,Southeast District,Northeast,4,34,29,Not Affected,Not Affected,Not Affected,Not Affected,Not Affected,Not Affected,Not Affected,Not Affected,Not Affected,Not Affected,Not Affected,Not Affected,Not Affected,Not Affected,Not Affected,Low,Low,Low,Low,Low,Low,752927.1257,412891.8859
725,700,Vero Beach ES,1770 12th St,Vero Beach,32960,Indian River,-80.40480297,27.62434299,"-80.40480297, 27.62434299",17R NL 58723 55731,SHELTER,RISK,9,2012,2 ESE / Classroom,A, ,0,0,0,0,1578,31560,1578,31560,1578, ,No,No,No,No,Yes, , , ,Yes,,,SHELTER,,Risk Shelter Inventory,Critical Community and Emergency Facilities,Regionally Significant,RSI_PT_713,,St. Johns River Water Management District,FDEM,Risk Shelter Inventory - General - FDEM,,,,Treasure Coast,Southeast District,Northeast,4,34,29,Not Affected,Not Affected,Not Affected,Not Affected,Not Affected,Not Affected,Not Affected,Not Affected,Not Affected,Not Affected,Not Affected,Not Affected,Not Affected,Not Affected,Not Affected,Not Affected,Not Affected,Not Affected,Not Affected,Not Affected,Not Affected,754045.0524,407239.3285
726,701,Storm Grove MS,6400 57th St,Vero beach,32958,Indian River,-80.45585404,27.702974,"-80.45585404, 27.70297400",17R NL 53648 64418,SHELTER,RISK,9,2009,4 Classroom,A, ,0,0,0,0,211,4226,211,4226,211, ,No,No,No,No,Yes, , , , ,,,SHELTER,,Risk Shelter Inventory,Critical Community and Emergency Facilities,Regionally Significant,RSI_PT_703,,St. Johns River Water Management District,FDEM,Risk Shelter Inventory - General - FDEM,,,,Treasure Coast,Southeast District,Northeast,4,34,29,Not Affected,Not Affected,Not Affected,Not Affected,Not Affected,Not Affected,Not Affected,Not Affected,Not Affected,Not Affected,Not Affected,Not Affected,Not Affected,Not Affected,Not Affected,Not Affected,Not Affected,Not Affected,Not Affected,Not Affected,Not Affected,748768.1495,415822.179
727,702,Oslo MS,480 SW 20th St,Vero Beach,32962,Indian River,-80.38277842,27.56800707,"-80.38277842, 27.56800707",17R NL 60927 49501,SHELTER,RISK,9,1994,6 Cafeteria,R, ,0,0,0,0,243,4860,243,4860,243,HMGP,No,No,No,No,Yes, , , ,Yes,,,SHELTER,,Risk Shelter Inventory,Critical Community and Emergency Facilities,Regionally Significant,RSI_PT_705,,St. Johns River Water Management District,FDEM,Risk Shelter Inventory - General - FDEM,,,,Treasure Coast,Southeast District,Northeast,4,34,29,Not Affected,Not Affected,Not Affected,Not Affected,Not Affected,Not Affected,Not Affected,Not Affected,Not Affected,Not Affected,Not Affected,Not Affected,Not Affected,Not Affected,Not Affected,Low,Not Affected,Medium,High,High,High,756396.8331,401049.4184
728,703,Sebastian River HS,9001 90th Ave,Sebastian,32958,Indian River,-80.51124724,27.75671503,"-80.51124724, 27.75671503",17R NL 48163 70348,SHELTER,RISK,9,1993,12M Classroom,R,"Yes, unknown kW",0,0,0,0,298,5960,298,5960,298,HMGP,No,No,No,No,Yes, , , , ,,,SHELTER,,Risk Shelter Inventory,Critical Community and Emergency Facilities,Regionally Significant,RSI_PT_704,,St. Johns River Water Management District,FDEM,Risk Shelter Inventory - General - FDEM,,,,Treasure Coast,Southeast District,Northeast,4,34,29,Not Affected,Not Affected,Not Affected,Not Affected,Not Affected,Not Affected,Not Affected,Not Affected,Not Affected,Not Affected,Not Affected,Not Affected,Not Affected,Not Affected,Not Affected,Not Affected,Not Affected,Not Affected,Not Affected,Not Affected,Not Affected,743149.7251,421632.3699
729,704,Fellsmere ES,50 N Cypress St,Fellsmere,32948,Indian River,-80.60535802,27.770408,"-80.60535802, 27.77040800",17R NL 38884 71832,SHELTER,RISK,9,1982,1 (300s) Classroom / Corridors,R,"Yes, unknown kW",0,0,0,0,470,9405,470,9405,470,HMGP,No,No,No,No,Yes, , , , ,,,SHELTER,,Risk Shelter Inventory,Critical Community and Emergency Facilities,Regionally Significant,RSI_PT_711,Fellsmere,St. Johns River Water Management District,FDEM,Risk Shelter Inventory - General - FDEM,,,,Treasure Coast,Southeast District,Northeast,4,34,29,Not Affected,Not Affected,Not Affected,Not Affected,Not Affected,Not Affected,Not Affected,Not Affected,Not Affected,Not Affected,Not Affected,Not Affected,Not Affected,Not Affected,Not Affected,Low,Low,Low,Medium,Medium,Medium,733853.6114,422894.0746
730,705,Storm Grove MS,6400 57th St,Vero beach,32958,Indian River,-80.45585404,27.702974,"-80.45585404, 27.70297400",17R NL 53648 64418,SHELTER,RISK,9,2009,2 ESE / Classroom,A, ,0,0,0,0,214,4286,214,4286,214, ,No,No,No,No,Yes, , , ,Yes,,,SHELTER,,Risk Shelter Inventory,Critical Community and Emergency Facilities,Regionally Significant,RSI_PT_703,,St. Johns River Water Management District,FDEM,Risk Shelter Inventory - General - FDEM,,,,Treasure Coast,Southeast District,Northeast,4,34,29,Not Affected,Not Affected,Not Affected,Not Affected,Not Affected,Not Affected,Not Affected,Not Affected,Not Affected,Not Affected,Not Affected,Not Affected,Not Affected,Not Affected,Not Affected,Not Affected,Not Affected,Not Affected,Not Affected,Not Affected,Not Affected,748768.1495,415822.179
731,706,Sebastian River MS,9400 CR 512,Sebastian,32958,Indian River,-80.51783403,27.76753502,"-80.51783403, 27.76753502",17R NL 47509 71544,SHELTER,RISK,9,2007,8 Music / Auditorium,A,"Yes, unknown kW",0,0,0,0,283,5660,283,5660,0, ,No,No,No,No,Yes, , , , ,,,SHELTER,,Risk Shelter Inventory,Critical Community and Emergency Facilities,Regionally Significant,RSI_PT_708,,St. Johns River Water Management District,FDEM,Risk Shelter Inventory - General - FDEM,,,,Treasure Coast,Southeast District,Northeast,4,34,29,Not Affected,Not Affected,Not Affected,Not Affected,Not Affected,Not Affected,Not Affected,Not Affected,Not Affected,Not Affected,Not Affected,Not Affected,Not Affected,Not Affected,Not Affected,Medium,Medium,Medium,Medium,High,High,742468.1027,422815.1615
732,707,Osceola Magnet School,1110 18th Ave SW,Vero Beach,32962,Indian River,-80.40365297,27.58227199,"-80.40365297, 27.58227199",17R NL 58859 51071,SHELTER,RISK,9,1982,1 Cafeteria,A, ,111,2228,0,0,0,0,111,2228,111, ,No,No,No,No,Yes, , , , ,,,SHELTER,,Risk Shelter Inventory,Critical Community and Emergency Facilities,Regionally Significant,RSI_PT_732,,St. Johns River Water Management District,FDEM,Risk Shelter Inventory - General - FDEM,,,,Treasure Coast,Southeast District,Northeast,4,34,29,Not Affected,Not Affected,Not Affected,Not Affected,Not Affected,Not Affected,Not Affected,Not Affected,Not Affected,Not Affected,Not Affected,Not Affected,Not Affected,Not Affected,Not Affected,Not Affected,Not Affected,Not Affected,Not Affected,Not Affected,Not Affected,754294.502,402572.682
733,708,Sebastian River HS,9001 90th Ave,Sebastian,32958,Indian River,-80.51124724,27.75671503,"-80.51124724, 27.75671503",17R NL 48163 70348,SHELTER,RISK,9,1993,9J Cafeteria,R,"Yes, unknown kW",0,0,0,0,289,5780,289,5780,289,HMGP,No,No,No,No,Yes, , , , ,,,SHELTER,,Risk Shelter Inventory,Critical Community and Emergency Facilities,Regionally Significant,RSI_PT_704,,St. Johns River Water Management District,FDEM,Risk Shelter Inventory - General - FDEM,,,,Treasure Coast,Southeast District,Northeast,4,34,29,Not Affected,Not Affected,Not Affected,Not Affected,Not Affected,Not Affected,Not Affected,Not Affected,Not Affected,Not Affected,Not Affected,Not Affected,Not Affected,Not Affected,Not Affected,Not Affected,Not Affected,Not Affected,Not Affected,Not Affected,Not Affected,743149.7251,421632.3699
734,709,Oslo MS,480 SW 20th St,Vero Beach,32962,Indian River,-80.38277842,27.56800707,"-80.38277842, 27.56800707",17R NL 60927 49501,SHELTER,RISK,9,1994,2 Classroom / Corridors,R, ,0,0,0,0,579,10808,579,11580,579, ,No,No,No,No,Yes, , , ,Yes,,,SHELTER,,Risk Shelter Inventory,Critical Community and Emergency Facilities,Regionally Significant,RSI_PT_705,,St. Johns River Water Management District,FDEM,Risk Shelter Inventory - General - FDEM,,,,Treasure Coast,Southeast District,Northeast,4,34,29,Not Affected,Not Affected,Not Affected,Not Affected,Not Affected,Not Affected,Not Affected,Not Affected,Not Affected,Not Affected,Not Affected,Not Affected,Not Affected,Not Affected,Not Affected,Low,Not Affected,Medium,High,High,High,756396.8331,401049.4184
735,710,Sebastian River HS,9001 90th Ave,Sebastian,32958,Indian River,-80.51124724,27.75671503,"-80.51124724, 27.75671503",17R NL 48163 70348,SHELTER,RISK,9,1993,2B Music,R,"Yes, unknown kW",0,0,0,0,236,4722,236,4722,0,HMGP,No,No,No,No,Yes, , , , ,,,SHELTER,,Risk Shelter Inventory,Critical Community and Emergency Facilities,Regionally Significant,RSI_PT_704,,St. Johns River Water Management District,FDEM,Risk Shelter Inventory - General - FDEM,,,,Treasure Coast,Southeast District,Northeast,4,34,29,Not Affected,Not Affected,Not Affected,Not Affected,Not Affected,Not Affected,Not Affected,Not Affected,Not Affected,Not Affected,Not Affected,Not Affected,Not Affected,Not Affected,Not Affected,Not Affected,Not Affected,Not Affected,Not Affected,Not Affected,Not Affected,743149.7251,421632.3699
736,711,Marianna HS,3546 Caverns Rd,Marianna,32446,Jackson,-85.19870908,30.81237621,"-85.19870908, 30.81237621",16R FV 72311 10196,SHELTER,RISK,2,2003,1A Media,A, ,0,0,418,8355,0,0,418,8355,354, ,No,No,No,Yes,Yes, , , ,Yes,,,SHELTER,,Risk Shelter Inventory,Critical Community and Emergency Facilities,Regionally Significant,RSI_PT_736,Marianna,Northwest Florida Water Management District,FDEM,Risk Shelter Inventory - General - FDEM,,,,Apalachee,Northwest District,Northwest,3,5,2,Not Affected,Not Affected,Not Affected,Not Affected,Not Affected,Not Affected,Not Affected,Not Affected,Not Affected,Not Affected,Not Affected,Not Affected,Not Affected,Not Affected,Not Affected,Not Affected,Not Affected,Not Affected,Not Affected,Not Affected,Not Affected,285380.2847,756594.9954
737,712,Marianna HS,3546 Caverns Rd,Marianna,32446,Jackson,-85.19870908,30.81237621,"-85.19870908, 30.81237621",16R FV 72311 10196,SHELTER,RISK,2,2003,1F Classroom,A, ,0,0,770,15391,0,0,770,15391,228, ,No,No,No,Yes,Yes, , , ,Yes,,,SHELTER,,Risk Shelter Inventory,Critical Community and Emergency Facilities,Regionally Significant,RSI_PT_736,Marianna,Northwest Florida Water Management District,FDEM,Risk Shelter Inventory - General - FDEM,,,,Apalachee,Northwest District,Northwest,3,5,2,Not Affected,Not Affected,Not Affected,Not Affected,Not Affected,Not Affected,Not Affected,Not Affected,Not Affected,Not Affected,Not Affected,Not Affected,Not Affected,Not Affected,Not Affected,Not Affected,Not Affected,Not Affected,Not Affected,Not Affected,Not Affected,285380.2847,756594.9954
738,713,Marianna HS,3546 Caverns Rd,Marianna,32446,Jackson,-85.19870908,30.81237621,"-85.19870908, 30.81237621",16R FV 72311 10196,SHELTER,RISK,2,2003,1C Admin / Classroom,A, ,0,0,332,6649,0,0,332,6649,284, ,No,No,No,Yes,Yes, , , ,Yes,,,SHELTER,,Risk Shelter Inventory,Critical Community and Emergency Facilities,Regionally Significant,RSI_PT_736,Marianna,Northwest Florida Water Management District,FDEM,Risk Shelter Inventory - General - FDEM,,,,Apalachee,Northwest District,Northwest,3,5,2,Not Affected,Not Affected,Not Affected,Not Affected,Not Affected,Not Affected,Not Affected,Not Affected,Not Affected,Not Affected,Not Affected,Not Affected,Not Affected,Not Affected,Not Affected,Not Affected,Not Affected,Not Affected,Not Affected,Not Affected,Not Affected,285380.2847,756594.9954
739,714,Chipola Junior College,3094 Indian Cir,Marianna,32446,Jackson,-85.23114629,30.78824971,"-85.23114629, 30.78824971",16R FV 69250 07472,SHELTER,RISK,2,1997,Public Services Center,R, ,0,0,0,0,499,9980,499,9980,499,"F,S",No,No,No,No,Yes, , , ,Yes,,,SHELTER,,Risk Shelter Inventory,Critical Community and Emergency Facilities,Regionally Significant,RSI_PT_739,Marianna,Northwest Florida Water Management District,FDEM,Risk Shelter Inventory - General - FDEM,,,,Apalachee,Northwest District,Northwest,3,5,2,Not Affected,Not Affected,Not Affected,Not Affected,Not Affected,Not Affected,Not Affected,Not Affected,Not Affected,Not Affected,Not Affected,Not Affected,Not Affected,Not Affected,Not Affected,Not Affected,Not Affected,Not Affected,Not Affected,Not Affected,Not Affected,282252.0391,753948.8912
740,715,Marianna HS,3546 Caverns Rd,Marianna,32446,Jackson,-85.19870908,30.81237621,"-85.19870908, 30.81237621",16R FV 72311 10196,SHELTER,RISK,2,2003,1D Classroom,A, ,0,0,586,11725,0,0,586,11725,354, ,No,No,No,Yes,Yes, , , ,Yes,,,SHELTER,,Risk Shelter Inventory,Critical Community and Emergency Facilities,Regionally Significant,RSI_PT_736,Marianna,Northwest Florida Water Management District,FDEM,Risk Shelter Inventory - General - FDEM,,,,Apalachee,Northwest District,Northwest,3,5,2,Not Affected,Not Affected,Not Affected,Not Affected,Not Affected,Not Affected,Not Affected,Not Affected,Not Affected,Not Affected,Not Affected,Not Affected,Not Affected,Not Affected,Not Affected,Not Affected,Not Affected,Not Affected,Not Affected,Not Affected,Not Affected,285380.2847,756594.9954
741,716,Marianna HS,3546 Caverns Rd,Marianna,32446,Jackson,-85.19870908,30.81237621,"-85.19870908, 30.81237621",16R FV 72311 10196,SHELTER,RISK,2,2003,1E Cafeteria,A, ,0,0,239,4770,0,0,239,4770,253, ,No,No,No,Yes,Yes, , , ,Yes,,,SHELTER,,Risk Shelter Inventory,Critical Community and Emergency Facilities,Regionally Significant,RSI_PT_736,Marianna,Northwest Florida Water Management District,FDEM,Risk Shelter Inventory - General - FDEM,,,,Apalachee,Northwest District,Northwest,3,5,2,Not Affected,Not Affected,Not Affected,Not Affected,Not Affected,Not Affected,Not Affected,Not Affected,Not Affected,Not Affected,Not Affected,Not Affected,Not Affected,Not Affected,Not Affected,Not Affected,Not Affected,Not Affected,Not Affected,Not Affected,Not Affected,285380.2847,756594.9954
742,717,Marianna HS,3546 Caverns Rd,Marianna,32446,Jackson,-85.19870908,30.81237621,"-85.19870908, 30.81237621",16R FV 72311 10196,SHELTER,RISK,2,2003,1B Auditorium / Gym,A, ,0,0,1017,20338,0,0,1017,20338,1429, ,No,No,No,Yes,Yes, , , ,Yes,,,SHELTER,,Risk Shelter Inventory,Critical Community and Emergency Facilities,Regionally Significant,RSI_PT_736,Marianna,Northwest Florida Water Management District,FDEM,Risk Shelter Inventory - General - FDEM,,,,Apalachee,Northwest District,Northwest,3,5,2,Not Affected,Not Affected,Not Affected,Not Affected,Not Affected,Not Affected,Not Affected,Not Affected,Not Affected,Not Affected,Not Affected,Not Affected,Not Affected,Not Affected,Not Affected,Not Affected,Not Affected,Not Affected,Not Affected,Not Affected,Not Affected,285380.2847,756594.9954
743,718,Jefferson County Somerset Academy,50 David Rd,Monticello,32344,Jefferson,-83.88093085,30.49099379,"-83.88093085, 30.49099379",17R KP 23461 76723,SHELTER,RISK,2,2003,8 Gym / Cafeteria,A,200 kW for campus,0,0,689,13784,0,0,689,13784,689,L,No,No,No,Yes,Yes, , , , ,,,SHELTER,,Risk Shelter Inventory,Critical Community and Emergency Facilities,Regionally Significant,RSI_PT_743,,Northwest Florida Water Management District,FDEM,Risk Shelter Inventory - General - FDEM,,,,Apalachee,Northwest District,Northwest,3,9,3,Not Affected,Not Affected,Not Affected,Not Affected,Not Affected,Not Affected,Not Affected,Not Affected,Not Affected,Not Affected,Not Affected,Not Affected,Not Affected,Not Affected,Not Affected,Not Affected,Not Affected,Not Affected,Not Affected,Not Affected,Not Affected,411419.9187,720382.5369
744,719,Lafayette HS,160 NE Hornet Dr,Mayo,32066,Lafayette,-83.16836003,30.05387002,"-83.16836003, 30.05387002",17R KP 90954 26736,SHELTER,RISK,3,1991,6 Classroom / Music,A,"Yes, unknown kW",0,0,0,0,0,0,111,2226,0, ,No,No,No,No,Yes, , , , ,,,SHELTER,,Risk Shelter Inventory,Critical Community and Emergency Facilities,Regionally Significant,RSI_PT_744,Mayo,Suwannee River Water Management District,FDEM,Risk Shelter Inventory - General - FDEM,,,,North Central Florida,Northeast District,Northwest,2,7,3,Not Affected,Not Affected,Not Affected,Not Affected,Not Affected,Not Affected,Not Affected,Not Affected,Not Affected,Not Affected,Not Affected,Not Affected,Not Affected,Not Affected,Not Affected,Not Affected,Not Affected,Not Affected,Not Affected,Not Affected,Not Affected,480089.1655,672130.9974
745,720,Mount Dora HS,700 N Highland St,Mount Dora,32757,Lake,-81.63509998,28.802545,"-81.63509998, 28.80254500",17R MM 38023 86275,SHELTER,RISK,5,2004,7 Cafeteria,A, ,0,0,428,8550,0,0,428,8550,0,L,No,No,No,Yes,Yes, , , , ,,,SHELTER,,Risk Shelter Inventory,Critical Community and Emergency Facilities,Regionally Significant,RSI_PT_745,Mount Dora,St. Johns River Water Management District,FDEM,Risk Shelter Inventory - General - FDEM,,,,East Central Florida,Central District,Northeast,5,26,13,Not Affected,Not Affected,Not Affected,Not Affected,Not Affected,Not Affected,Not Affected,Not Affected,Not Affected,Not Affected,Not Affected,Not Affected,Not Affected,Not Affected,Not Affected,Not Affected,Not Affected,Not Affected,Low,Low,Low,630398.3613,535132.2628
746,721,Pine Ridge ES,10245 CR 561,Clermont,34711,Lake,-81.78670203,28.49556701,"-81.78670203, 28.49556701",17R MM 23004 52353,SHELTER,RISK,5,2002,6 Classroom,A, ,0,0,187,3732,0,0,187,3732,249,L,No,No,No,Yes,Yes, , , ,Yes,,,SHELTER,,Risk Shelter Inventory,Critical Community and Emergency Facilities,Regionally Significant,RSI_PT_746,,St. Johns River Water Management District,FDEM,Risk Shelter Inventory - General - FDEM,,,,East Central Florida,Central District,Northeast,5,25,13,Not Affected,Not Affected,Not Affected,Not Affected,Not Affected,Not Affected,Not Affected,Not Affected,Not Affected,Not Affected,Not Affected,Not Affected,Not Affected,Not Affected,Not Affected,Medium,Medium,Medium,Medium,Medium,Medium,616242.153,500772.2577
747,722,South Lake HS,15601 Silver Lake Rd,Groveland,34736,Lake,-81.8185772,28.57331734,"-81.81857720, 28.57331734",17R MM 19943 60987,SHELTER,RISK,5,2004,15 Cafeteria,A, ,0,0,396,7927,0,0,396,7927,392, ,No,No,No,Yes,Yes, , , ,Yes,,,SHELTER,,Risk Shelter Inventory,Critical Community and Emergency Facilities,Regionally Significant,RSI_PT_747,Groveland,St. Johns River Water Management District,FDEM,Risk Shelter Inventory - General - FDEM,,,,East Central Florida,Central District,Northeast,5,25,13,Not Affected,Not Affected,Not Affected,Not Affected,Not Affected,Not Affected,Not Affected,Not Affected,Not Affected,Not Affected,Not Affected,Not Affected,Not Affected,Not Affected,Not Affected,Not Affected,Not Affected,Not Affected,Not Affected,Not Affected,Not Affected,612975.4959,509350.046
748,723,East Ridge MS,13201 Excalibur Rd,Clemont,34711,Lake,-81.72005702,28.53894701,"-81.72005702, 28.53894701",17R MM 29556 57118,SHELTER,RISK,5,2007,4 Cafeteria,A, ,0,0,352,7033,0,0,352,7033,1106, ,No,No,No,Yes,Yes, , , , ,,,SHELTER,,Risk Shelter Inventory,Critical Community and Emergency Facilities,Regionally Significant,RSI_PT_748,,St. Johns River Water Management District,FDEM,Risk Shelter Inventory - General - FDEM,,,,East Central Florida,Central District,Northeast,5,25,13,Not Affected,Not Affected,Not Affected,Not Affected,Not Affected,Not Affected,Not Affected,Not Affected,Not Affected,Not Affected,Not Affected,Not Affected,Not Affected,Not Affected,Not Affected,High,High,High,High,High,High,622663.6614,505707.6715
749,724,Sawgrass Bay ES,16325 Superior Blvd,Clermont,34714,Lake,-81.68773296,28.40492201,"-81.68773296, 28.40492201",17R MM 32633 42251,SHELTER,RISK,5,2006,1 Main,A, ,0,0,2636,52710,0,0,2636,52710,2545,L,No,No,No,Yes,Yes, , , , ,,,SHELTER,,Risk Shelter Inventory,Critical Community and Emergency Facilities,Regionally Significant,RSI_PT_749,,St. Johns River Water Management District,FDEM,Risk Shelter Inventory - General - FDEM,,,,East Central Florida,Central District,Northeast,5,25,13,Not Affected,Not Affected,Not Affected,Not Affected,Not Affected,Not Affected,Not Affected,Not Affected,Not Affected,Not Affected,Not Affected,Not Affected,Not Affected,Not Affected,Not Affected,Not Affected,Not Affected,Not Affected,Low,Low,Low,626099.2033,490884.7449
750,725,Treadway ES,10619 Treadway School Rd,Leesburg,34748,Lake,-81.780182,28.84559701,"-81.78018200, 28.84559701",17R MM 23896 91129,SHELTER,RISK,5,2004,13 Cafeteria,A, ,0,0,193,3865,0,0,193,3865,212,L,No,No,No,Yes,Yes, ,Yes, , ,,,SHELTER,,Risk Shelter Inventory,Critical Community and Emergency Facilities,Regionally Significant,RSI_PT_750,,St. Johns River Water Management District,FDEM,Risk Shelter Inventory - General - FDEM,,,,East Central Florida,Central District,Northeast,5,26,13,Not Affected,Not Affected,Not Affected,Not Affected,Not Affected,Not Affected,Not Affected,Not Affected,Not Affected,Not Affected,Not Affected,Not Affected,Not Affected,Not Affected,Not Affected,Not Affected,Not Affected,Not Affected,Not Affected,Not Affected,Not Affected,616179.3858,539649.7509
751,726,Beverly Shores ES,1108 W Griffin Rd,Leesburg,34748,Lake,-81.881928,28.82980898,"-81.88192800, 28.82980898",17R MM 13958 89449,SHELTER,RISK,5,2004,15 Classroom,A,"Yes, unknown kW",0,0,280,5592,0,0,280,5592,382,L,No,No,No,Yes,Yes, , , , ,,,SHELTER,,Risk Shelter Inventory,Critical Community and Emergency Facilities,Regionally Significant,RSI_PT_751,Leesburg,St. Johns River Water Management District,FDEM,Risk Shelter Inventory - General - FDEM,,,,East Central Florida,Central District,Northeast,5,26,13,Not Affected,Not Affected,Not Affected,Not Affected,Not Affected,Not Affected,Not Affected,Not Affected,Not Affected,Not Affected,Not Affected,Not Affected,Not Affected,Not Affected,Not Affected,Not Affected,Not Affected,Not Affected,Not Affected,Not Affected,Not Affected,606301.8528,537722.4385
752,727,Lost Lake ES,1901 Johns Lake Rd,Clermont,34711,Lake,-81.72159139,28.52567145,"-81.72159139, 28.52567145",17R MM 29397 55648,SHELTER,RISK,5,1999,2 Classroom,A,"Yes, unknown kW",0,0,299,5986,0,0,299,5986,251,L,No,No,No,Yes,Yes, ,Yes, ,Yes,,,SHELTER,,Risk Shelter Inventory,Critical Community and Emergency Facilities,Regionally Significant,RSI_PT_752,Clermont,St. Johns River Water Management District,FDEM,Risk Shelter Inventory - General - FDEM,,,,East Central Florida,Central District,Northeast,5,25,13,Not Affected,Not Affected,Not Affected,Not Affected,Not Affected,Not Affected,Not Affected,Not Affected,Not Affected,Not Affected,Not Affected,Not Affected,Not Affected,Not Affected,Not Affected,Not Affected,Low,Not Affected,Not Affected,Not Affected,Not Affected,622541.0679,504230.8242
753,728,Round Lake Charter ES,31333 Round Lake Rd,Mt. Dora,32757,Lake,-81.59358097,28.80536701,"-81.59358097, 28.80536701",17R MM 42076 86566,SHELTER,RISK,5,2000,1 Admin / Media,A,180 kW for campus,0,0,51,1026,0,0,51,1026,83,L,No,No,No,Yes,Yes, ,Yes, ,Yes,,,SHELTER,,Risk Shelter Inventory,Critical Community and Emergency Facilities,Regionally Significant,RSI_PT_753,,St. Johns River Water Management District,FDEM,Risk Shelter Inventory - General - FDEM,,,,East Central Florida,Central District,Northeast,5,26,13,Not Affected,Not Affected,Not Affected,Not Affected,Not Affected,Not Affected,Not Affected,Not Affected,Not Affected,Not Affected,Not Affected,Not Affected,Not Affected,Not Affected,Not Affected,Medium,Not Affected,Medium,Medium,Medium,Medium,634436.6903,535523.8495
754,729,Umatilla ES,60 Smith St,Umatilla,32784,Lake,-81.66641602,28.92840799,"-81.66641602, 28.92840799",17R MN 35045 00236,SHELTER,RISK,5,2000,1 Admin / Media,A,"Yes, unknown kW",0,0,48,966,0,0,48,966,64,L,No,No,No,Yes,Yes, ,Yes, ,Yes,,,SHELTER,,Risk Shelter Inventory,Critical Community and Emergency Facilities,Regionally Significant,RSI_PT_754,Umatilla,St. Johns River Water Management District,FDEM,Risk Shelter Inventory - General - FDEM,,,,East Central Florida,Central District,Northeast,5,26,13,Not Affected,Not Affected,Not Affected,Not Affected,Not Affected,Not Affected,Not Affected,Not Affected,Not Affected,Not Affected,Not Affected,Not Affected,Not Affected,Not Affected,Not Affected,Not Affected,Not Affected,Not Affected,Not Affected,Not Affected,Not Affected,627083.3011,549048.8907
755,730,East Ridge MS,13201 Excalibur Rd,Clemont,34711,Lake,-81.72005702,28.53894701,"-81.72005702, 28.53894701",17R MM 29556 57118,SHELTER,RISK,5,2007,5 Music,A, ,0,0,0,0,0,0,157,3137,157, ,No,No,No,No,Yes, , , , ,,,SHELTER,,Risk Shelter Inventory,Critical Community and Emergency Facilities,Regionally Significant,RSI_PT_748,,St. Johns River Water Management District,FDEM,Risk Shelter Inventory - General - FDEM,,,,East Central Florida,Central District,Northeast,5,25,13,Not Affected,Not Affected,Not Affected,Not Affected,Not Affected,Not Affected,Not Affected,Not Affected,Not Affected,Not Affected,Not Affected,Not Affected,Not Affected,Not Affected,Not Affected,High,High,High,High,High,High,622663.6614,505707.6715
756,731,Carver MS,1200 N Beecher St,Leesburg,34745,Lake,-81.89512103,28.82689501,"-81.89512103, 28.82689501",17R MM 12668 89136,SHELTER,RISK,5,2005,3 Classroom,A, ,0,0,385,7703,0,0,385,7703,504,L,No,No,No,Yes,Yes, , , , ,,,SHELTER,,Risk Shelter Inventory,Critical Community and Emergency Facilities,Regionally Significant,RSI_PT_756,Leesburg,St. Johns River Water Management District,FDEM,Risk Shelter Inventory - General - FDEM,,,,East Central Florida,Central District,Northeast,5,26,13,Not Affected,Not Affected,Not Affected,Not Affected,Not Affected,Not Affected,Not Affected,Not Affected,Not Affected,Not Affected,Not Affected,Not Affected,Not Affected,Not Affected,Not Affected,Not Affected,Not Affected,Not Affected,Not Affected,Not Affected,Not Affected,605022.4899,537376.8805
757,732,Villages ES,695 Rolling Acres Rd,Lady Lake,32159,Lake,-81.93559297,28.930172,"-81.93559297, 28.93017200",17R MN 08809 00609,SHELTER,RISK,5,1999,2 Classroom,A,250 kW for campus,0,0,306,6111,0,0,306,6111,296,S-1523,No,No,No,Yes,Yes, , , , ,,,SHELTER,,Risk Shelter Inventory,Critical Community and Emergency Facilities,Regionally Significant,RSI_PT_757,Lady Lake,St. Johns River Water Management District,FDEM,Risk Shelter Inventory - General - FDEM,,,,East Central Florida,Central District,Northeast,5,26,13,Not Affected,Not Affected,Not Affected,Not Affected,Not Affected,Not Affected,Not Affected,Not Affected,Not Affected,Not Affected,Not Affected,Not Affected,Not Affected,Not Affected,Not Affected,Not Affected,Medium,Not Affected,Not Affected,Not Affected,Not Affected,600888.7614,548777.6537
758,733,South Lake HS,15600 Silver Lake Rd,Groveland,34736,Lake,-81.81766604,28.57413399,"-81.81766604, 28.57413399",17R MM 20033 61077,SHELTER,RISK,5,1992,2 Classroom,R, ,0,0,0,0,350,6990,350,6990,466,L,No,No,No,No,Yes, , , ,Yes,,,SHELTER,,Risk Shelter Inventory,Critical Community and Emergency Facilities,Regionally Significant,RSI_PT_758,,St. Johns River Water Management District,FDEM,Risk Shelter Inventory - General - FDEM,,,,East Central Florida,Central District,Northeast,5,25,13,Not Affected,Not Affected,Not Affected,Not Affected,Not Affected,Not Affected,Not Affected,Not Affected,Not Affected,Not Affected,Not Affected,Not Affected,Not Affected,Not Affected,Not Affected,Not Affected,Not Affected,Not Affected,Not Affected,Not Affected,Not Affected,613062.8396,509442.2986
759,734,Pine Ridge ES,10245 CR 561,Clermont,34711,Lake,-81.78670203,28.49556701,"-81.78670203, 28.49556701",17R MM 23004 52353,SHELTER,RISK,5,2002,3 Classroom,A, ,0,0,279,5572,0,0,279,5572,270,L,No,No,No,Yes,Yes, , , ,Yes,,,SHELTER,,Risk Shelter Inventory,Critical Community and Emergency Facilities,Regionally Significant,RSI_PT_746,,St. Johns River Water Management District,FDEM,Risk Shelter Inventory - General - FDEM,,,,East Central Florida,Central District,Northeast,5,25,13,Not Affected,Not Affected,Not Affected,Not Affected,Not Affected,Not Affected,Not Affected,Not Affected,Not Affected,Not Affected,Not Affected,Not Affected,Not Affected,Not Affected,Not Affected,Medium,Medium,Medium,Medium,Medium,Medium,616242.153,500772.2577
760,735,Treadway ES,10619 Treadway School Rd,Leesburg,34748,Lake,-81.780182,28.84559701,"-81.78018200, 28.84559701",17R MM 23896 91129,SHELTER,RISK,5,2004,11 Classroom,A, ,0,0,187,3738,0,0,187,3738,249,L,No,No,No,Yes,Yes, ,Yes, , ,,,SHELTER,,Risk Shelter Inventory,Critical Community and Emergency Facilities,Regionally Significant,RSI_PT_750,,St. Johns River Water Management District,FDEM,Risk Shelter Inventory - General - FDEM,,,,East Central Florida,Central District,Northeast,5,26,13,Not Affected,Not Affected,Not Affected,Not Affected,Not Affected,Not Affected,Not Affected,Not Affected,Not Affected,Not Affected,Not Affected,Not Affected,Not Affected,Not Affected,Not Affected,Not Affected,Not Affected,Not Affected,Not Affected,Not Affected,Not Affected,616179.3858,539649.7509
761,736,Carver MS,1200 N Beecher St,Leesburg,34745,Lake,-81.89512103,28.82689501,"-81.89512103, 28.82689501",17R MM 12668 89136,SHELTER,RISK,5,2005,5 Gym,A, ,0,0,0,0,0,0,563,11252,778,L,No,No,No,No,Yes, , , ,Yes,,,SHELTER,,Risk Shelter Inventory,Critical Community and Emergency Facilities,Regionally Significant,RSI_PT_756,Leesburg,St. Johns River Water Management District,FDEM,Risk Shelter Inventory - General - FDEM,,,,East Central Florida,Central District,Northeast,5,26,13,Not Affected,Not Affected,Not Affected,Not Affected,Not Affected,Not Affected,Not Affected,Not Affected,Not Affected,Not Affected,Not Affected,Not Affected,Not Affected,Not Affected,Not Affected,Not Affected,Not Affected,Not Affected,Not Affected,Not Affected,Not Affected,605022.4899,537376.8805
762,737,Grassy Lake ES,1100 Fosgate RD,Minneola,34714,Lake,-81.72943509,28.58294572,"-81.72943509, 28.58294572",17R MM 28668 61998,SHELTER,RISK,5,2006,1 Main,A, ,0,0,2636,52710,0,0,2636,52710,2675,L,No,No,No,Yes,Yes, , , , ,,,SHELTER,,Risk Shelter Inventory,Critical Community and Emergency Facilities,Regionally Significant,RSI_PT_762,Minneola,St. Johns River Water Management District,FDEM,Risk Shelter Inventory - General - FDEM,,,,East Central Florida,Central District,Northeast,5,25,13,Not Affected,Not Affected,Not Affected,Not Affected,Not Affected,Not Affected,Not Affected,Not Affected,Not Affected,Not Affected,Not Affected,Not Affected,Not Affected,Not Affected,Not Affected,Not Affected,Not Affected,Not Affected,Not Affected,Not Affected,Not Affected,621657.9187,510576.2514
763,738,Mascotte Charter ES,460 Midway Ave,Mascotte,34753,Lake,-81.88567303,28.57234001,"-81.88567303, 28.57234001",17R MM 13380 60926,SHELTER,RISK,5,2006,1 Main,A, ,0,0,1512,30239,0,0,1512,30239,929,L,No,No,No,Yes,Yes, , , , ,,,SHELTER,,Risk Shelter Inventory,Critical Community and Emergency Facilities,Regionally Significant,RSI_PT_763,Mascotte,St. Johns River Water Management District,FDEM,Risk Shelter Inventory - General - FDEM,,,,East Central Florida,Central District,Northeast,5,25,13,Not Affected,Not Affected,Not Affected,Not Affected,Not Affected,Not Affected,Not Affected,Not Affected,Not Affected,Not Affected,Not Affected,Not Affected,Not Affected,Not Affected,Not Affected,Not Affected,Not Affected,Not Affected,Not Affected,Not Affected,Not Affected,606427.345,509127.4246
764,739,Astatula ES,13925 Florida Ave,Astatula,34705,Lake,-81.72578697,28.71083499,"-81.72578697, 28.71083499",17R MM 29111 76164,SHELTER,RISK,5,1999,3 Cafeteria / Music,A,"Yes, unknown kW",0,0,231,4628,0,0,231,4628,315,S-1523,No,No,No,Yes,Yes, ,Yes, ,Yes,,,SHELTER,,Risk Shelter Inventory,Critical Community and Emergency Facilities,Regionally Significant,RSI_PT_764,Astatula,St. Johns River Water Management District,FDEM,Risk Shelter Inventory - General - FDEM,,,,East Central Florida,Central District,Northeast,5,25,13,Not Affected,Not Affected,Not Affected,Not Affected,Not Affected,Not Affected,Not Affected,Not Affected,Not Affected,Not Affected,Not Affected,Not Affected,Not Affected,Not Affected,Not Affected,Not Affected,Not Affected,Not Affected,Not Affected,Not Affected,Not Affected,621752.0994,524783.1105
765,740,Round Lake Charter ES,31333 Round Lake Rd,Mt. Dora,32757,Lake,-81.59358097,28.80536701,"-81.59358097, 28.80536701",17R MM 42076 86566,SHELTER,RISK,5,2000,4 Classroom,A,180 kW for campus,0,0,209,4172,0,0,209,4172,212,L,No,No,No,Yes,Yes, ,Yes, , ,,,SHELTER,,Risk Shelter Inventory,Critical Community and Emergency Facilities,Regionally Significant,RSI_PT_753,,St. Johns River Water Management District,FDEM,Risk Shelter Inventory - General - FDEM,,,,East Central Florida,Central District,Northeast,5,26,13,Not Affected,Not Affected,Not Affected,Not Affected,Not Affected,Not Affected,Not Affected,Not Affected,Not Affected,Not Affected,Not Affected,Not Affected,Not Affected,Not Affected,Not Affected,Medium,Not Affected,Medium,Medium,Medium,Medium,634436.6903,535523.8495
766,741,South Lake HS,15600 Silver Lake Rd,Groveland,34736,Lake,-81.81766604,28.57413399,"-81.81766604, 28.57413399",17R MM 20033 61077,SHELTER,RISK,5,1992,4 Classroom,R, ,0,0,0,0,199,3978,199,3978,265,L,No,No,No,No,Yes, , , ,Yes,,,SHELTER,,Risk Shelter Inventory,Critical Community and Emergency Facilities,Regionally Significant,RSI_PT_758,,St. Johns River Water Management District,FDEM,Risk Shelter Inventory - General - FDEM,,,,East Central Florida,Central District,Northeast,5,25,13,Not Affected,Not Affected,Not Affected,Not Affected,Not Affected,Not Affected,Not Affected,Not Affected,Not Affected,Not Affected,Not Affected,Not Affected,Not Affected,Not Affected,Not Affected,Not Affected,Not Affected,Not Affected,Not Affected,Not Affected,Not Affected,613062.8396,509442.2986
767,742,Tavares HS,603 New Hampshire Ave,Tavares,32778,Lake,-81.72844202,28.80699499,"-81.72844202, 28.80699499",17R MM 28917 86820,SHELTER,RISK,5,2003,7 Gym,A,"Yes, unknown kW",0,0,0,0,0,0,517,10334,413,L,No,No,No,No,Yes, , , , ,,,SHELTER,,Risk Shelter Inventory,Critical Community and Emergency Facilities,Regionally Significant,RSI_PT_767,Tavares,St. Johns River Water Management District,FDEM,Risk Shelter Inventory - General - FDEM,,,,East Central Florida,Central District,Northeast,5,26,13,Not Affected,Not Affected,Not Affected,Not Affected,Not Affected,Not Affected,Not Affected,Not Affected,Not Affected,Not Affected,Not Affected,Not Affected,Not Affected,Not Affected,Not Affected,Not Affected,Not Affected,Not Affected,Not Affected,Not Affected,Not Affected,621296.5392,535455.4046
768,743,Umatilla HS,320 N Trowell Ave,Umatilla,32784,Lake,-81.66429901,28.93057702,"-81.66429901, 28.93057702",17R MN 35253 00475,SHELTER,RISK,5,2003,28 Gym,A, ,0,0,0,0,0,0,467,9336,382,L,No,No,No,No,Yes, , , ,Yes,,,SHELTER,,Risk Shelter Inventory,Critical Community and Emergency Facilities,Regionally Significant,RSI_PT_768,Umatilla,St. Johns River Water Management District,FDEM,Risk Shelter Inventory - General - FDEM,,,,East Central Florida,Central District,Northeast,5,26,13,Not Affected,Not Affected,Not Affected,Not Affected,Not Affected,Not Affected,Not Affected,Not Affected,Not Affected,Not Affected,Not Affected,Not Affected,Not Affected,Not Affected,Not Affected,Not Affected,Not Affected,Not Affected,Not Affected,Not Affected,Not Affected,627284.7235,549293.6182
769,744,South Lake HS,15600 Silver Lake Rd,Groveland,34736,Lake,-81.81766604,28.57413399,"-81.81766604, 28.57413399",17R MM 20033 61077,SHELTER,RISK,5,1992,5 Classroom,R, ,0,0,0,0,110,2190,110,2190,100,L,No,No,No,No,Yes, , , ,Yes,,,SHELTER,,Risk Shelter Inventory,Critical Community and Emergency Facilities,Regionally Significant,RSI_PT_758,,St. Johns River Water Management District,FDEM,Risk Shelter Inventory - General - FDEM,,,,East Central Florida,Central District,Northeast,5,25,13,Not Affected,Not Affected,Not Affected,Not Affected,Not Affected,Not Affected,Not Affected,Not Affected,Not Affected,Not Affected,Not Affected,Not Affected,Not Affected,Not Affected,Not Affected,Not Affected,Not Affected,Not Affected,Not Affected,Not Affected,Not Affected,613062.8396,509442.2986
770,745,Round Lake Charter ES,31333 Round Lake Rd,Mt. Dora,32757,Lake,-81.59358097,28.80536701,"-81.59358097, 28.80536701",17R MM 42076 86566,SHELTER,RISK,5,2000,6 Classroom,A,180 kW for campus,0,0,187,3740,0,0,187,3740,249,S-1523,No,No,No,Yes,Yes, ,Yes, , ,,,SHELTER,,Risk Shelter Inventory,Critical Community and Emergency Facilities,Regionally Significant,RSI_PT_753,,St. Johns River Water Management District,FDEM,Risk Shelter Inventory - General - FDEM,,,,East Central Florida,Central District,Northeast,5,26,13,Not Affected,Not Affected,Not Affected,Not Affected,Not Affected,Not Affected,Not Affected,Not Affected,Not Affected,Not Affected,Not Affected,Not Affected,Not Affected,Not Affected,Not Affected,Medium,Not Affected,Medium,Medium,Medium,Medium,634436.6903,535523.8495
771,746,Fruitland Park ES,304 W Fountain St,Fruitland Park,34731,Lake,-81.90962801,28.85966599,"-81.90962801, 28.85966599",17R MM 11280 92777,SHELTER,RISK,5,2004,12 Classroom / Art / Music,A, ,0,0,247,4949,0,0,247,4949,272,L,No,No,No,Yes,Yes, , , , ,,,SHELTER,,Risk Shelter Inventory,Critical Community and Emergency Facilities,Regionally Significant,RSI_PT_771,Fruitland Park,St. Johns River Water Management District,FDEM,Risk Shelter Inventory - General - FDEM,,,,East Central Florida,Central District,Northeast,5,26,13,Not Affected,Not Affected,Not Affected,Not Affected,Not Affected,Not Affected,Not Affected,Not Affected,Not Affected,Not Affected,Not Affected,Not Affected,Not Affected,Not Affected,Not Affected,Not Affected,Not Affected,Not Affected,Not Affected,Not Affected,Not Affected,603547.9074,540991.5969
772,747,Mount Dora HS,700 N Highland St,Mount Dora,32757,Lake,-81.63509998,28.802545,"-81.63509998, 28.80254500",17R MM 38023 86275,SHELTER,RISK,5,2004,9 Gym,A, ,0,0,0,0,0,0,547,10942,543,L,No,No,No,No,Yes, , , , ,,,SHELTER,,Risk Shelter Inventory,Critical Community and Emergency Facilities,Regionally Significant,RSI_PT_745,Mount Dora,St. Johns River Water Management District,FDEM,Risk Shelter Inventory - General - FDEM,,,,East Central Florida,Central District,Northeast,5,26,13,Not Affected,Not Affected,Not Affected,Not Affected,Not Affected,Not Affected,Not Affected,Not Affected,Not Affected,Not Affected,Not Affected,Not Affected,Not Affected,Not Affected,Not Affected,Not Affected,Not Affected,Not Affected,Low,Low,Low,630398.3613,535132.2628
773,748,Eustis MS,18725 E Bates Ave,Eustis,32726,Lake,-81.646134,28.85950799,"-81.64613400, 28.85950799",17R MM 36980 92591,SHELTER,RISK,5,2005,5 Classroom,A, ,0,0,625,12505,0,0,625,12505,793,L,No,No,No,Yes,Yes, , , , ,,,SHELTER,,Risk Shelter Inventory,Critical Community and Emergency Facilities,Regionally Significant,RSI_PT_773,Eustis,St. Johns River Water Management District,FDEM,Risk Shelter Inventory - General - FDEM,,,,East Central Florida,Central District,Northeast,5,26,13,Not Affected,Not Affected,Not Affected,Not Affected,Not Affected,Not Affected,Not Affected,Not Affected,Not Affected,Not Affected,Not Affected,Not Affected,Not Affected,Not Affected,Not Affected,Low,Medium,Medium,Medium,Medium,Medium,629202.7695,541436.3972
774,749,Minneola Charter ES,300 E Pearl St,Minneola,34755,Lake,-81.74153598,28.58068801,"-81.74153598, 28.58068801",17R MM 27483 61755,SHELTER,RISK,5,2006,1 Main,A, ,0,0,1512,30239,0,0,1512,30239,500,L,No,No,No,Yes,Yes, , , , ,,,SHELTER,,Risk Shelter Inventory,Critical Community and Emergency Facilities,Regionally Significant,RSI_PT_774,Minneola,St. Johns River Water Management District,FDEM,Risk Shelter Inventory - General - FDEM,,,,East Central Florida,Central District,Northeast,5,25,13,Not Affected,Not Affected,Not Affected,Not Affected,Not Affected,Not Affected,Not Affected,Not Affected,Not Affected,Not Affected,Not Affected,Not Affected,Not Affected,Not Affected,Not Affected,High,High,High,High,High,High,620481.3255,510303.8683
775,750,Town of Lee-Publ. Saf / Emerg Shelter,304 Main St,Lee,32059,Lake,-81.646134,28.85950799,"-81.64613400, 28.85950799",17R MM 36980 92591,SHELTER,RISK,3,2003,Fire,A, ,0,0,0,0,0,0,232,4632,300,S - 01CP-04-03-50-02-217,No,No,No,No,Yes, ,Yes, , ,,,SHELTER,,Risk Shelter Inventory,Critical Community and Emergency Facilities,Regionally Significant,RSI_PT_775,Eustis,St. Johns River Water Management District,FDEM,Risk Shelter Inventory - General - FDEM,,,,East Central Florida,Central District,Northeast,5,26,13,Not Affected,Not Affected,Not Affected,Not Affected,Not Affected,Not Affected,Not Affected,Not Affected,Not Affected,Not Affected,Not Affected,Not Affected,Not Affected,Not Affected,Not Affected,Low,Medium,Medium,Medium,Medium,Medium,629202.7695,541436.3972
776,751,Beverly Shores ES,1108 W Griffin Rd,Leesburg,34748,Lake,-81.881928,28.82980898,"-81.88192800, 28.82980898",17R MM 13958 89449,SHELTER,RISK,5,2004,14 Art / Classroom,A,"Yes, unknown kW",0,0,198,3964,0,0,198,3964,167,L,No,No,No,Yes,Yes, , , , ,,,SHELTER,,Risk Shelter Inventory,Critical Community and Emergency Facilities,Regionally Significant,RSI_PT_751,Leesburg,St. Johns River Water Management District,FDEM,Risk Shelter Inventory - General - FDEM,,,,East Central Florida,Central District,Northeast,5,26,13,Not Affected,Not Affected,Not Affected,Not Affected,Not Affected,Not Affected,Not Affected,Not Affected,Not Affected,Not Affected,Not Affected,Not Affected,Not Affected,Not Affected,Not Affected,Not Affected,Not Affected,Not Affected,Not Affected,Not Affected,Not Affected,606301.8528,537722.4385
777,752,Umatilla ES,320 N Trowell Ave,Umatilla,32784,Lake,-81.66429901,28.93057702,"-81.66429901, 28.93057702",17R MN 35253 00475,SHELTER,RISK,5,2000,4 Cafeteria,A,180 kW,0,0,192,3842,0,0,192,3842,227,L,No,No,No,Yes,Yes, , , , ,,,SHELTER,,Risk Shelter Inventory,Critical Community and Emergency Facilities,Regionally Significant,RSI_PT_777,Umatilla,St. Johns River Water Management District,FDEM,Risk Shelter Inventory - General - FDEM,,,,East Central Florida,Central District,Northeast,5,26,13,Not Affected,Not Affected,Not Affected,Not Affected,Not Affected,Not Affected,Not Affected,Not Affected,Not Affected,Not Affected,Not Affected,Not Affected,Not Affected,Not Affected,Not Affected,Not Affected,Not Affected,Not Affected,Not Affected,Not Affected,Not Affected,627284.7235,549293.6182
778,753,South Lake HS,15600 Siver Eagle Rd,Groveland,34736,Lake,-81.81766604,28.57413399,"-81.81766604, 28.57413399",17R MM 20033 61077,SHELTER,RISK,5,2006,17 Classroom,A, ,0,0,753,15053,0,0,753,15053,929,L,No,No,No,Yes,Yes, , , , ,,,SHELTER,,Risk Shelter Inventory,Critical Community and Emergency Facilities,Regionally Significant,RSI_PT_758,,St. Johns River Water Management District,FDEM,Risk Shelter Inventory - General - FDEM,,,,East Central Florida,Central District,Northeast,5,25,13,Not Affected,Not Affected,Not Affected,Not Affected,Not Affected,Not Affected,Not Affected,Not Affected,Not Affected,Not Affected,Not Affected,Not Affected,Not Affected,Not Affected,Not Affected,Not Affected,Not Affected,Not Affected,Not Affected,Not Affected,Not Affected,613062.8396,509442.2986
779,754,Treadway ES,10619 Treadway School Rd,Leesburg,34748,Lake,-81.780182,28.84559701,"-81.78018200, 28.84559701",17R MM 23896 91129,SHELTER,RISK,5,2004,12 Classroom,A, ,0,0,244,4880,0,0,244,4880,272,L,No,No,No,Yes,Yes, ,Yes, , ,,,SHELTER,,Risk Shelter Inventory,Critical Community and Emergency Facilities,Regionally Significant,RSI_PT_750,,St. Johns River Water Management District,FDEM,Risk Shelter Inventory - General - FDEM,,,,East Central Florida,Central District,Northeast,5,26,13,Not Affected,Not Affected,Not Affected,Not Affected,Not Affected,Not Affected,Not Affected,Not Affected,Not Affected,Not Affected,Not Affected,Not Affected,Not Affected,Not Affected,Not Affected,Not Affected,Not Affected,Not Affected,Not Affected,Not Affected,Not Affected,616179.3858,539649.7509
780,755,Seminole Springs ES,26200 W Huff Rd,Eustis,32726,Lake,-81.52552897,28.85810398,"-81.52552897, 28.85810398",17R MM 48743 92378,SHELTER,RISK,5,1988,4 Cafeteria,R, ,0,0,0,0,190,3797,190,3797,198,S-1523,No,No,No,No,Yes, , , , ,,,SHELTER,,Risk Shelter Inventory,Critical Community and Emergency Facilities,Regionally Significant,RSI_PT_780,,St. Johns River Water Management District,FDEM,Risk Shelter Inventory - General - FDEM,,,,East Central Florida,Central District,Northeast,5,27,13,Not Affected,Not Affected,Not Affected,Not Affected,Not Affected,Not Affected,Not Affected,Not Affected,Not Affected,Not Affected,Not Affected,Not Affected,Not Affected,Not Affected,Not Affected,Not Affected,Not Affected,Not Affected,Not Affected,Not Affected,Not Affected,640948.0217,541510.42
781,756,East Ridge HS,13322 Excalibur Rd,Clermont,34711,Lake,-81.71594796,28.53872899,"-81.71594796, 28.53872899",17R MM 29958 57091,SHELTER,RISK,5,2006,21 Classroom,A, ,0,0,346,6911,0,0,346,6911,846,L,No,No,No,Yes,Yes, , , , ,,,SHELTER,,Risk Shelter Inventory,Critical Community and Emergency Facilities,Regionally Significant,RSI_PT_781,,St. Johns River Water Management District,FDEM,Risk Shelter Inventory - General - FDEM,,,,East Central Florida,Central District,Northeast,5,25,13,Not Affected,Not Affected,Not Affected,Not Affected,Not Affected,Not Affected,Not Affected,Not Affected,Not Affected,Not Affected,Not Affected,Not Affected,Not Affected,Not Affected,Not Affected,Not Affected,Not Affected,Not Affected,Not Affected,Not Affected,Not Affected,623065.3627,505690.8903
782,757,Umatilla ES,60 Smith St,Umatilla,32784,Lake,-81.66641602,28.92840799,"-81.66641602, 28.92840799",17R MN 35045 00236,SHELTER,RISK,5,2000,6 Classroom,A,180 kW,0,0,186,3728,0,0,186,3728,249,L,No,No,No,Yes,Yes, ,Yes, , ,,,SHELTER,,Risk Shelter Inventory,Critical Community and Emergency Facilities,Regionally Significant,RSI_PT_754,Umatilla,St. Johns River Water Management District,FDEM,Risk Shelter Inventory - General - FDEM,,,,East Central Florida,Central District,Northeast,5,26,13,Not Affected,Not Affected,Not Affected,Not Affected,Not Affected,Not Affected,Not Affected,Not Affected,Not Affected,Not Affected,Not Affected,Not Affected,Not Affected,Not Affected,Not Affected,Not Affected,Not Affected,Not Affected,Not Affected,Not Affected,Not Affected,627083.3011,549048.8907
783,758,Tavares MS,13032 Lane Park Cutoff,Tavares,32778,Lake,-81.74224577,28.77189104,"-81.74224577, 28.77189104",17R MM 27546 82939,SHELTER,RISK,5,2003,5 ESE Classroom,A, ,0,0,599,11976,0,0,599,11976,632,L,No,No,No,Yes,Yes, ,Yes, , ,,,SHELTER,,Risk Shelter Inventory,Critical Community and Emergency Facilities,Regionally Significant,RSI_PT_783,Tavares,St. Johns River Water Management District,FDEM,Risk Shelter Inventory - General - FDEM,,,,East Central Florida,Central District,Northeast,5,26,13,Not Affected,Not Affected,Not Affected,Not Affected,Not Affected,Not Affected,Not Affected,Not Affected,Not Affected,Not Affected,Not Affected,Not Affected,Not Affected,Not Affected,Not Affected,Not Affected,Not Affected,Not Affected,Not Affected,Not Affected,Not Affected,620023.2923,531532.9718
784,759,Villages ES,695 Rolling Acres Rd,Lady Lake,32159,Lake,-81.93559297,28.930172,"-81.93559297, 28.93017200",17R MN 08809 00609,SHELTER,RISK,5,1999,3 Cafeteria,A,250 kW for campus,0,0,213,4267,0,0,213,4267,315,S-1523,No,No,No,Yes,Yes, , , , ,,,SHELTER,,Risk Shelter Inventory,Critical Community and Emergency Facilities,Regionally Significant,RSI_PT_757,Lady Lake,St. Johns River Water Management District,FDEM,Risk Shelter Inventory - General - FDEM,,,,East Central Florida,Central District,Northeast,5,26,13,Not Affected,Not Affected,Not Affected,Not Affected,Not Affected,Not Affected,Not Affected,Not Affected,Not Affected,Not Affected,Not Affected,Not Affected,Not Affected,Not Affected,Not Affected,Not Affected,Medium,Not Affected,Not Affected,Not Affected,Not Affected,600888.7614,548777.6537
785,760,Astatula ES,13925 Florida Ave,Astatula,34705,Lake,-81.72578697,28.71083499,"-81.72578697, 28.71083499",17R MM 29111 76164,SHELTER,RISK,5,1999,2 Classroom,A,"Yes, unknown kW",0,0,312,6247,0,0,312,6247,296,S-1523,No,No,No,Yes,Yes, ,Yes, ,Yes,,,SHELTER,,Risk Shelter Inventory,Critical Community and Emergency Facilities,Regionally Significant,RSI_PT_764,Astatula,St. Johns River Water Management District,FDEM,Risk Shelter Inventory - General - FDEM,,,,East Central Florida,Central District,Northeast,5,25,13,Not Affected,Not Affected,Not Affected,Not Affected,Not Affected,Not Affected,Not Affected,Not Affected,Not Affected,Not Affected,Not Affected,Not Affected,Not Affected,Not Affected,Not Affected,Not Affected,Not Affected,Not Affected,Not Affected,Not Affected,Not Affected,621752.0994,524783.1105
786,761,Lost Lake ES,1901 Johns Lake Rd,Clermont,34711,Lake,-81.72159139,28.52567145,"-81.72159139, 28.52567145",17R MM 29397 55648,SHELTER,RISK,5,1999,3 Cafeteria / Music,A,"Yes, unknown kW",0,0,230,4590,0,0,230,4590,303,L,No,No,No,Yes,Yes, ,Yes, ,Yes,,,SHELTER,,Risk Shelter Inventory,Critical Community and Emergency Facilities,Regionally Significant,RSI_PT_752,Clermont,St. Johns River Water Management District,FDEM,Risk Shelter Inventory - General - FDEM,,,,East Central Florida,Central District,Northeast,5,25,13,Not Affected,Not Affected,Not Affected,Not Affected,Not Affected,Not Affected,Not Affected,Not Affected,Not Affected,Not Affected,Not Affected,Not Affected,Not Affected,Not Affected,Not Affected,Not Affected,Low,Not Affected,Not Affected,Not Affected,Not Affected,622541.0679,504230.8242
787,762,Carver MS,1200 N Beecher St,Lessburg,34745,Lake,-81.89512103,28.82689501,"-81.89512103, 28.82689501",17R MM 12668 89136,SHELTER,RISK,5,2005,4 Cafeteria / Music,A, ,0,0,434,8682,0,0,434,8682,398,L,No,No,No,Yes,Yes, , , , ,,,SHELTER,,Risk Shelter Inventory,Critical Community and Emergency Facilities,Regionally Significant,RSI_PT_756,Leesburg,St. Johns River Water Management District,FDEM,Risk Shelter Inventory - General - FDEM,,,,East Central Florida,Central District,Northeast,5,26,13,Not Affected,Not Affected,Not Affected,Not Affected,Not Affected,Not Affected,Not Affected,Not Affected,Not Affected,Not Affected,Not Affected,Not Affected,Not Affected,Not Affected,Not Affected,Not Affected,Not Affected,Not Affected,Not Affected,Not Affected,Not Affected,605022.4899,537376.8805
788,763,Pine Ridge ES,10245 CR 561,Clermont,34711,Lake,-81.78670203,28.49556701,"-81.78670203, 28.49556701",17R MM 23004 52353,SHELTER,RISK,5,2002,1 Admin,A, ,0,0,42,840,0,0,42,840,83,L,No,No,No,Yes,Yes, , , ,Yes,,,SHELTER,,Risk Shelter Inventory,Critical Community and Emergency Facilities,Regionally Significant,RSI_PT_746,,St. Johns River Water Management District,FDEM,Risk Shelter Inventory - General - FDEM,,,,East Central Florida,Central District,Northeast,5,25,13,Not Affected,Not Affected,Not Affected,Not Affected,Not Affected,Not Affected,Not Affected,Not Affected,Not Affected,Not Affected,Not Affected,Not Affected,Not Affected,Not Affected,Not Affected,Medium,Medium,Medium,Medium,Medium,Medium,616242.153,500772.2577
789,764,South Lake HS,15600 Silver Lake Rd,Groveland,34736,Lake,-81.81766604,28.57413399,"-81.81766604, 28.57413399",17R MM 20033 61077,SHELTER,RISK,5,1992,3 Classroom,R, ,0,0,0,0,402,8033,402,8033,481,S-1523,No,No,No,No,Yes, , , ,Yes,,,SHELTER,,Risk Shelter Inventory,Critical Community and Emergency Facilities,Regionally Significant,RSI_PT_758,,St. Johns River Water Management District,FDEM,Risk Shelter Inventory - General - FDEM,,,,East Central Florida,Central District,Northeast,5,25,13,Not Affected,Not Affected,Not Affected,Not Affected,Not Affected,Not Affected,Not Affected,Not Affected,Not Affected,Not Affected,Not Affected,Not Affected,Not Affected,Not Affected,Not Affected,Not Affected,Not Affected,Not Affected,Not Affected,Not Affected,Not Affected,613062.8396,509442.2986
790,765,South Lake HS,15600 Silver Lake Rd,Groveland,34736,Lake,-81.81766604,28.57413399,"-81.81766604, 28.57413399",17R MM 20033 61077,SHELTER,RISK,5,1992,1 Admin / Classroom,R, ,0,0,0,0,377,7536,377,7536,406,L,No,No,No,No,Yes, , , ,Yes,,,SHELTER,,Risk Shelter Inventory,Critical Community and Emergency Facilities,Regionally Significant,RSI_PT_758,,St. Johns River Water Management District,FDEM,Risk Shelter Inventory - General - FDEM,,,,East Central Florida,Central District,Northeast,5,25,13,Not Affected,Not Affected,Not Affected,Not Affected,Not Affected,Not Affected,Not Affected,Not Affected,Not Affected,Not Affected,Not Affected,Not Affected,Not Affected,Not Affected,Not Affected,Not Affected,Not Affected,Not Affected,Not Affected,Not Affected,Not Affected,613062.8396,509442.2986
791,766,Leesburg HS,1401 W Meadows Ave,Leesburg,34748,Lake,-81.87699196,28.81279967,"-81.87699196, 28.81279967",17R MM 14425 87561,SHELTER,RISK,5,2003,15 Gym,A,"Yes, unknown kW",0,0,673,13453,0,0,673,13453,918,L,No,No,No,Yes,Yes, , , , ,,,SHELTER,,Risk Shelter Inventory,Critical Community and Emergency Facilities,Regionally Significant,RSI_PT_791,Leesburg,St. Johns River Water Management District,FDEM,Risk Shelter Inventory - General - FDEM,,,,East Central Florida,Central District,Northeast,5,26,13,Not Affected,Not Affected,Not Affected,Not Affected,Not Affected,Not Affected,Not Affected,Not Affected,Not Affected,Not Affected,Not Affected,Not Affected,Not Affected,Not Affected,Not Affected,Not Affected,Not Affected,Not Affected,Not Affected,Not Affected,Not Affected,606815.0983,535842.0649
792,767,Carver MS,1200 N Beecher St,Leesburg,34745,Lake,-81.89512103,28.82689501,"-81.89512103, 28.82689501",17R MM 12668 89136,SHELTER,RISK,5,2005,2 Classroom,A, ,0,0,714,14273,0,0,714,14273,952,L,No,No,No,Yes,Yes, , , , ,,,SHELTER,,Risk Shelter Inventory,Critical Community and Emergency Facilities,Regionally Significant,RSI_PT_756,Leesburg,St. Johns River Water Management District,FDEM,Risk Shelter Inventory - General - FDEM,,,,East Central Florida,Central District,Northeast,5,26,13,Not Affected,Not Affected,Not Affected,Not Affected,Not Affected,Not Affected,Not Affected,Not Affected,Not Affected,Not Affected,Not Affected,Not Affected,Not Affected,Not Affected,Not Affected,Not Affected,Not Affected,Not Affected,Not Affected,Not Affected,Not Affected,605022.4899,537376.8805
793,768,Round Lake Charter ES,31333 Round Lake Rd,Mt. Dora,32757,Lake,-81.59358097,28.80536701,"-81.59358097, 28.80536701",17R MM 42076 86566,SHELTER,RISK,5,2000,3 Classroom,A,180 kW for campus,0,0,273,5467,0,0,273,5467,270,L,No,No,No,Yes,Yes, ,Yes, , ,,,SHELTER,,Risk Shelter Inventory,Critical Community and Emergency Facilities,Regionally Significant,RSI_PT_753,,St. Johns River Water Management District,FDEM,Risk Shelter Inventory - General - FDEM,,,,East Central Florida,Central District,Northeast,5,26,13,Not Affected,Not Affected,Not Affected,Not Affected,Not Affected,Not Affected,Not Affected,Not Affected,Not Affected,Not Affected,Not Affected,Not Affected,Not Affected,Not Affected,Not Affected,Medium,Not Affected,Medium,Medium,Medium,Medium,634436.6903,535523.8495
794,769,Groveland ES,930 Parkwood Ave,Groveland,34736,Lake,-81.84660297,28.553658,"-81.84660297, 28.55365800",17R MM 17187 58828,SHELTER,RISK,5,2005,1 Classroom,A, ,0,0,614,12272,0,0,614,12272,613,L,No,No,No,Yes,Yes, , , ,Yes,,,SHELTER,,Risk Shelter Inventory,Critical Community and Emergency Facilities,Regionally Significant,RSI_PT_794,Groveland,St. Johns River Water Management District,FDEM,Risk Shelter Inventory - General - FDEM,,,,East Central Florida,Central District,Northeast,5,25,13,Not Affected,Not Affected,Not Affected,Not Affected,Not Affected,Not Affected,Not Affected,Not Affected,Not Affected,Not Affected,Not Affected,Not Affected,Not Affected,Not Affected,Not Affected,Not Affected,Not Affected,Not Affected,Not Affected,Not Affected,Not Affected,610277.7031,507119.0057
795,770,Pine Ridge ES,10245 CR 561,Clermont,34711,Lake,-81.78670203,28.49556701,"-81.78670203, 28.49556701",17R MM 23004 52353,SHELTER,RISK,5,2002,4 Cafeteria,A, ,0,0,213,4264,0,0,213,4264,212,L,No,No,No,Yes,Yes, , , ,Yes,,,SHELTER,,Risk Shelter Inventory,Critical Community and Emergency Facilities,Regionally Significant,RSI_PT_746,,St. Johns River Water Management District,FDEM,Risk Shelter Inventory - General - FDEM,,,,East Central Florida,Central District,Northeast,5,25,13,Not Affected,Not Affected,Not Affected,Not Affected,Not Affected,Not Affected,Not Affected,Not Affected,Not Affected,Not Affected,Not Affected,Not Affected,Not Affected,Not Affected,Not Affected,Medium,Medium,Medium,Medium,Medium,Medium,616242.153,500772.2577
796,771,Beverly Shores ES,1108 W Griffin Rd,Leesburg,34748,Lake,-81.881928,28.82980898,"-81.88192800, 28.82980898",17R MM 13958 89449,SHELTER,RISK,5,2004,16 Cafeteria,A,"Yes, unknown kW",0,0,213,4251,0,0,213,4251,235,L,No,No,No,Yes,Yes, , , , ,,,SHELTER,,Risk Shelter Inventory,Critical Community and Emergency Facilities,Regionally Significant,RSI_PT_751,Leesburg,St. Johns River Water Management District,FDEM,Risk Shelter Inventory - General - FDEM,,,,East Central Florida,Central District,Northeast,5,26,13,Not Affected,Not Affected,Not Affected,Not Affected,Not Affected,Not Affected,Not Affected,Not Affected,Not Affected,Not Affected,Not Affected,Not Affected,Not Affected,Not Affected,Not Affected,Not Affected,Not Affected,Not Affected,Not Affected,Not Affected,Not Affected,606301.8528,537722.4385
797,772,Mount Dora HS,700 N Highland St,Mount Dora,32757,Lake,-81.63509998,28.802545,"-81.63509998, 28.80254500",17R MM 38023 86275,SHELTER,RISK,5,2004,8 Auditorium,A, ,0,0,258,5157,0,0,258,5157,207,L,No,No,No,Yes,Yes, , , , ,,,SHELTER,,Risk Shelter Inventory,Critical Community and Emergency Facilities,Regionally Significant,RSI_PT_745,Mount Dora,St. Johns River Water Management District,FDEM,Risk Shelter Inventory - General - FDEM,,,,East Central Florida,Central District,Northeast,5,26,13,Not Affected,Not Affected,Not Affected,Not Affected,Not Affected,Not Affected,Not Affected,Not Affected,Not Affected,Not Affected,Not Affected,Not Affected,Not Affected,Not Affected,Not Affected,Not Affected,Not Affected,Not Affected,Low,Low,Low,630398.3613,535132.2628
798,773,Mount Dora HS,700 N Highland St,Mount Dora,32757,Lake,-81.63509998,28.802545,"-81.63509998, 28.80254500",17R MM 38023 86275,SHELTER,RISK,5,2004,8A Music,A, ,0,0,130,2590,0,0,130,2590,207,L,No,No,No,Yes,Yes, , , , ,,,SHELTER,,Risk Shelter Inventory,Critical Community and Emergency Facilities,Regionally Significant,RSI_PT_745,Mount Dora,St. Johns River Water Management District,FDEM,Risk Shelter Inventory - General - FDEM,,,,East Central Florida,Central District,Northeast,5,26,13,Not Affected,Not Affected,Not Affected,Not Affected,Not Affected,Not Affected,Not Affected,Not Affected,Not Affected,Not Affected,Not Affected,Not Affected,Not Affected,Not Affected,Not Affected,Not Affected,Not Affected,Not Affected,Low,Low,Low,630398.3613,535132.2628
799,774,East Ridge MS,13201 Excalibur Rd,Clemont,34711,Lake,-81.72005702,28.53894701,"-81.72005702, 28.53894701",17R MM 29556 57118,SHELTER,RISK,5,2007,6 Gym,A, ,0,0,0,0,0,0,581,11617,581, ,No,No,No,No,Yes, , , , ,,,SHELTER,,Risk Shelter Inventory,Critical Community and Emergency Facilities,Regionally Significant,RSI_PT_748,,St. Johns River Water Management District,FDEM,Risk Shelter Inventory - General - FDEM,,,,East Central Florida,Central District,Northeast,5,25,13,Not Affected,Not Affected,Not Affected,Not Affected,Not Affected,Not Affected,Not Affected,Not Affected,Not Affected,Not Affected,Not Affected,Not Affected,Not Affected,Not Affected,Not Affected,High,High,High,High,High,High,622663.6614,505707.6715
800,775,Spring Creek Charter ES,44440 Spring Creek Rd,Paisley,32767,Lake,-81.54179397,28.995369,"-81.54179397, 28.99536900",17R MN 47226 07593,SHELTER,RISK,5,1992,4 Cafeteria,R,"Yes, unknown kW",0,0,0,0,164,3272,164,3272,173,S-1523,No,No,No,No,Yes, , , , ,,,SHELTER,,Risk Shelter Inventory,Critical Community and Emergency Facilities,Regionally Significant,RSI_PT_800,,St. Johns River Water Management District,FDEM,Risk Shelter Inventory - General - FDEM,,,,East Central Florida,Central District,Northeast,5,27,13,Not Affected,Not Affected,Not Affected,Not Affected,Not Affected,Not Affected,Not Affected,Not Affected,Not Affected,Not Affected,Not Affected,Not Affected,Not Affected,Not Affected,Not Affected,Not Affected,Not Affected,Not Affected,Not Affected,Not Affected,Not Affected,639060.605,556719.0067
801,776,Sunshine ES,601 Sara Ave N,Lehigh Acres,33971,Lee,-81.68955301,26.61857701,"-81.68955301, 26.61857701",17R MK 31355 44375,SHELTER,RISK,8,1985,1 Admin / Classroom,A, ,0,0,0,0,0,0,1372,27435,1372, ,C,No,No,No,Yes, , , , ,,,SHELTER,,Risk Shelter Inventory,Critical Community and Emergency Facilities,Regionally Significant,RSI_PT_801,,South Florida Water Management District,FDEM,Risk Shelter Inventory - General - FDEM,,,,Southwest Florida,South District,Southwest,1,77,27,Not Affected,Not Affected,Not Affected,Not Affected,Not Affected,Not Affected,Not Affected,Not Affected,Not Affected,Not Affected,Not Affected,Not Affected,Not Affected,Not Affected,Not Affected,Not Affected,Not Affected,Not Affected,Not Affected,Not Affected,Not Affected,629637.5498,292556.519
802,777,Harns Marsh ES,1800 Unice Avenue N,Lehigh Acres,33971,Lee,-81.69331003,26.63923999,"-81.69331003, 26.63923999",17R MK 30993 46665,SHELTER,RISK,8,2004,1 Main,A, ,2475,49503,0,0,0,0,2475,49503,2475, ,C,5,No,No,Yes, , , , ,,,SHELTER,,Risk Shelter Inventory,Critical Community and Emergency Facilities,Regionally Significant,RSI_PT_802,,South Florida Water Management District,FDEM,Risk Shelter Inventory - General - FDEM,,,,Southwest Florida,South District,Southwest,1,77,27,Not Affected,Not Affected,Not Affected,Not Affected,Not Affected,Not Affected,Not Affected,Not Affected,Not Affected,Not Affected,Not Affected,Not Affected,Not Affected,Not Affected,Not Affected,Not Affected,Not Affected,Not Affected,Not Affected,Not Affected,Not Affected,629221.2744,294842.9412
803,778,Tortuga Preserve ES,1711 Gunnery Rd N,Lehigh Acres,33971,Lee,-81.71793397,26.62959301,"-81.71793397, 26.62959301",17R MK 28537 45611,SHELTER,RISK,8,2012,1 Main,A, ,2608,52155,0,0,0,0,2608,52155,2608, ,D,5,No,No,Yes, , , , ,,,SHELTER,,Risk Shelter Inventory,Critical Community and Emergency Facilities,Regionally Significant,RSI_PT_803,,South Florida Water Management District,FDEM,Risk Shelter Inventory - General - FDEM,,,,Southwest Florida,South District,Southwest,1,77,27,Not Affected,Not Affected,Not Affected,Not Affected,Not Affected,Not Affected,Not Affected,Not Affected,Not Affected,Not Affected,Not Affected,Not Affected,Not Affected,Not Affected,Not Affected,Not Affected,Not Affected,Not Affected,Not Affected,Not Affected,Not Affected,626794.4335,293726.6749
804,779,East Lee HS,715 Thomas Sherwin Ave,Lehigh Acres,33974,Lee,-81.60184603,26.55789999,"-81.60184603, 26.55789999",17R MK 40055 37610,SHELTER,RISK,8,2005,1 Main,A,"Yes, unknown kW",0,0,0,0,0,0,2000,118297,150, ,No,No,No,No,Yes, , , , ,,,SHELTER,,Risk Shelter Inventory,Critical Community and Emergency Facilities,Regionally Significant,RSI_PT_804,,South Florida Water Management District,FDEM,Risk Shelter Inventory - General - FDEM,,,,Southwest Florida,South District,Southwest,1,77,28,Not Affected,Not Affected,Not Affected,Not Affected,Not Affected,Not Affected,Not Affected,Not Affected,Not Affected,Not Affected,Not Affected,Not Affected,Not Affected,Not Affected,Not Affected,Not Affected,Not Affected,Not Affected,Not Affected,Not Affected,Not Affected,638484.7351,285988.5551
805,780,Mirror Lakes ES,525 Charwood Ave S,Lehigh Acres,33936,Lee,-81.61450002,26.56904499,"-81.61450002, 26.56904499",17R MK 38800 38851,SHELTER,RISK,8,1996,5 Classroom,A, ,0,0,0,0,0,0,198,3951,197, ,E,No,No,No,Yes, , , , ,,,SHELTER,,Risk Shelter Inventory,Critical Community and Emergency Facilities,Regionally Significant,RSI_PT_805,,South Florida Water Management District,FDEM,Risk Shelter Inventory - General - FDEM,,,,Southwest Florida,South District,Southwest,1,77,28,Not Affected,Not Affected,Not Affected,Not Affected,Not Affected,Not Affected,Not Affected,Not Affected,Not Affected,Not Affected,Not Affected,Not Affected,Not Affected,Not Affected,Not Affected,Not Affected,Not Affected,Not Affected,Not Affected,Not Affected,Not Affected,637202.5832,287201.0901
806,781,Sunshine ES,601 Sara Ave N,Lehigh Acres,33971,Lee,-81.68955301,26.61857701,"-81.68955301, 26.61857701",17R MK 31355 44375,SHELTER,RISK,8,2006,5 Classroom,A, ,0,0,0,0,0,0,823,16455,823, ,C,No,No,No,Yes, , , , ,,,SHELTER,,Risk Shelter Inventory,Critical Community and Emergency Facilities,Regionally Significant,RSI_PT_801,,South Florida Water Management District,FDEM,Risk Shelter Inventory - General - FDEM,,,,Southwest Florida,South District,Southwest,1,77,27,Not Affected,Not Affected,Not Affected,Not Affected,Not Affected,Not Affected,Not Affected,Not Affected,Not Affected,Not Affected,Not Affected,Not Affected,Not Affected,Not Affected,Not Affected,Not Affected,Not Affected,Not Affected,Not Affected,Not Affected,Not Affected,629637.5498,292556.519
807,782,Mirror Lakes ES,525 Charwood Ave S,Lehigh Acres,33936,Lee,-81.61450002,26.56904499,"-81.61450002, 26.56904499",17R MK 38800 38851,SHELTER,RISK,8,1996,2 Admin / Classroom,A, ,0,0,0,0,0,0,235,4699,235, ,E,No,No,No,Yes, , , , ,,,SHELTER,,Risk Shelter Inventory,Critical Community and Emergency Facilities,Regionally Significant,RSI_PT_805,,South Florida Water Management District,FDEM,Risk Shelter Inventory - General - FDEM,,,,Southwest Florida,South District,Southwest,1,77,28,Not Affected,Not Affected,Not Affected,Not Affected,Not Affected,Not Affected,Not Affected,Not Affected,Not Affected,Not Affected,Not Affected,Not Affected,Not Affected,Not Affected,Not Affected,Not Affected,Not Affected,Not Affected,Not Affected,Not Affected,Not Affected,637202.5832,287201.0901
808,783,North Ft. Myers Recreation Center,2000 N Recreation Park Way,N. Ft. Myers,33916,Lee,-81.88822004,26.68837802,"-81.88822004, 26.68837802",17R MK 11631 52228,SHELTER,RISK,8,2013,Main,A, ,0,0,0,0,1650,33000,1650,33000,500,L,C,3,No,No,Yes, , , , ,,,SHELTER,,Risk Shelter Inventory,Critical Community and Emergency Facilities,Regionally Significant,RSI_PT_808,,South Florida Water Management District,FDEM,Risk Shelter Inventory - General - FDEM,,,,Southwest Florida,South District,Southwest,1,76,27,Not Affected,Not Affected,Not Affected,Not Affected,Not Affected,Not Affected,Not Affected,Not Affected,Not Affected,Not Affected,Not Affected,Not Affected,Not Affected,Not Affected,Not Affected,Not Affected,Not Affected,Not Affected,Not Affected,Not Affected,Not Affected,609761.1712,299950.0854
809,784,Mirror Lakes ES,525 Charwood Ave S,Lehigh Acres,33936,Lee,-81.61450002,26.56904499,"-81.61450002, 26.56904499",17R MK 38800 38851,SHELTER,RISK,8,1996,7 Auditorium,A, ,0,0,0,0,0,0,65,1300,65, ,E,No,No,No,Yes, , , , ,,,SHELTER,,Risk Shelter Inventory,Critical Community and Emergency Facilities,Regionally Significant,RSI_PT_805,,South Florida Water Management District,FDEM,Risk Shelter Inventory - General - FDEM,,,,Southwest Florida,South District,Southwest,1,77,28,Not Affected,Not Affected,Not Affected,Not Affected,Not Affected,Not Affected,Not Affected,Not Affected,Not Affected,Not Affected,Not Affected,Not Affected,Not Affected,Not Affected,Not Affected,Not Affected,Not Affected,Not Affected,Not Affected,Not Affected,Not Affected,637202.5832,287201.0901
810,785,Mirror Lakes ES,525 Charwood Avenue S,Lehigh Acres,33936,Lee,-81.61450002,26.56904499,"-81.61450002, 26.56904499",17R MK 38800 38851,SHELTER,RISK,8,1996,6 Classroom,A, ,0,0,0,0,0,0,305,6090,304, ,E,No,No,No,Yes, , , , ,,,SHELTER,,Risk Shelter Inventory,Critical Community and Emergency Facilities,Regionally Significant,RSI_PT_805,,South Florida Water Management District,FDEM,Risk Shelter Inventory - General - FDEM,,,,Southwest Florida,South District,Southwest,1,77,28,Not Affected,Not Affected,Not Affected,Not Affected,Not Affected,Not Affected,Not Affected,Not Affected,Not Affected,Not Affected,Not Affected,Not Affected,Not Affected,Not Affected,Not Affected,Not Affected,Not Affected,Not Affected,Not Affected,Not Affected,Not Affected,637202.5832,287201.0901
811,786,Mirror Lakes ES,525 Charwood Ave S,Lehigh Acres,33936,Lee,-81.61450002,26.56904499,"-81.61450002, 26.56904499",17R MK 38800 38851,SHELTER,RISK,8,2006,9 Classroom,A, ,0,0,0,0,0,0,806,16114,805, ,E,No,No,No,Yes, , , , ,,,SHELTER,,Risk Shelter Inventory,Critical Community and Emergency Facilities,Regionally Significant,RSI_PT_805,,South Florida Water Management District,FDEM,Risk Shelter Inventory - General - FDEM,,,,Southwest Florida,South District,Southwest,1,77,28,Not Affected,Not Affected,Not Affected,Not Affected,Not Affected,Not Affected,Not Affected,Not Affected,Not Affected,Not Affected,Not Affected,Not Affected,Not Affected,Not Affected,Not Affected,Not Affected,Not Affected,Not Affected,Not Affected,Not Affected,Not Affected,637202.5832,287201.0901
812,787,Veterens Park Rec Center,55 Homestead Rd S,Lehigh Acres,33936,Lee,-81.63134899,26.594228,"-81.63134899, 26.59422800",17R MK 37136 41648,SHELTER,RISK,8,2003,Gym,A, ,0,0,0,0,0,0,25,500,25, ,E,No,No,No,Yes, , , , ,,,SHELTER,,Risk Shelter Inventory,Critical Community and Emergency Facilities,Regionally Significant,RSI_PT_812,,South Florida Water Management District,FDEM,Risk Shelter Inventory - General - FDEM,,,,Southwest Florida,South District,Southwest,1,77,28,Not Affected,Not Affected,Not Affected,Not Affected,Not Affected,Not Affected,Not Affected,Not Affected,Not Affected,Not Affected,Not Affected,Not Affected,Not Affected,Not Affected,Not Affected,Not Affected,Not Affected,Not Affected,Not Affected,Not Affected,Not Affected,635473.7166,289963.7984
813,788,Mirror Lakes ES,525 Charwood Ave S,Lehigh Acres,33936,Lee,-81.61450002,26.56904499,"-81.61450002, 26.56904499",17R MK 38800 38851,SHELTER,RISK,8,1996,4 Cafeteria,A, ,0,0,0,0,0,0,294,5874,293, ,E,No,No,No,Yes, , , , ,,,SHELTER,,Risk Shelter Inventory,Critical Community and Emergency Facilities,Regionally Significant,RSI_PT_805,,South Florida Water Management District,FDEM,Risk Shelter Inventory - General - FDEM,,,,Southwest Florida,South District,Southwest,1,77,28,Not Affected,Not Affected,Not Affected,Not Affected,Not Affected,Not Affected,Not Affected,Not Affected,Not Affected,Not Affected,Not Affected,Not Affected,Not Affected,Not Affected,Not Affected,Not Affected,Not Affected,Not Affected,Not Affected,Not Affected,Not Affected,637202.5832,287201.0901
814,789,Sunshine ES,601 Sara Ave N,Lehigh Acres,33971,Lee,-81.68955301,26.61857701,"-81.68955301, 26.61857701",17R MK 31355 44375,SHELTER,RISK,8,1994,4 Classroom,A, ,0,0,0,0,0,0,568,11360,568, ,C,No,No,No,Yes, , , , ,,,SHELTER,,Risk Shelter Inventory,Critical Community and Emergency Facilities,Regionally Significant,RSI_PT_801,,South Florida Water Management District,FDEM,Risk Shelter Inventory - General - FDEM,,,,Southwest Florida,South District,Southwest,1,77,27,Not Affected,Not Affected,Not Affected,Not Affected,Not Affected,Not Affected,Not Affected,Not Affected,Not Affected,Not Affected,Not Affected,Not Affected,Not Affected,Not Affected,Not Affected,Not Affected,Not Affected,Not Affected,Not Affected,Not Affected,Not Affected,629637.5498,292556.519
815,790,Mirror Lakes ES,525 Charwood Ave S,Lehigh Acres,33936,Lee,-81.61450002,26.56904499,"-81.61450002, 26.56904499",17R MK 38800 38851,SHELTER,RISK,8,1996,1 Classroom,A, ,0,0,0,0,0,0,371,7427,371, ,E,No,No,No,Yes, , , , ,,,SHELTER,,Risk Shelter Inventory,Critical Community and Emergency Facilities,Regionally Significant,RSI_PT_805,,South Florida Water Management District,FDEM,Risk Shelter Inventory - General - FDEM,,,,Southwest Florida,South District,Southwest,1,77,28,Not Affected,Not Affected,Not Affected,Not Affected,Not Affected,Not Affected,Not Affected,Not Affected,Not Affected,Not Affected,Not Affected,Not Affected,Not Affected,Not Affected,Not Affected,Not Affected,Not Affected,Not Affected,Not Affected,Not Affected,Not Affected,637202.5832,287201.0901
816,791,Mirror Lakes ES,525 Charwood Ave S,Lehigh Acres,33936,Lee,-81.61450002,26.56904499,"-81.61450002, 26.56904499",17R MK 38800 38851,SHELTER,RISK,8,1996,3 Classroom,A, ,0,0,0,0,0,0,163,3252,162, ,E,No,No,No,Yes, , , , ,,,SHELTER,,Risk Shelter Inventory,Critical Community and Emergency Facilities,Regionally Significant,RSI_PT_805,,South Florida Water Management District,FDEM,Risk Shelter Inventory - General - FDEM,,,,Southwest Florida,South District,Southwest,1,77,28,Not Affected,Not Affected,Not Affected,Not Affected,Not Affected,Not Affected,Not Affected,Not Affected,Not Affected,Not Affected,Not Affected,Not Affected,Not Affected,Not Affected,Not Affected,Not Affected,Not Affected,Not Affected,Not Affected,Not Affected,Not Affected,637202.5832,287201.0901
817,792,SAIL HS,2006 Jackson Bluff Rd,Tallahassee,32304,Leon,-84.31739197,30.435192,"-84.31739197, 30.43519200",16R GU 57641 70066,SHELTER,RISK,2,1989,13 Auditorium,R,15 kW,0,0,0,0,158,3162,158,3162,124,HMGP,No,No,No,No,Yes, , , , ,,,SHELTER,,Risk Shelter Inventory,Critical Community and Emergency Facilities,Regionally Significant,RSI_PT_610,Tallahassee,Northwest Florida Water Management District,FDEM,Risk Shelter Inventory - General - FDEM,,,,Apalachee,Northwest District,Northwest,3,8,3,Not Affected,Not Affected,Not Affected,Not Affected,Not Affected,Not Affected,Not Affected,Not Affected,Not Affected,Not Affected,Not Affected,Not Affected,Not Affected,Not Affected,Not Affected,Not Affected,Not Affected,Not Affected,Not Affected,Not Affected,Not Affected,369543.0351,714223.5651
818,793,FSU K-12 School,3000 School House Rd,Tallahassee,32304,Leon,-84.22395102,30.38406998,"-84.22395102, 30.38406998",16R GU 66757 64614,SHELTER,RISK,2,2000,6 Classroom,R,300 kW,0,0,0,0,411,8228,411,8228,411,HMGP,No,No,No,No,Yes, , , , ,,,SHELTER,,Risk Shelter Inventory,Critical Community and Emergency Facilities,Regionally Significant,RSI_PT_818,Tallahassee,Northwest Florida Water Management District,FDEM,Risk Shelter Inventory - General - FDEM,,,,Apalachee,Northwest District,Northwest,3,9,3,Not Affected,Not Affected,Not Affected,Not Affected,Not Affected,Not Affected,Not Affected,Not Affected,Not Affected,Not Affected,Not Affected,Not Affected,Not Affected,Not Affected,Not Affected,Not Affected,Not Affected,Not Affected,Not Affected,Not Affected,Not Affected,378499.3227,708530.3766
819,794,Oak Ridge ES,4350 Shelfer Rd,Tallahassee,32305,Leon,-84.28258049,30.38760292,"-84.28258049, 30.38760292",16R GU 61112 64869,SHELTER,RISK,2,1989,6 Classroom,R,12.5 kW,0,0,0,0,241,4811,241,4811,292,HMGP,No,No,No,No,Yes, , , , ,,,SHELTER,,Risk Shelter Inventory,Critical Community and Emergency Facilities,Regionally Significant,RSI_PT_819,Tallahassee,Northwest Florida Water Management District,FDEM,Risk Shelter Inventory - General - FDEM,,,,Apalachee,Northwest District,Northwest,3,8,3,Not Affected,Not Affected,Not Affected,Not Affected,Not Affected,Not Affected,Not Affected,Not Affected,Not Affected,Not Affected,Not Affected,Not Affected,Not Affected,Not Affected,Not Affected,Not Affected,Not Affected,Not Affected,Not Affected,Not Affected,Not Affected,372871.44,708934.0276
820,795,Canopy Oaks ES,3250 Point View Dr,Tallahassee,32303,Leon,-84.34680198,30.51014101,"-84.34680198, 30.51014101",16R GU 54620 78309,SHELTER,RISK,2,1997,3 Classroom,R,45 kW,0,0,0,0,330,6606,330,6606,544,HMGP,No,No,No,No,Yes, , , , ,,,SHELTER,,Risk Shelter Inventory,Critical Community and Emergency Facilities,Regionally Significant,RSI_PT_609,,Northwest Florida Water Management District,FDEM,Risk Shelter Inventory - General - FDEM,,,,Apalachee,Northwest District,Northwest,3,8,3,Not Affected,Not Affected,Not Affected,Not Affected,Not Affected,Not Affected,Not Affected,Not Affected,Not Affected,Not Affected,Not Affected,Not Affected,Not Affected,Not Affected,Not Affected,Not Affected,Not Affected,Not Affected,Not Affected,Not Affected,Not Affected,366744.247,722548.612
821,796,Hawks Rise ES,205 Meadow Ridge Dr,Tallahassee,32301,Leon,-84.27611504,30.55681199,"-84.27611504, 30.55681199",16R GU 61281 83646,SHELTER,RISK,2,1994,2 Classroom,R,45 kW,0,0,0,0,361,7217,361,7217,404,HMGP,No,No,No,No,Yes, , , , ,,,SHELTER,,Risk Shelter Inventory,Critical Community and Emergency Facilities,Regionally Significant,RSI_PT_821,Tallahassee,Northwest Florida Water Management District,FDEM,Risk Shelter Inventory - General - FDEM,,,,Apalachee,Northwest District,Northwest,3,9,3,Not Affected,Not Affected,Not Affected,Not Affected,Not Affected,Not Affected,Not Affected,Not Affected,Not Affected,Not Affected,Not Affected,Not Affected,Not Affected,Not Affected,Not Affected,Not Affected,Not Affected,Not Affected,Not Affected,Not Affected,Not Affected,373534.187,727710.5808
822,797,Florida State University,989 Learning Center,Tallahassee,32306,Leon,-84.2986124,30.44249101,"-84.29861240, 30.44249101",16R GU 59426 70918,SHELTER,RISK,2,2006,Westside HCB-CR,R, ,0,0,0,0,0,0,1962,39240,0,SR,No,No,No,No,Yes, , , , ,,,SHELTER,,Risk Shelter Inventory,Critical Community and Emergency Facilities,Regionally Significant,RSI_PT_822,Tallahassee,Northwest Florida Water Management District,FDEM,Risk Shelter Inventory - General - FDEM,,,,Apalachee,Northwest District,Northwest,3,9,3,Not Affected,Not Affected,Not Affected,Not Affected,Not Affected,Not Affected,Not Affected,Not Affected,Not Affected,Not Affected,Not Affected,Not Affected,Not Affected,Not Affected,Not Affected,Not Affected,Not Affected,Not Affected,Medium,Medium,Medium,371347.0826,715029.089
823,798,Desoto Trail ES,2930 Velda Dairy Rd,Tallahassee,32308,Leon,-84.22504152,30.53694463,"-84.22504152, 30.53694463",16R GU 66236 81562,SHELTER,RISK,2,1989,5 Cafeteria,R,45 kW,0,0,0,0,237,4740,237,4740,275,HMGP,No,No,No,No,Yes, , , , ,,,SHELTER,,Risk Shelter Inventory,Critical Community and Emergency Facilities,Regionally Significant,RSI_PT_823,Tallahassee,Northwest Florida Water Management District,FDEM,Risk Shelter Inventory - General - FDEM,,,,Apalachee,Northwest District,Northwest,3,9,3,Not Affected,Not Affected,Not Affected,Not Affected,Not Affected,Not Affected,Not Affected,Not Affected,Not Affected,Not Affected,Not Affected,Not Affected,Not Affected,Not Affected,Not Affected,Not Affected,Not Affected,Not Affected,Not Affected,Not Affected,Not Affected,378425.5887,725495.9661
824,799,SAIL HS,2006 Jackson Bluff Rd,Tallahassee,32304,Leon,-84.31739197,30.435192,"-84.31739197, 30.43519200",16R GU 57641 70066,SHELTER,RISK,2,1989,11 Classroom,R,15 kW,0,0,0,0,158,3162,158,3162,125,HMGP,No,No,No,No,Yes, , , , ,,,SHELTER,,Risk Shelter Inventory,Critical Community and Emergency Facilities,Regionally Significant,RSI_PT_610,Tallahassee,Northwest Florida Water Management District,FDEM,Risk Shelter Inventory - General - FDEM,,,,Apalachee,Northwest District,Northwest,3,8,3,Not Affected,Not Affected,Not Affected,Not Affected,Not Affected,Not Affected,Not Affected,Not Affected,Not Affected,Not Affected,Not Affected,Not Affected,Not Affected,Not Affected,Not Affected,Not Affected,Not Affected,Not Affected,Not Affected,Not Affected,Not Affected,369543.0351,714223.5651
825,800,Desoto Trail ES,2930 Velda Dairy Rd,Tallahassee,32308,Leon,-84.22504152,30.53694463,"-84.22504152, 30.53694463",16R GU 66236 81562,SHELTER,RISK,2,1989,7 Multipurpose,R,45 kW,0,0,0,0,103,2060,103,2060,140,HMGP,No,No,No,No,Yes, , , , ,,,SHELTER,,Risk Shelter Inventory,Critical Community and Emergency Facilities,Regionally Significant,RSI_PT_823,Tallahassee,Northwest Florida Water Management District,FDEM,Risk Shelter Inventory - General - FDEM,,,,Apalachee,Northwest District,Northwest,3,9,3,Not Affected,Not Affected,Not Affected,Not Affected,Not Affected,Not Affected,Not Affected,Not Affected,Not Affected,Not Affected,Not Affected,Not Affected,Not Affected,Not Affected,Not Affected,Not Affected,Not Affected,Not Affected,Not Affected,Not Affected,Not Affected,378425.5887,725495.9661
826,801,Springwood ES,3801 Fred George Rd,Tallahassee,32303,Leon,-84.33961801,30.493098,"-84.33961801, 30.49309800",16R GU 55354 76436,SHELTER,RISK,2,1986,1 Classroom,R,45 kW,0,0,0,0,293,5856,293,5856,484,HMGP,No,No,No,No,Yes, , , , ,,,SHELTER,,Risk Shelter Inventory,Critical Community and Emergency Facilities,Regionally Significant,RSI_PT_611,Tallahassee,Northwest Florida Water Management District,FDEM,Risk Shelter Inventory - General - FDEM,,,,Apalachee,Northwest District,Northwest,3,8,3,Not Affected,Not Affected,Not Affected,Not Affected,Not Affected,Not Affected,Not Affected,Not Affected,Not Affected,Not Affected,Not Affected,Not Affected,Not Affected,Not Affected,Not Affected,Medium,Medium,Medium,Medium,Medium,Medium,367427.9254,720655.3885
827,802,Buck Lake ES,1600 Pedrick Rd,Tallahassee,32311,Leon,-84.18137699,30.46089498,"-84.18137699, 30.46089498",16R GU 70638 73234,SHELTER,RISK,2,1989,2 Classroom,R,45 kW,0,0,0,0,217,4341,217,4341,400,HMGP,No,No,No,No,Yes, , , , ,,,SHELTER,,Risk Shelter Inventory,Critical Community and Emergency Facilities,Regionally Significant,RSI_PT_617,Tallahassee,Northwest Florida Water Management District,FDEM,Risk Shelter Inventory - General - FDEM,,,,Apalachee,Northwest District,Northwest,3,9,3,Not Affected,Not Affected,Not Affected,Not Affected,Not Affected,Not Affected,Not Affected,Not Affected,Not Affected,Not Affected,Not Affected,Not Affected,Not Affected,Not Affected,Not Affected,Medium,Medium,Medium,Medium,Medium,Medium,382599.2292,717049.6069
828,803,Michael J Conley ES,2400 E Orange Ave,Tallahassee,32301,Leon,-84.22373401,30.41347101,"-84.22373401, 30.41347101",16R GU 66698 67875,SHELTER,RISK,2,2007,1 Admin / Library,A, ,0,0,67,1332,0,0,67,1332,0, ,No,No,No,Yes,Yes, , , , ,,,SHELTER,,Risk Shelter Inventory,Critical Community and Emergency Facilities,Regionally Significant,RSI_PT_828,Tallahassee,Northwest Florida Water Management District,FDEM,Risk Shelter Inventory - General - FDEM,,,,Apalachee,Northwest District,Northwest,3,9,3,Not Affected,Not Affected,Not Affected,Not Affected,Not Affected,Not Affected,Not Affected,Not Affected,Not Affected,Not Affected,Not Affected,Not Affected,Not Affected,Not Affected,Not Affected,Not Affected,Not Affected,Not Affected,Not Affected,Not Affected,Not Affected,378526.0768,711793.2804
829,804,Dearlake MS,9902 Deer Lake W,Tallahassee,32312,Leon,-84.24110299,30.607917,"-84.24110299, 30.60791700",16R GU 64502 89394,SHELTER,RISK,2,1989,5 Admin / Library,R, ,0,0,0,0,77,1548,77,1548,154,HMGP,No,No,No,No,Yes, , , , ,,,SHELTER,,Risk Shelter Inventory,Critical Community and Emergency Facilities,Regionally Significant,RSI_PT_829,,Northwest Florida Water Management District,FDEM,Risk Shelter Inventory - General - FDEM,,,,Apalachee,Northwest District,Northwest,3,9,3,Not Affected,Not Affected,Not Affected,Not Affected,Not Affected,Not Affected,Not Affected,Not Affected,Not Affected,Not Affected,Not Affected,Not Affected,Not Affected,Not Affected,Not Affected,Not Affected,Not Affected,Not Affected,Not Affected,Not Affected,Not Affected,376901.1985,733374.4833
830,805,Michael J Conley ES,2400 E Orange Ave,Tallahassee,32301,Leon,-84.22373401,30.41347101,"-84.22373401, 30.41347101",16R GU 66698 67875,SHELTER,RISK,2,2007,2 Cafeteria / Multipurpose,A, ,0,0,276,5527,0,0,276,5527,0, ,No,No,No,Yes,Yes, , , , ,,,SHELTER,,Risk Shelter Inventory,Critical Community and Emergency Facilities,Regionally Significant,RSI_PT_828,Tallahassee,Northwest Florida Water Management District,FDEM,Risk Shelter Inventory - General - FDEM,,,,Apalachee,Northwest District,Northwest,3,9,3,Not Affected,Not Affected,Not Affected,Not Affected,Not Affected,Not Affected,Not Affected,Not Affected,Not Affected,Not Affected,Not Affected,Not Affected,Not Affected,Not Affected,Not Affected,Not Affected,Not Affected,Not Affected,Not Affected,Not Affected,Not Affected,378526.0768,711793.2804
831,806,Florida State University,874 Traditions Way,Tallahassee,32306,Leon,-84.29760982,30.44144564,"-84.29760982, 30.44144564",16R GU 59525 70805,SHELTER,RISK,2,2003,Student Services,R, ,0,0,0,0,0,0,519,10380,0,SR,No,No,No,No,Yes, , , , ,,,SHELTER,,Risk Shelter Inventory,Critical Community and Emergency Facilities,Regionally Significant,RSI_PT_831,Tallahassee,Northwest Florida Water Management District,FDEM,Risk Shelter Inventory - General - FDEM,,,,Apalachee,Northwest District,Northwest,3,9,3,Not Affected,Not Affected,Not Affected,Not Affected,Not Affected,Not Affected,Not Affected,Not Affected,Not Affected,Not Affected,Not Affected,Not Affected,Not Affected,Not Affected,Not Affected,Not Affected,Not Affected,Not Affected,Not Affected,Not Affected,Not Affected,371443.0038,714912.844
832,807,Buck Lake ES,1600 Pedrick Rd,Tallahassee,32311,Leon,-84.18137699,30.46089498,"-84.18137699, 30.46089498",16R GU 70638 73234,SHELTER,RISK,2,1989,5 Cafeteria / Multipurpose,R,45 kW,0,0,0,0,250,4991,250,4991,275,HMGP,No,No,No,No,Yes, , , , ,,,SHELTER,,Risk Shelter Inventory,Critical Community and Emergency Facilities,Regionally Significant,RSI_PT_617,Tallahassee,Northwest Florida Water Management District,FDEM,Risk Shelter Inventory - General - FDEM,,,,Apalachee,Northwest District,Northwest,3,9,3,Not Affected,Not Affected,Not Affected,Not Affected,Not Affected,Not Affected,Not Affected,Not Affected,Not Affected,Not Affected,Not Affected,Not Affected,Not Affected,Not Affected,Not Affected,Medium,Medium,Medium,Medium,Medium,Medium,382599.2292,717049.6069
833,808,Hawks Rise ES,205 Meadow Ridge Dr,Tallahassee,32301,Leon,-84.27611504,30.55681199,"-84.27611504, 30.55681199",16R GU 61281 83646,SHELTER,RISK,2,1994,5 Classroom,R,45 kW,0,0,0,0,347,6931,347,6931,553,HMGP,No,No,No,No,Yes, , , , ,,,SHELTER,,Risk Shelter Inventory,Critical Community and Emergency Facilities,Regionally Significant,RSI_PT_821,Tallahassee,Northwest Florida Water Management District,FDEM,Risk Shelter Inventory - General - FDEM,,,,Apalachee,Northwest District,Northwest,3,9,3,Not Affected,Not Affected,Not Affected,Not Affected,Not Affected,Not Affected,Not Affected,Not Affected,Not Affected,Not Affected,Not Affected,Not Affected,Not Affected,Not Affected,Not Affected,Not Affected,Not Affected,Not Affected,Not Affected,Not Affected,Not Affected,373534.187,727710.5808
834,809,Chaires ES,4774 Chaires Cross Rd,Tallahassee,32317,Leon,-84.12248104,30.436227,"-84.12248104, 30.43622700",16R GU 76365 70641,SHELTER,RISK,2,1986,4 Admin / Library,R,45 kW,0,0,0,0,0,0,96,1914,0,HMGP,No,No,No,No,Yes, , , , ,,,SHELTER,,Risk Shelter Inventory,Critical Community and Emergency Facilities,Regionally Significant,RSI_PT_615,,Northwest Florida Water Management District,FDEM,Risk Shelter Inventory - General - FDEM,,,,Apalachee,Northwest District,Northwest,3,9,3,Not Affected,Not Affected,Not Affected,Not Affected,Not Affected,Not Affected,Not Affected,Not Affected,Not Affected,Not Affected,Not Affected,Not Affected,Not Affected,Not Affected,Not Affected,Medium,Medium,Medium,Medium,Medium,Medium,388246.8103,714305.0682
835,810,FAMU/FSU College of Engineering,2525 Pottsdamer St,Tallahassee,32310,Leon,-84.31746397,30.42027699,"-84.31746397, 30.42027699",16R GU 57673 68412,SHELTER,RISK,2,1996,Building B (CE2) 1st Floor only,A, ,0,0,517,10341,0,0,517,10341,0, ,No,No,No,Yes,Yes, , , , ,,,SHELTER,,Risk Shelter Inventory,Critical Community and Emergency Facilities,Regionally Significant,RSI_PT_835,Tallahassee,Northwest Florida Water Management District,FDEM,Risk Shelter Inventory - General - FDEM,,,,Apalachee,Northwest District,Northwest,3,8,3,Not Affected,Not Affected,Not Affected,Not Affected,Not Affected,Not Affected,Not Affected,Not Affected,Not Affected,Not Affected,Not Affected,Not Affected,Not Affected,Not Affected,Not Affected,Not Affected,Not Affected,Not Affected,Not Affected,Not Affected,Not Affected,369531.8646,712568.3422
836,811,Fort Braden School,15100 Blountstown Hwy,Tallahassee,32310,Leon,-84.51420401,30.43848802,"-84.51420401, 30.43848802",16R GU 38724 69999,SHELTER,RISK,2,1993,2 Multipurpose,R, ,0,0,0,0,278,5554,278,5554,394,HMGP,No,No,No,No,Yes, , , , ,,,SHELTER,,Risk Shelter Inventory,Critical Community and Emergency Facilities,Regionally Significant,RSI_PT_613,,Northwest Florida Water Management District,FDEM,Risk Shelter Inventory - General - FDEM,,,,Apalachee,Northwest District,Northwest,3,7,3,Not Affected,Not Affected,Not Affected,Not Affected,Not Affected,Not Affected,Not Affected,Not Affected,Not Affected,Not Affected,Not Affected,Not Affected,Not Affected,Not Affected,Not Affected,Not Affected,Not Affected,Not Affected,Not Affected,Not Affected,Not Affected,350658.547,714653.0278
837,812,Roberts ES,5777 Centerville Rd,Tallahassee,32309,Leon,-84.19124212,30.52619716,"-84.19124212, 30.52619716",16R GU 69510 80451,SHELTER,RISK,2,2000,1 Classroom,R,85 kW,0,0,0,0,557,11132,557,11132,521,HMGP,No,No,No,No,Yes, , , , ,,,SHELTER,,Risk Shelter Inventory,Critical Community and Emergency Facilities,Regionally Significant,RSI_PT_837,Tallahassee,Northwest Florida Water Management District,FDEM,Risk Shelter Inventory - General - FDEM,,,,Apalachee,Northwest District,Northwest,3,9,3,Not Affected,Not Affected,Not Affected,Not Affected,Not Affected,Not Affected,Not Affected,Not Affected,Not Affected,Not Affected,Not Affected,Not Affected,Not Affected,Not Affected,Not Affected,Not Affected,Not Affected,Not Affected,Not Affected,Not Affected,Not Affected,381664.0369,724297.8443
838,813,Frank Hartsfield ES,1414 Chowkeebin Nene,Tallahassee,32301,Leon,-84.25674798,30.432129,"-84.25674798, 30.43212900",16R GU 63475 69866,SHELTER,RISK,2,1989,10 Classroom,R, ,0,0,0,0,52,1036,52,1036,88,HMGP,No,No,No,No,Yes, , , , ,,,SHELTER,,Risk Shelter Inventory,Critical Community and Emergency Facilities,Regionally Significant,RSI_PT_614,Tallahassee,Northwest Florida Water Management District,FDEM,Risk Shelter Inventory - General - FDEM,,,,Apalachee,Northwest District,Northwest,3,9,3,Not Affected,Not Affected,Not Affected,Not Affected,Not Affected,Not Affected,Not Affected,Not Affected,Not Affected,Not Affected,Not Affected,Not Affected,Not Affected,Not Affected,Not Affected,Not Affected,Not Affected,Not Affected,Not Affected,Not Affected,Not Affected,375361.7213,713870.0927
839,814,Desoto Trail ES,2930 Velda Dairy Rd,Tallahassee,32308,Leon,-84.22504152,30.53694463,"-84.22504152, 30.53694463",16R GU 66236 81562,SHELTER,RISK,2,1989,2 Classroom,R,45 kW,0,0,0,0,247,4946,247,4946,400,HMGP,No,No,No,No,Yes, , , , ,,,SHELTER,,Risk Shelter Inventory,Critical Community and Emergency Facilities,Regionally Significant,RSI_PT_823,Tallahassee,Northwest Florida Water Management District,FDEM,Risk Shelter Inventory - General - FDEM,,,,Apalachee,Northwest District,Northwest,3,9,3,Not Affected,Not Affected,Not Affected,Not Affected,Not Affected,Not Affected,Not Affected,Not Affected,Not Affected,Not Affected,Not Affected,Not Affected,Not Affected,Not Affected,Not Affected,Not Affected,Not Affected,Not Affected,Not Affected,Not Affected,Not Affected,378425.5887,725495.9661
840,815,Hawks Rise ES,205 Meadow Ridge Dr,Tallahassee,32301,Leon,-84.27611504,30.55681199,"-84.27611504, 30.55681199",16R GU 61281 83646,SHELTER,RISK,2,1999,3 Classroom,R,45 kW,0,0,0,0,200,4005,200,4005,303,HMGP,No,No,No,No,Yes, , , , ,,,SHELTER,,Risk Shelter Inventory,Critical Community and Emergency Facilities,Regionally Significant,RSI_PT_821,Tallahassee,Northwest Florida Water Management District,FDEM,Risk Shelter Inventory - General - FDEM,,,,Apalachee,Northwest District,Northwest,3,9,3,Not Affected,Not Affected,Not Affected,Not Affected,Not Affected,Not Affected,Not Affected,Not Affected,Not Affected,Not Affected,Not Affected,Not Affected,Not Affected,Not Affected,Not Affected,Not Affected,Not Affected,Not Affected,Not Affected,Not Affected,Not Affected,373534.187,727710.5808
841,825,Dearlake MS,9902 Deer Lake W,Tallahassee,32312,Leon,-84.24110299,30.607917,"-84.24110299, 30.60791700",16R GU 64502 89394,SHELTER,RISK,2,1989,3 Classroom,R, ,0,0,0,0,411,8213,411,8213,472,HMGP,No,No,No,No,Yes, , , , ,,,SHELTER,,Risk Shelter Inventory,Critical Community and Emergency Facilities,Regionally Significant,RSI_PT_829,,Northwest Florida Water Management District,FDEM,Risk Shelter Inventory - General - FDEM,,,,Apalachee,Northwest District,Northwest,3,9,3,Not Affected,Not Affected,Not Affected,Not Affected,Not Affected,Not Affected,Not Affected,Not Affected,Not Affected,Not Affected,Not Affected,Not Affected,Not Affected,Not Affected,Not Affected,Not Affected,Not Affected,Not Affected,Not Affected,Not Affected,Not Affected,376901.1985,733374.4833
842,826,Roberts ES,5777 Centerville Rd,Tallahassee,32309,Leon,-84.19124212,30.52619716,"-84.19124212, 30.52619716",16R GU 69510 80451,SHELTER,RISK,2,2000,3 Cafeteria,R,85 kW,0,0,0,0,250,4992,250,4992,291,HMGP,No,No,No,No,Yes, , , , ,,,SHELTER,,Risk Shelter Inventory,Critical Community and Emergency Facilities,Regionally Significant,RSI_PT_837,Tallahassee,Northwest Florida Water Management District,FDEM,Risk Shelter Inventory - General - FDEM,,,,Apalachee,Northwest District,Northwest,3,9,3,Not Affected,Not Affected,Not Affected,Not Affected,Not Affected,Not Affected,Not Affected,Not Affected,Not Affected,Not Affected,Not Affected,Not Affected,Not Affected,Not Affected,Not Affected,Not Affected,Not Affected,Not Affected,Not Affected,Not Affected,Not Affected,381664.0369,724297.8443
843,827,FSU K-12 School,3000 School House Rd,Tallahassee,32304,Leon,-84.22395102,30.38406998,"-84.22395102, 30.38406998",16R GU 66757 64614,SHELTER,RISK,2,2000,1 Multipurpose,R,300 kW,0,0,0,0,234,4677,234,4677,233,HMGP,No,No,No,No,Yes, , , , ,,,SHELTER,,Risk Shelter Inventory,Critical Community and Emergency Facilities,Regionally Significant,RSI_PT_818,Tallahassee,Northwest Florida Water Management District,FDEM,Risk Shelter Inventory - General - FDEM,,,,Apalachee,Northwest District,Northwest,3,9,3,Not Affected,Not Affected,Not Affected,Not Affected,Not Affected,Not Affected,Not Affected,Not Affected,Not Affected,Not Affected,Not Affected,Not Affected,Not Affected,Not Affected,Not Affected,Not Affected,Not Affected,Not Affected,Not Affected,Not Affected,Not Affected,378499.3227,708530.3766
844,828,Chaires ES,4774 Chaires Cross Rd,Tallahassee,32317,Leon,-84.12248104,30.436227,"-84.12248104, 30.43622700",16R GU 76365 70641,SHELTER,RISK,2,1986,5 Cafeteria / Multipurpose,R,45 kW,0,0,0,0,247,4940,247,4940,277,HMGP,No,No,No,No,Yes, , , , ,,,SHELTER,,Risk Shelter Inventory,Critical Community and Emergency Facilities,Regionally Significant,RSI_PT_615,,Northwest Florida Water Management District,FDEM,Risk Shelter Inventory - General - FDEM,,,,Apalachee,Northwest District,Northwest,3,9,3,Not Affected,Not Affected,Not Affected,Not Affected,Not Affected,Not Affected,Not Affected,Not Affected,Not Affected,Not Affected,Not Affected,Not Affected,Not Affected,Not Affected,Not Affected,Medium,Medium,Medium,Medium,Medium,Medium,388246.8103,714305.0682
845,829,Roberts ES,5777 Centerville Rd,Tallahassee,32309,Leon,-84.19124212,30.52619716,"-84.19124212, 30.52619716",16R GU 69510 80451,SHELTER,RISK,2,2000,4 Admin / Classroom,R,85 kW,0,0,0,0,320,6409,320,6409,553,HMGP,No,No,No,No,Yes, , , , ,,,SHELTER,,Risk Shelter Inventory,Critical Community and Emergency Facilities,Regionally Significant,RSI_PT_837,Tallahassee,Northwest Florida Water Management District,FDEM,Risk Shelter Inventory - General - FDEM,,,,Apalachee,Northwest District,Northwest,3,9,3,Not Affected,Not Affected,Not Affected,Not Affected,Not Affected,Not Affected,Not Affected,Not Affected,Not Affected,Not Affected,Not Affected,Not Affected,Not Affected,Not Affected,Not Affected,Not Affected,Not Affected,Not Affected,Not Affected,Not Affected,Not Affected,381664.0369,724297.8443
846,830,Desoto Trail ES,2930 Velda Dairy Rd,Tallahassee,32308,Leon,-84.22504152,30.53694463,"-84.22504152, 30.53694463",16R GU 66236 81562,SHELTER,RISK,2,1989,6 Classroom,R,45 kW,0,0,0,0,251,5014,251,5014,321,HMGP,No,No,No,No,Yes, , , , ,,,SHELTER,,Risk Shelter Inventory,Critical Community and Emergency Facilities,Regionally Significant,RSI_PT_823,Tallahassee,Northwest Florida Water Management District,FDEM,Risk Shelter Inventory - General - FDEM,,,,Apalachee,Northwest District,Northwest,3,9,3,Not Affected,Not Affected,Not Affected,Not Affected,Not Affected,Not Affected,Not Affected,Not Affected,Not Affected,Not Affected,Not Affected,Not Affected,Not Affected,Not Affected,Not Affected,Not Affected,Not Affected,Not Affected,Not Affected,Not Affected,Not Affected,378425.5887,725495.9661
847,831,Canopy Oaks ES,3250 Point View Dr,Tallahassee,32303,Leon,-84.34680198,30.51014101,"-84.34680198, 30.51014101",16R GU 54620 78309,SHELTER,RISK,2,1997,4 Cafeteria / Multipurpose,R,45 kW,0,0,0,0,278,5552,278,5552,410,HMGP,No,No,No,No,Yes, , , , ,,,SHELTER,,Risk Shelter Inventory,Critical Community and Emergency Facilities,Regionally Significant,RSI_PT_609,,Northwest Florida Water Management District,FDEM,Risk Shelter Inventory - General - FDEM,,,,Apalachee,Northwest District,Northwest,3,8,3,Not Affected,Not Affected,Not Affected,Not Affected,Not Affected,Not Affected,Not Affected,Not Affected,Not Affected,Not Affected,Not Affected,Not Affected,Not Affected,Not Affected,Not Affected,Not Affected,Not Affected,Not Affected,Not Affected,Not Affected,Not Affected,366744.247,722548.612
848,832,Augusta RAA MS,401 W Tharpe St,Tallahassee,32303,Leon,-84.28648203,30.46279701,"-84.28648203, 30.46279701",16R GU 60537 73198,SHELTER,RISK,2,1965,10 Gym,A, ,0,0,0,0,0,0,352,7045,0, ,No,No,No,No,Yes, , , , ,,,SHELTER,,Risk Shelter Inventory,Critical Community and Emergency Facilities,Regionally Significant,RSI_PT_848,Tallahassee,Northwest Florida Water Management District,FDEM,Risk Shelter Inventory - General - FDEM,,,,Apalachee,Northwest District,Northwest,3,9,3,Not Affected,Not Affected,Not Affected,Not Affected,Not Affected,Not Affected,Not Affected,Not Affected,Not Affected,Not Affected,Not Affected,Not Affected,Not Affected,Not Affected,Not Affected,Not Affected,Not Affected,Not Affected,Not Affected,Not Affected,Not Affected,372516.2679,717279.8137
849,833,Chaires ES,4774 Chaires Cross Rd,Tallahassee,32317,Leon,-84.12248104,30.436227,"-84.12248104, 30.43622700",16R GU 76365 70641,SHELTER,RISK,2,1986,7 ESE Classroom,R,45 kW,0,0,0,0,158,3158,158,3158,221,HMGP,No,No,No,No,Yes, , , , ,,,SHELTER,,Risk Shelter Inventory,Critical Community and Emergency Facilities,Regionally Significant,RSI_PT_615,,Northwest Florida Water Management District,FDEM,Risk Shelter Inventory - General - FDEM,,,,Apalachee,Northwest District,Northwest,3,9,3,Not Affected,Not Affected,Not Affected,Not Affected,Not Affected,Not Affected,Not Affected,Not Affected,Not Affected,Not Affected,Not Affected,Not Affected,Not Affected,Not Affected,Not Affected,Medium,Medium,Medium,Medium,Medium,Medium,388246.8103,714305.0682
850,834,Dearlake MS,9902 Deer Lake W,Tallahassee,32312,Leon,-84.24110299,30.607917,"-84.24110299, 30.60791700",16R GU 64502 89394,SHELTER,RISK,2,1989,7 Cafeteria,R, ,0,0,0,0,276,5524,276,5524,150,HMGP,No,No,No,No,Yes, , , , ,,,SHELTER,,Risk Shelter Inventory,Critical Community and Emergency Facilities,Regionally Significant,RSI_PT_829,,Northwest Florida Water Management District,FDEM,Risk Shelter Inventory - General - FDEM,,,,Apalachee,Northwest District,Northwest,3,9,3,Not Affected,Not Affected,Not Affected,Not Affected,Not Affected,Not Affected,Not Affected,Not Affected,Not Affected,Not Affected,Not Affected,Not Affected,Not Affected,Not Affected,Not Affected,Not Affected,Not Affected,Not Affected,Not Affected,Not Affected,Not Affected,376901.1985,733374.4833
851,835,Florida State University,555 W Pensacola St,Tallahassee,32306,Leon,-84.29018901,30.43833702,"-84.29018901, 30.43833702",16R GU 60246 70477,SHELTER,RISK,2,2008,Turnbull,R,350 kW,0,0,0,0,0,0,1134,22680,0,SR,No,No,No,No,Yes, , , , ,,,SHELTER,,Risk Shelter Inventory,Critical Community and Emergency Facilities,Regionally Significant,RSI_PT_851,Tallahassee,Northwest Florida Water Management District,FDEM,Risk Shelter Inventory - General - FDEM,,,,Apalachee,Northwest District,Northwest,3,9,3,Not Affected,Not Affected,Not Affected,Not Affected,Not Affected,Not Affected,Not Affected,Not Affected,Not Affected,Not Affected,Not Affected,Not Affected,Not Affected,Not Affected,Not Affected,High,High,High,High,High,High,372154.2505,714566.1605
852,836,Oak Ridge ES,4350 Shelfer Rd,Tallahassee,32305,Leon,-84.28258049,30.38760292,"-84.28258049, 30.38760292",16R GU 61112 64869,SHELTER,RISK,2,1989,2 Classroom,R,12.5 kW,0,0,0,0,172,3444,172,3444,338,HMGP,No,No,No,No,Yes, , , , ,,,SHELTER,,Risk Shelter Inventory,Critical Community and Emergency Facilities,Regionally Significant,RSI_PT_819,Tallahassee,Northwest Florida Water Management District,FDEM,Risk Shelter Inventory - General - FDEM,,,,Apalachee,Northwest District,Northwest,3,8,3,Not Affected,Not Affected,Not Affected,Not Affected,Not Affected,Not Affected,Not Affected,Not Affected,Not Affected,Not Affected,Not Affected,Not Affected,Not Affected,Not Affected,Not Affected,Not Affected,Not Affected,Not Affected,Not Affected,Not Affected,Not Affected,372871.44,708934.0276
853,837,Frank Hartsfield ES,1414 Chowkeebin Nene,Tallahassee,32301,Leon,-84.25674798,30.432129,"-84.25674798, 30.43212900",16R GU 63475 69866,SHELTER,RISK,2,1994,16 Multipurpose,R, ,0,0,0,0,48,960,48,960,112,HMGP,No,No,No,No,Yes, , , , ,,,SHELTER,,Risk Shelter Inventory,Critical Community and Emergency Facilities,Regionally Significant,RSI_PT_614,Tallahassee,Northwest Florida Water Management District,FDEM,Risk Shelter Inventory - General - FDEM,,,,Apalachee,Northwest District,Northwest,3,9,3,Not Affected,Not Affected,Not Affected,Not Affected,Not Affected,Not Affected,Not Affected,Not Affected,Not Affected,Not Affected,Not Affected,Not Affected,Not Affected,Not Affected,Not Affected,Not Affected,Not Affected,Not Affected,Not Affected,Not Affected,Not Affected,375361.7213,713870.0927
854,838,SAIL HS,2006 Jackson Bluff Rd,Tallahassee,32304,Leon,-84.31739197,30.435192,"-84.31739197, 30.43519200",16R GU 57641 70066,SHELTER,RISK,2,1989,12 Classroom,R,15 kW,0,0,0,0,114,2272,114,2272,113,HMGP,No,No,No,No,Yes, , , , ,,,SHELTER,,Risk Shelter Inventory,Critical Community and Emergency Facilities,Regionally Significant,RSI_PT_610,Tallahassee,Northwest Florida Water Management District,FDEM,Risk Shelter Inventory - General - FDEM,,,,Apalachee,Northwest District,Northwest,3,8,3,Not Affected,Not Affected,Not Affected,Not Affected,Not Affected,Not Affected,Not Affected,Not Affected,Not Affected,Not Affected,Not Affected,Not Affected,Not Affected,Not Affected,Not Affected,Not Affected,Not Affected,Not Affected,Not Affected,Not Affected,Not Affected,369543.0351,714223.5651
855,839,Fort Braden School,15100 Blountstown Hwy,Tallahassee,32310,Leon,-84.51420401,30.43848802,"-84.51420401, 30.43848802",16R GU 38724 69999,SHELTER,RISK,2,1993,3 Classroom,R, ,0,0,0,0,211,4228,211,4228,363,HMGP,No,No,No,No,Yes, , , , ,,,SHELTER,,Risk Shelter Inventory,Critical Community and Emergency Facilities,Regionally Significant,RSI_PT_613,,Northwest Florida Water Management District,FDEM,Risk Shelter Inventory - General - FDEM,,,,Apalachee,Northwest District,Northwest,3,7,3,Not Affected,Not Affected,Not Affected,Not Affected,Not Affected,Not Affected,Not Affected,Not Affected,Not Affected,Not Affected,Not Affected,Not Affected,Not Affected,Not Affected,Not Affected,Not Affected,Not Affected,Not Affected,Not Affected,Not Affected,Not Affected,350658.547,714653.0278
856,840,Dearlake MS,9902 Deer Lake W,Tallahassee,32312,Leon,-84.24110299,30.607917,"-84.24110299, 30.60791700",16R GU 64502 89394,SHELTER,RISK,2,1989,4 Classroom,R, ,0,0,0,0,366,7324,366,7324,472,HMGP,No,No,No,No,Yes, , , , ,,,SHELTER,,Risk Shelter Inventory,Critical Community and Emergency Facilities,Regionally Significant,RSI_PT_829,,Northwest Florida Water Management District,FDEM,Risk Shelter Inventory - General - FDEM,,,,Apalachee,Northwest District,Northwest,3,9,3,Not Affected,Not Affected,Not Affected,Not Affected,Not Affected,Not Affected,Not Affected,Not Affected,Not Affected,Not Affected,Not Affected,Not Affected,Not Affected,Not Affected,Not Affected,Not Affected,Not Affected,Not Affected,Not Affected,Not Affected,Not Affected,376901.1985,733374.4833
857,841,Canopy Oaks ES,3250 Point View Dr,Tallahassee,32303,Leon,-84.34680198,30.51014101,"-84.34680198, 30.51014101",16R GU 54620 78309,SHELTER,RISK,2,1997,2 Classroom,R,45 kW,0,0,0,0,266,5311,266,5311,440,HMGP,No,No,No,No,Yes, , , , ,,,SHELTER,,Risk Shelter Inventory,Critical Community and Emergency Facilities,Regionally Significant,RSI_PT_609,,Northwest Florida Water Management District,FDEM,Risk Shelter Inventory - General - FDEM,,,,Apalachee,Northwest District,Northwest,3,8,3,Not Affected,Not Affected,Not Affected,Not Affected,Not Affected,Not Affected,Not Affected,Not Affected,Not Affected,Not Affected,Not Affected,Not Affected,Not Affected,Not Affected,Not Affected,Not Affected,Not Affected,Not Affected,Not Affected,Not Affected,Not Affected,366744.247,722548.612
858,842,FSU K-12 School,3000 School House Rd,Tallahassee,32304,Leon,-84.22395102,30.38406998,"-84.22395102, 30.38406998",16R GU 66757 64614,SHELTER,RISK,2,2000,5 Classroom,R,300 kW,0,0,0,0,367,7345,367,7345,367,HMGP,No,No,No,No,Yes, , , , ,,,SHELTER,,Risk Shelter Inventory,Critical Community and Emergency Facilities,Regionally Significant,RSI_PT_818,Tallahassee,Northwest Florida Water Management District,FDEM,Risk Shelter Inventory - General - FDEM,,,,Apalachee,Northwest District,Northwest,3,9,3,Not Affected,Not Affected,Not Affected,Not Affected,Not Affected,Not Affected,Not Affected,Not Affected,Not Affected,Not Affected,Not Affected,Not Affected,Not Affected,Not Affected,Not Affected,Not Affected,Not Affected,Not Affected,Not Affected,Not Affected,Not Affected,378499.3227,708530.3766
859,843,SAIL HS,2006 Jackson Bluff Rd,Tallahassee,32304,Leon,-84.31739197,30.435192,"-84.31739197, 30.43519200",16R GU 57641 70066,SHELTER,RISK,2,1989,10 Classroom,R,15 kW,0,0,0,0,73,1450,73,1450,57,HMGP,No,No,No,No,Yes, , , , ,,,SHELTER,,Risk Shelter Inventory,Critical Community and Emergency Facilities,Regionally Significant,RSI_PT_610,Tallahassee,Northwest Florida Water Management District,FDEM,Risk Shelter Inventory - General - FDEM,,,,Apalachee,Northwest District,Northwest,3,8,3,Not Affected,Not Affected,Not Affected,Not Affected,Not Affected,Not Affected,Not Affected,Not Affected,Not Affected,Not Affected,Not Affected,Not Affected,Not Affected,Not Affected,Not Affected,Not Affected,Not Affected,Not Affected,Not Affected,Not Affected,Not Affected,369543.0351,714223.5651
860,844,Dearlake MS,9902 Deer Lake W,Tallahassee,32312,Leon,-84.24110299,30.607917,"-84.24110299, 30.60791700",16R GU 64502 89394,SHELTER,RISK,2,1989,2 Classroom,R, ,0,0,0,0,411,8213,411,8213,472,HMGP,No,No,No,No,Yes, , , , ,,,SHELTER,,Risk Shelter Inventory,Critical Community and Emergency Facilities,Regionally Significant,RSI_PT_829,,Northwest Florida Water Management District,FDEM,Risk Shelter Inventory - General - FDEM,,,,Apalachee,Northwest District,Northwest,3,9,3,Not Affected,Not Affected,Not Affected,Not Affected,Not Affected,Not Affected,Not Affected,Not Affected,Not Affected,Not Affected,Not Affected,Not Affected,Not Affected,Not Affected,Not Affected,Not Affected,Not Affected,Not Affected,Not Affected,Not Affected,Not Affected,376901.1985,733374.4833
861,845,Roberts ES,5777 Centerville Rd,Tallahassee,32309,Leon,-84.19124212,30.52619716,"-84.19124212, 30.52619716",16R GU 69510 80451,SHELTER,RISK,2,2000,2 Classroom,R,85 kW,0,0,0,0,541,10824,541,10824,674,HMGP,No,No,No,No,Yes, , , , ,,,SHELTER,,Risk Shelter Inventory,Critical Community and Emergency Facilities,Regionally Significant,RSI_PT_837,Tallahassee,Northwest Florida Water Management District,FDEM,Risk Shelter Inventory - General - FDEM,,,,Apalachee,Northwest District,Northwest,3,9,3,Not Affected,Not Affected,Not Affected,Not Affected,Not Affected,Not Affected,Not Affected,Not Affected,Not Affected,Not Affected,Not Affected,Not Affected,Not Affected,Not Affected,Not Affected,Not Affected,Not Affected,Not Affected,Not Affected,Not Affected,Not Affected,381664.0369,724297.8443
862,846,Desoto Trail ES,2930 Velda Dairy Rd,Tallahassee,32308,Leon,-84.22504152,30.53694463,"-84.22504152, 30.53694463",16R GU 66236 81562,SHELTER,RISK,2,1989,1 Classroom,R,45 kW,0,0,0,0,317,6344,317,6344,521,HMGP,No,No,No,No,Yes, , , , ,,,SHELTER,,Risk Shelter Inventory,Critical Community and Emergency Facilities,Regionally Significant,RSI_PT_823,Tallahassee,Northwest Florida Water Management District,FDEM,Risk Shelter Inventory - General - FDEM,,,,Apalachee,Northwest District,Northwest,3,9,3,Not Affected,Not Affected,Not Affected,Not Affected,Not Affected,Not Affected,Not Affected,Not Affected,Not Affected,Not Affected,Not Affected,Not Affected,Not Affected,Not Affected,Not Affected,Not Affected,Not Affected,Not Affected,Not Affected,Not Affected,Not Affected,378425.5887,725495.9661
863,847,Florida State University,1110 Call St,Tallahassee,32306,Leon,-84.30213004,30.44656,"-84.30213004, 30.44656000",16R GU 59077 71361,SHELTER,RISK,2,2004,Westside- Diner,R, ,0,0,0,0,0,0,414,8280,0,SR,No,No,No,No,Yes, , , , ,,,SHELTER,,Risk Shelter Inventory,Critical Community and Emergency Facilities,Regionally Significant,RSI_PT_863,Tallahassee,Northwest Florida Water Management District,FDEM,Risk Shelter Inventory - General - FDEM,,,,Apalachee,Northwest District,Northwest,3,9,3,Not Affected,Not Affected,Not Affected,Not Affected,Not Affected,Not Affected,Not Affected,Not Affected,Not Affected,Not Affected,Not Affected,Not Affected,Not Affected,Not Affected,Not Affected,Not Affected,Not Affected,Not Affected,Not Affected,Not Affected,Not Affected,371010.6601,715481.4753
864,848,Desoto Trail ES,2930 Velda Dairy Rd,Tallahassee,32308,Leon,-84.22504152,30.53694463,"-84.22504152, 30.53694463",16R GU 66236 81562,SHELTER,RISK,2,1989,4 Admin / Library,R,45 kW,0,0,0,0,93,1868,93,1868,179,HMGP,No,No,No,No,Yes, , , , ,,,SHELTER,,Risk Shelter Inventory,Critical Community and Emergency Facilities,Regionally Significant,RSI_PT_823,Tallahassee,Northwest Florida Water Management District,FDEM,Risk Shelter Inventory - General - FDEM,,,,Apalachee,Northwest District,Northwest,3,9,3,Not Affected,Not Affected,Not Affected,Not Affected,Not Affected,Not Affected,Not Affected,Not Affected,Not Affected,Not Affected,Not Affected,Not Affected,Not Affected,Not Affected,Not Affected,Not Affected,Not Affected,Not Affected,Not Affected,Not Affected,Not Affected,378425.5887,725495.9661
865,849,Hawks Rise ES,205 Meadow Ridge Dr,Tallahassee,32301,Leon,-84.27611504,30.55681199,"-84.27611504, 30.55681199",16R GU 61281 83646,SHELTER,RISK,2,1994,6 Classroom,R,45 kW,0,0,0,0,268,5368,268,5368,444,HMGP,No,No,No,No,Yes, , , , ,,,SHELTER,,Risk Shelter Inventory,Critical Community and Emergency Facilities,Regionally Significant,RSI_PT_821,Tallahassee,Northwest Florida Water Management District,FDEM,Risk Shelter Inventory - General - FDEM,,,,Apalachee,Northwest District,Northwest,3,9,3,Not Affected,Not Affected,Not Affected,Not Affected,Not Affected,Not Affected,Not Affected,Not Affected,Not Affected,Not Affected,Not Affected,Not Affected,Not Affected,Not Affected,Not Affected,Not Affected,Not Affected,Not Affected,Not Affected,Not Affected,Not Affected,373534.187,727710.5808
866,850,Springwood ES,3801 Fred George Rd,Tallahassee,32303,Leon,-84.33961801,30.493098,"-84.33961801, 30.49309800",16R GU 55354 76436,SHELTER,RISK,2,1986,7 Classroom,R,45 kW,0,0,0,0,156,3118,156,3118,221,HMGP,No,No,No,No,Yes, , , , ,,,SHELTER,,Risk Shelter Inventory,Critical Community and Emergency Facilities,Regionally Significant,RSI_PT_611,Tallahassee,Northwest Florida Water Management District,FDEM,Risk Shelter Inventory - General - FDEM,,,,Apalachee,Northwest District,Northwest,3,8,3,Not Affected,Not Affected,Not Affected,Not Affected,Not Affected,Not Affected,Not Affected,Not Affected,Not Affected,Not Affected,Not Affected,Not Affected,Not Affected,Not Affected,Not Affected,Medium,Medium,Medium,Medium,Medium,Medium,367427.9254,720655.3885
867,851,Frank Hartsfield ES,1414 Chowkeebin Nene,Tallahassee,32301,Leon,-84.25674798,30.432129,"-84.25674798, 30.43212900",16R GU 63475 69866,SHELTER,RISK,2,1989,11 Library,R, ,0,0,0,0,57,1147,57,1147,136,HMGP,No,No,No,No,Yes, , , , ,,,SHELTER,,Risk Shelter Inventory,Critical Community and Emergency Facilities,Regionally Significant,RSI_PT_614,Tallahassee,Northwest Florida Water Management District,FDEM,Risk Shelter Inventory - General - FDEM,,,,Apalachee,Northwest District,Northwest,3,9,3,Not Affected,Not Affected,Not Affected,Not Affected,Not Affected,Not Affected,Not Affected,Not Affected,Not Affected,Not Affected,Not Affected,Not Affected,Not Affected,Not Affected,Not Affected,Not Affected,Not Affected,Not Affected,Not Affected,Not Affected,Not Affected,375361.7213,713870.0927
868,852,Buck Lake ES,1600 Pedrick Rd,Tallahassee,32311,Leon,-84.18137699,30.46089498,"-84.18137699, 30.46089498",16R GU 70638 73234,SHELTER,RISK,2,1989,6 Classroom,R,45 kW,0,0,0,0,244,4873,244,4873,321,HMGP,No,No,No,No,Yes, , , , ,,,SHELTER,,Risk Shelter Inventory,Critical Community and Emergency Facilities,Regionally Significant,RSI_PT_617,Tallahassee,Northwest Florida Water Management District,FDEM,Risk Shelter Inventory - General - FDEM,,,,Apalachee,Northwest District,Northwest,3,9,3,Not Affected,Not Affected,Not Affected,Not Affected,Not Affected,Not Affected,Not Affected,Not Affected,Not Affected,Not Affected,Not Affected,Not Affected,Not Affected,Not Affected,Not Affected,Medium,Medium,Medium,Medium,Medium,Medium,382599.2292,717049.6069
869,853,Buck Lake ES,1600 Pedrick Rd,Tallahassee,32311,Leon,-84.18137699,30.46089498,"-84.18137699, 30.46089498",16R GU 70638 73234,SHELTER,RISK,2,1989,4 Admin / Library,R,45 kW,0,0,0,0,0,0,93,1868,0,HMGP,No,No,No,No,Yes, , , , ,,,SHELTER,,Risk Shelter Inventory,Critical Community and Emergency Facilities,Regionally Significant,RSI_PT_617,Tallahassee,Northwest Florida Water Management District,FDEM,Risk Shelter Inventory - General - FDEM,,,,Apalachee,Northwest District,Northwest,3,9,3,Not Affected,Not Affected,Not Affected,Not Affected,Not Affected,Not Affected,Not Affected,Not Affected,Not Affected,Not Affected,Not Affected,Not Affected,Not Affected,Not Affected,Not Affected,Medium,Medium,Medium,Medium,Medium,Medium,382599.2292,717049.6069
870,854,Hawks Rise ES,205 Meadow Ridge Dr,Tallahassee,32301,Leon,-84.27611504,30.55681199,"-84.27611504, 30.55681199",16R GU 61281 83646,SHELTER,RISK,2,1994,4 Cafeteria / Multipurpose,R,45 kW,0,0,0,0,263,5263,263,5263,249,HMGP,No,No,No,No,Yes, , , , ,,,SHELTER,,Risk Shelter Inventory,Critical Community and Emergency Facilities,Regionally Significant,RSI_PT_821,Tallahassee,Northwest Florida Water Management District,FDEM,Risk Shelter Inventory - General - FDEM,,,,Apalachee,Northwest District,Northwest,3,9,3,Not Affected,Not Affected,Not Affected,Not Affected,Not Affected,Not Affected,Not Affected,Not Affected,Not Affected,Not Affected,Not Affected,Not Affected,Not Affected,Not Affected,Not Affected,Not Affected,Not Affected,Not Affected,Not Affected,Not Affected,Not Affected,373534.187,727710.5808
871,855,Chaires ES,4774 Chaires Cross Rd,Tallahassee,32317,Leon,-84.12248104,30.436227,"-84.12248104, 30.43622700",16R GU 76365 70641,SHELTER,RISK,2,1986,1 Classroom,R,45 kW,0,0,0,0,293,5856,293,5856,112,HMGP,No,No,No,No,Yes, , , , ,,,SHELTER,,Risk Shelter Inventory,Critical Community and Emergency Facilities,Regionally Significant,RSI_PT_615,,Northwest Florida Water Management District,FDEM,Risk Shelter Inventory - General - FDEM,,,,Apalachee,Northwest District,Northwest,3,9,3,Not Affected,Not Affected,Not Affected,Not Affected,Not Affected,Not Affected,Not Affected,Not Affected,Not Affected,Not Affected,Not Affected,Not Affected,Not Affected,Not Affected,Not Affected,Medium,Medium,Medium,Medium,Medium,Medium,388246.8103,714305.0682
872,856,Springwood ES,3801 Fred George Rd,Tallahassee,32303,Leon,-84.33961801,30.493098,"-84.33961801, 30.49309800",16R GU 55354 76436,SHELTER,RISK,2,1986,5 Cafeteria,R,45 kW,0,0,0,0,68,1364,68,1364,277,HMGP,No,No,No,No,Yes, , , , ,,,SHELTER,,Risk Shelter Inventory,Critical Community and Emergency Facilities,Regionally Significant,RSI_PT_611,Tallahassee,Northwest Florida Water Management District,FDEM,Risk Shelter Inventory - General - FDEM,,,,Apalachee,Northwest District,Northwest,3,8,3,Not Affected,Not Affected,Not Affected,Not Affected,Not Affected,Not Affected,Not Affected,Not Affected,Not Affected,Not Affected,Not Affected,Not Affected,Not Affected,Not Affected,Not Affected,Medium,Medium,Medium,Medium,Medium,Medium,367427.9254,720655.3885
873,857,Frank Hartsfield ES,1414 Chowkeebin Nene,Tallahassee,32301,Leon,-84.25674798,30.432129,"-84.25674798, 30.43212900",16R GU 63475 69866,SHELTER,RISK,2,1989,9 Classroom,R, ,0,0,0,0,59,1176,59,1176,100,HMGP,No,No,No,No,Yes, , , , ,,,SHELTER,,Risk Shelter Inventory,Critical Community and Emergency Facilities,Regionally Significant,RSI_PT_614,Tallahassee,Northwest Florida Water Management District,FDEM,Risk Shelter Inventory - General - FDEM,,,,Apalachee,Northwest District,Northwest,3,9,3,Not Affected,Not Affected,Not Affected,Not Affected,Not Affected,Not Affected,Not Affected,Not Affected,Not Affected,Not Affected,Not Affected,Not Affected,Not Affected,Not Affected,Not Affected,Not Affected,Not Affected,Not Affected,Not Affected,Not Affected,Not Affected,375361.7213,713870.0927
874,858,Fort Braden School,15100 Blountstown Hwy,Tallahassee,32310,Leon,-84.51420401,30.43848802,"-84.51420401, 30.43848802",16R GU 38724 69999,SHELTER,RISK,2,1993,1 Main,R, ,0,0,0,0,725,14494,725,14494,993,HMGP,No,No,No,No,Yes, , , , ,,,SHELTER,,Risk Shelter Inventory,Critical Community and Emergency Facilities,Regionally Significant,RSI_PT_613,,Northwest Florida Water Management District,FDEM,Risk Shelter Inventory - General - FDEM,,,,Apalachee,Northwest District,Northwest,3,7,3,Not Affected,Not Affected,Not Affected,Not Affected,Not Affected,Not Affected,Not Affected,Not Affected,Not Affected,Not Affected,Not Affected,Not Affected,Not Affected,Not Affected,Not Affected,Not Affected,Not Affected,Not Affected,Not Affected,Not Affected,Not Affected,350658.547,714653.0278
875,859,Canopy Oaks ES,3250 Point View Dr,Tallahassee,32303,Leon,-84.34680198,30.51014101,"-84.34680198, 30.51014101",16R GU 54620 78309,SHELTER,RISK,2,1997,5 Classroom,R,45 kW,0,0,0,0,375,7507,375,7507,479,HMGP,No,No,No,No,Yes, , , , ,,,SHELTER,,Risk Shelter Inventory,Critical Community and Emergency Facilities,Regionally Significant,RSI_PT_609,,Northwest Florida Water Management District,FDEM,Risk Shelter Inventory - General - FDEM,,,,Apalachee,Northwest District,Northwest,3,8,3,Not Affected,Not Affected,Not Affected,Not Affected,Not Affected,Not Affected,Not Affected,Not Affected,Not Affected,Not Affected,Not Affected,Not Affected,Not Affected,Not Affected,Not Affected,Not Affected,Not Affected,Not Affected,Not Affected,Not Affected,Not Affected,366744.247,722548.612
876,860,Buck Lake ES,1600 Pedrick Rd,Tallahassee,32311,Leon,-84.18137699,30.46089498,"-84.18137699, 30.46089498",16R GU 70638 73234,SHELTER,RISK,2,1989,1 Classroom,R,45 kW,0,0,0,0,322,6432,322,6432,521,HMGP,No,No,No,No,Yes, , , , ,,,SHELTER,,Risk Shelter Inventory,Critical Community and Emergency Facilities,Regionally Significant,RSI_PT_617,Tallahassee,Northwest Florida Water Management District,FDEM,Risk Shelter Inventory - General - FDEM,,,,Apalachee,Northwest District,Northwest,3,9,3,Not Affected,Not Affected,Not Affected,Not Affected,Not Affected,Not Affected,Not Affected,Not Affected,Not Affected,Not Affected,Not Affected,Not Affected,Not Affected,Not Affected,Not Affected,Medium,Medium,Medium,Medium,Medium,Medium,382599.2292,717049.6069
877,861,FSU K-12 School,3000 School House Rd,Tallahassee,32304,Leon,-84.22395102,30.38406998,"-84.22395102, 30.38406998",16R GU 66757 64614,SHELTER,RISK,2,2000,9 Cafeteria,R,300 kW,0,0,0,0,452,9046,452,9046,452,HMGP,No,No,No,No,Yes, , , , ,,,SHELTER,,Risk Shelter Inventory,Critical Community and Emergency Facilities,Regionally Significant,RSI_PT_818,Tallahassee,Northwest Florida Water Management District,FDEM,Risk Shelter Inventory - General - FDEM,,,,Apalachee,Northwest District,Northwest,3,9,3,Not Affected,Not Affected,Not Affected,Not Affected,Not Affected,Not Affected,Not Affected,Not Affected,Not Affected,Not Affected,Not Affected,Not Affected,Not Affected,Not Affected,Not Affected,Not Affected,Not Affected,Not Affected,Not Affected,Not Affected,Not Affected,378499.3227,708530.3766
878,862,Springwood ES,3801 Fred George Rd,Tallahassee,32303,Leon,-84.33961801,30.493098,"-84.33961801, 30.49309800",16R GU 55354 76436,SHELTER,RISK,2,1986,2 Classroom,R,45 kW,0,0,0,0,196,3910,196,3910,322,HMGP,No,No,No,No,Yes, , , , ,,,SHELTER,,Risk Shelter Inventory,Critical Community and Emergency Facilities,Regionally Significant,RSI_PT_611,Tallahassee,Northwest Florida Water Management District,FDEM,Risk Shelter Inventory - General - FDEM,,,,Apalachee,Northwest District,Northwest,3,8,3,Not Affected,Not Affected,Not Affected,Not Affected,Not Affected,Not Affected,Not Affected,Not Affected,Not Affected,Not Affected,Not Affected,Not Affected,Not Affected,Not Affected,Not Affected,Medium,Medium,Medium,Medium,Medium,Medium,367427.9254,720655.3885
879,863,Chiefland ES,1206 NW 4th Ave,Chiefland,32626,Levy,-82.87004308,29.48204587,"-82.87004308, 29.48204587",17R LN 18692 62850,SHELTER,RISK,3,2008,7 Classroom,R, ,0,0,0,0,241,4820,241,4820,0, ,No,No,No,No,Yes, , , ,Yes,,,SHELTER,,Risk Shelter Inventory,Critical Community and Emergency Facilities,Regionally Significant,RSI_PT_879,Chiefland,Suwannee River Water Management District,FDEM,Risk Shelter Inventory - General - FDEM,,,,North Central Florida,Northeast District,Northwest,2,22,9,Not Affected,Not Affected,Not Affected,Not Affected,Not Affected,Not Affected,Not Affected,Not Affected,Not Affected,Not Affected,Not Affected,Not Affected,Not Affected,Not Affected,Not Affected,Not Affected,Not Affected,Not Affected,Not Affected,Not Affected,Not Affected,509398.8976,608878.654
880,864,Williston MS / HS,350 SW 12th Ave,Williston,32696,Levy,-82.45231717,29.37411229,"-82.45231717, 29.37411229",17R LN 59048 50311,SHELTER,RISK,3,1999,12 Classroom,R, ,0,0,0,0,300,5996,300,5996,495,S-1467-2005,No,No,No,No,Yes, , , , ,,,SHELTER,,Risk Shelter Inventory,Critical Community and Emergency Facilities,Regionally Significant,RSI_PT_880,Williston,Southwest Florida Water Management District,FDEM,Risk Shelter Inventory - General - FDEM,,,,North Central Florida,Northeast District,Northwest,2,22,9,Not Affected,Not Affected,Not Affected,Not Affected,Not Affected,Not Affected,Not Affected,Not Affected,Not Affected,Not Affected,Not Affected,Not Affected,Not Affected,Not Affected,Not Affected,Medium,High,High,High,High,High,549990.3867,597334.2797
881,865,Bronson MS / HS,8691 NE 90th St,Bronson,32621,Levy,-82.62603543,29.46379616,"-82.62603543, 29.46379616",17R LN 42325 60472,SHELTER,RISK,3,2005,4 Classroom,R, ,0,0,0,0,281,5620,281,5620,0, ,No,No,No,No,Yes, , , ,Yes,,,SHELTER,,Risk Shelter Inventory,Critical Community and Emergency Facilities,Regionally Significant,RSI_PT_881,Bronson,Suwannee River Water Management District,FDEM,Risk Shelter Inventory - General - FDEM,,,,North Central Florida,Northeast District,Northwest,2,22,9,Not Affected,Not Affected,Not Affected,Not Affected,Not Affected,Not Affected,Not Affected,Not Affected,Not Affected,Not Affected,Not Affected,Not Affected,Not Affected,Not Affected,Not Affected,Medium,Medium,Medium,Medium,Medium,Medium,533044.6418,607092.3002
882,866,Joyce M Bullock ES,131 SW 3rd St,Williston,32696,Levy,-82.4500856,29.38523231,"-82.45008560, 29.38523231",17R LN 59280 51541,SHELTER,RISK,3,2006,6 Classroom,R, ,0,0,0,0,217,4340,217,4340,0, ,No,No,No,No,Yes, , , ,Yes,,,SHELTER,,Risk Shelter Inventory,Critical Community and Emergency Facilities,Regionally Significant,RSI_PT_882,Williston,Southwest Florida Water Management District,FDEM,Risk Shelter Inventory - General - FDEM,,,,North Central Florida,Northeast District,Northwest,2,22,9,Not Affected,Not Affected,Not Affected,Not Affected,Not Affected,Not Affected,Not Affected,Not Affected,Not Affected,Not Affected,Not Affected,Not Affected,Not Affected,Not Affected,Not Affected,High,High,High,High,High,High,550191.1242,598571.6305
883,867,Bronson MS / HS,8691 NE 90th St,Bronson,32621,Levy,-82.62603543,29.46379616,"-82.62603543, 29.46379616",17R LN 42325 60472,SHELTER,RISK,3,2005,6 Cafeteria,A, ,0,0,354,7077,0,0,354,7077,0, ,No,No,No,Yes,Yes, , , , ,,,SHELTER,,Risk Shelter Inventory,Critical Community and Emergency Facilities,Regionally Significant,RSI_PT_881,Bronson,Suwannee River Water Management District,FDEM,Risk Shelter Inventory - General - FDEM,,,,North Central Florida,Northeast District,Northwest,2,22,9,Not Affected,Not Affected,Not Affected,Not Affected,Not Affected,Not Affected,Not Affected,Not Affected,Not Affected,Not Affected,Not Affected,Not Affected,Not Affected,Not Affected,Not Affected,Medium,Medium,Medium,Medium,Medium,Medium,533044.6418,607092.3002
884,868,Chiefland ES,1205 NW 4th Ave,Chiefland,32626,Levy,-82.87052,29.48034999,"-82.87052000, 29.48034999",17R LN 18643 62663,SHELTER,RISK,3,1991,4 Classroom / Library,R,Unknown kW for all Buildings,0,0,0,0,256,5123,256,5123,43,S FY 11/12 1515A: 13-SR-AA-05-48-D3-368,No,No,No,No,Yes, ,Yes, , ,,,SHELTER,,Risk Shelter Inventory,Critical Community and Emergency Facilities,Regionally Significant,RSI_PT_884,Chiefland,Suwannee River Water Management District,FDEM,Risk Shelter Inventory - General - FDEM,,,,North Central Florida,Northeast District,Northwest,2,22,9,Not Affected,Not Affected,Not Affected,Not Affected,Not Affected,Not Affected,Not Affected,Not Affected,Not Affected,Not Affected,Not Affected,Not Affected,Not Affected,Not Affected,Not Affected,Not Affected,Not Affected,Not Affected,Not Affected,Not Affected,Not Affected,509354.4495,608689.9394
885,869,Bronson ES,400 Ishie Ave,Bronson,32621,Levy,-82.62903997,29.46168998,"-82.62903997, 29.46168998",17R LN 42030 60243,SHELTER,RISK,3,1986,3 Cafeteria,R, ,0,0,0,0,275,5490,275,5490,622,S-09/10 1496,No,No,No,No,Yes, , , , ,,,SHELTER,,Risk Shelter Inventory,Critical Community and Emergency Facilities,Regionally Significant,RSI_PT_885,Bronson,Suwannee River Water Management District,FDEM,Risk Shelter Inventory - General - FDEM,,,,North Central Florida,Northeast District,Northwest,2,22,9,Not Affected,Not Affected,Not Affected,Not Affected,Not Affected,Not Affected,Not Affected,Not Affected,Not Affected,Not Affected,Not Affected,Not Affected,Not Affected,Not Affected,Not Affected,Not Affected,Not Affected,Not Affected,Not Affected,Not Affected,Not Affected,532756.316,606855.2198
886,870,Chiefland ES,1205 NW 4th Ave,Chiefland,32626,Levy,-82.87052,29.48034999,"-82.87052000, 29.48034999",17R LN 18643 62663,SHELTER,RISK,3,1991,2 Classroom,R,Unknown kW for all Buildings,0,0,0,0,362,7233,362,7233,362,S-1467-2005,No,No,No,No,Yes, ,Yes, , ,,,SHELTER,,Risk Shelter Inventory,Critical Community and Emergency Facilities,Regionally Significant,RSI_PT_884,Chiefland,Suwannee River Water Management District,FDEM,Risk Shelter Inventory - General - FDEM,,,,North Central Florida,Northeast District,Northwest,2,22,9,Not Affected,Not Affected,Not Affected,Not Affected,Not Affected,Not Affected,Not Affected,Not Affected,Not Affected,Not Affected,Not Affected,Not Affected,Not Affected,Not Affected,Not Affected,Not Affected,Not Affected,Not Affected,Not Affected,Not Affected,Not Affected,509354.4495,608689.9394
887,871,Bronson MS / HS,8691 NE 90th St,Bronson,32621,Levy,-82.62603543,29.46379616,"-82.62603543, 29.46379616",17R LN 42325 60472,SHELTER,RISK,3,2005,3 ESE / Classroom,R, ,0,0,0,0,577,11540,577,11540,0, ,No,No,No,No,Yes, , , ,Yes,,,SHELTER,,Risk Shelter Inventory,Critical Community and Emergency Facilities,Regionally Significant,RSI_PT_881,Bronson,Suwannee River Water Management District,FDEM,Risk Shelter Inventory - General - FDEM,,,,North Central Florida,Northeast District,Northwest,2,22,9,Not Affected,Not Affected,Not Affected,Not Affected,Not Affected,Not Affected,Not Affected,Not Affected,Not Affected,Not Affected,Not Affected,Not Affected,Not Affected,Not Affected,Not Affected,Medium,Medium,Medium,Medium,Medium,Medium,533044.6418,607092.3002
888,872,Joyce M Bullock ES,132 SW 3rd St,Williston,32696,Levy,-82.45019479,29.38519086,"-82.45019479, 29.38519086",17R LN 59270 51536,SHELTER,RISK,3,2008,7 Classroom,R, ,0,0,0,0,251,5020,251,5020,0, ,No,No,No,No,Yes, , , ,Yes,,,SHELTER,,Risk Shelter Inventory,Critical Community and Emergency Facilities,Regionally Significant,RSI_PT_888,Williston,Southwest Florida Water Management District,FDEM,Risk Shelter Inventory - General - FDEM,,,,North Central Florida,Northeast District,Northwest,2,22,9,Not Affected,Not Affected,Not Affected,Not Affected,Not Affected,Not Affected,Not Affected,Not Affected,Not Affected,Not Affected,Not Affected,Not Affected,Not Affected,Not Affected,Not Affected,High,High,High,High,High,High,550180.6013,598566.8958
889,873,Bronson MS / HS,8691 NE 90th St,Bronson,32621,Levy,-82.62603543,29.46379616,"-82.62603543, 29.46379616",17R LN 42325 60472,SHELTER,RISK,3,2005,5 Gym,R, ,0,0,0,0,720,14400,720,14400,0, ,No,No,No,No,Yes, , , , ,,,SHELTER,,Risk Shelter Inventory,Critical Community and Emergency Facilities,Regionally Significant,RSI_PT_881,Bronson,Suwannee River Water Management District,FDEM,Risk Shelter Inventory - General - FDEM,,,,North Central Florida,Northeast District,Northwest,2,22,9,Not Affected,Not Affected,Not Affected,Not Affected,Not Affected,Not Affected,Not Affected,Not Affected,Not Affected,Not Affected,Not Affected,Not Affected,Not Affected,Not Affected,Not Affected,Medium,Medium,Medium,Medium,Medium,Medium,533044.6418,607092.3002
890,874,Williston MS / HS,350 SW 12th Ave,Williston,32696,Levy,-82.45231717,29.37411229,"-82.45231717, 29.37411229",17R LN 59048 50311,SHELTER,RISK,3,1995,10 Health,R, ,0,0,0,0,46,926,46,926,130,S-1467-2005,No,No,No,No,Yes, , , , ,,,SHELTER,,Risk Shelter Inventory,Critical Community and Emergency Facilities,Regionally Significant,RSI_PT_880,Williston,Southwest Florida Water Management District,FDEM,Risk Shelter Inventory - General - FDEM,,,,North Central Florida,Northeast District,Northwest,2,22,9,Not Affected,Not Affected,Not Affected,Not Affected,Not Affected,Not Affected,Not Affected,Not Affected,Not Affected,Not Affected,Not Affected,Not Affected,Not Affected,Not Affected,Not Affected,Medium,High,High,High,High,High,549990.3867,597334.2797
891,875,Chiefland ES,1205 NW 4th Ave,Chiefland,32626,Levy,-82.87052,29.48034999,"-82.87052000, 29.48034999",17R LN 18643 62663,SHELTER,RISK,3,1991,3 Classroom,R,Unknown kW for all Buildings,0,0,0,0,313,6269,313,6269,443,S-1588-2006,No,No,No,No,Yes, ,Yes, , ,,,SHELTER,,Risk Shelter Inventory,Critical Community and Emergency Facilities,Regionally Significant,RSI_PT_884,Chiefland,Suwannee River Water Management District,FDEM,Risk Shelter Inventory - General - FDEM,,,,North Central Florida,Northeast District,Northwest,2,22,9,Not Affected,Not Affected,Not Affected,Not Affected,Not Affected,Not Affected,Not Affected,Not Affected,Not Affected,Not Affected,Not Affected,Not Affected,Not Affected,Not Affected,Not Affected,Not Affected,Not Affected,Not Affected,Not Affected,Not Affected,Not Affected,509354.4495,608689.9394
892,876,Chiefland MS / HS,808 N Main St,Chiefland,32626,Levy,-82.86202997,29.48533001,"-82.86202997, 29.48533001",17R LN 19475 63202,SHELTER,RISK,3,2006,4 Gym,R, ,0,0,0,0,256,5120,256,5120,0, ,No,No,No,No,Yes, , , ,Yes,,,SHELTER,,Risk Shelter Inventory,Critical Community and Emergency Facilities,Regionally Significant,RSI_PT_892,Chiefland,Suwannee River Water Management District,FDEM,Risk Shelter Inventory - General - FDEM,,,,North Central Florida,Northeast District,Northwest,2,22,9,Not Affected,Not Affected,Not Affected,Not Affected,Not Affected,Not Affected,Not Affected,Not Affected,Not Affected,Not Affected,Not Affected,Not Affected,Not Affected,Not Affected,Not Affected,Not Affected,Not Affected,Not Affected,Not Affected,Not Affected,Not Affected,510171.3147,609250.4191
893,877,Joyce M Bullock ES,130 SW 3rd St,Williston,32696,Levy,-82.45180999,29.38436001,"-82.45180999, 29.38436001",17R LN 59112 51446,SHELTER,RISK,3,1999,5 Classroom,R, ,0,0,0,0,252,5044,252,5044,252,S-1435A-2003,No,No,No,No,Yes, , , , ,,,SHELTER,,Risk Shelter Inventory,Critical Community and Emergency Facilities,Regionally Significant,RSI_PT_893,Williston,Southwest Florida Water Management District,FDEM,Risk Shelter Inventory - General - FDEM,,,,North Central Florida,Northeast District,Northwest,2,22,9,Not Affected,Not Affected,Not Affected,Not Affected,Not Affected,Not Affected,Not Affected,Not Affected,Not Affected,Not Affected,Not Affected,Not Affected,Not Affected,Not Affected,Not Affected,Not Affected,Not Affected,Not Affected,Not Affected,Not Affected,Not Affected,550025.2506,598472.6817
894,878,Bronson MS / HS,8691 NE 90th St,Bronson,32621,Levy,-82.62603543,29.46379616,"-82.62603543, 29.46379616",17R LN 42325 60472,SHELTER,RISK,3,2005,7 Vocational Tech,R, ,0,0,0,0,165,3300,165,3300,0, ,No,No,No,No,Yes, , , , ,,,SHELTER,,Risk Shelter Inventory,Critical Community and Emergency Facilities,Regionally Significant,RSI_PT_881,Bronson,Suwannee River Water Management District,FDEM,Risk Shelter Inventory - General - FDEM,,,,North Central Florida,Northeast District,Northwest,2,22,9,Not Affected,Not Affected,Not Affected,Not Affected,Not Affected,Not Affected,Not Affected,Not Affected,Not Affected,Not Affected,Not Affected,Not Affected,Not Affected,Not Affected,Not Affected,Medium,Medium,Medium,Medium,Medium,Medium,533044.6418,607092.3002
895,879,W R Toler K-8,14745 SR-12 S,Bristol,32321,Liberty,-84.92443638,30.47810003,"-84.92443638, 30.47810003",16R FU 99238 73595,SHELTER,RISK,2,2000,4 Gym,R,"Yes, unknown kW",0,0,0,0,381,7613,381,7613,381, ,No,No,No,No,Yes, , , , ,,,SHELTER,,Risk Shelter Inventory,Critical Community and Emergency Facilities,Regionally Significant,RSI_PT_895,,Northwest Florida Water Management District,FDEM,Risk Shelter Inventory - General - FDEM,,,,Apalachee,Northwest District,Northwest,3,7,3,Not Affected,Not Affected,Not Affected,Not Affected,Not Affected,Not Affected,Not Affected,Not Affected,Not Affected,Not Affected,Not Affected,Not Affected,Not Affected,Not Affected,Not Affected,Not Affected,Not Affected,Not Affected,Not Affected,Not Affected,Not Affected,311327.4239,719278.5188
896,880,Hosford ES & Jr HS,16864 NE SR 65,Hosford,32334,Liberty,-84.79835985,30.3888822,"-84.79835985, 30.38888220",16R GU 11535 63934,SHELTER,RISK,2,2000,12 Classroom,A, ,0,0,0,0,220,4396,220,4396,0,S FY 11/12 1515A 13-SR-AA-02-49-03-367,No,No,No,No,Yes, , , , ,,,SHELTER,,Risk Shelter Inventory,Critical Community and Emergency Facilities,Regionally Significant,RSI_PT_896,,Northwest Florida Water Management District,FDEM,Risk Shelter Inventory - General - FDEM,,,,Apalachee,Northwest District,Northwest,3,7,3,Not Affected,Not Affected,Not Affected,Not Affected,Not Affected,Not Affected,Not Affected,Not Affected,Not Affected,Not Affected,Not Affected,Not Affected,Not Affected,Not Affected,Not Affected,Not Affected,Not Affected,Not Affected,Not Affected,Not Affected,Not Affected,323356.4878,709293.0242
897,881,W R Toler K-8,14745 SR-12 S,Bristol,32321,Liberty,-84.92443638,30.47810003,"-84.92443638, 30.47810003",16R FU 99238 73595,SHELTER,RISK,2,2000,2 Classroom,A,"Yes, unknown kW",0,0,548,10962,0,0,548,10962,548,L,No,No,No,Yes,Yes, , , , ,,,SHELTER,,Risk Shelter Inventory,Critical Community and Emergency Facilities,Regionally Significant,RSI_PT_895,,Northwest Florida Water Management District,FDEM,Risk Shelter Inventory - General - FDEM,,,,Apalachee,Northwest District,Northwest,3,7,3,Not Affected,Not Affected,Not Affected,Not Affected,Not Affected,Not Affected,Not Affected,Not Affected,Not Affected,Not Affected,Not Affected,Not Affected,Not Affected,Not Affected,Not Affected,Not Affected,Not Affected,Not Affected,Not Affected,Not Affected,Not Affected,311327.4239,719278.5188
898,882,W R Toler K-8,14745 SR-12 S,Bristol,32321,Liberty,-84.92443638,30.47810003,"-84.92443638, 30.47810003",16R FU 99238 73595,SHELTER,RISK,2,2000,1 Main,R,"Yes, unknown kW",0,0,0,0,185,3707,185,3707,185,1508-2005?,No,No,No,No,Yes, , ,Yes, ,,,SHELTER,,Risk Shelter Inventory,Critical Community and Emergency Facilities,Regionally Significant,RSI_PT_895,,Northwest Florida Water Management District,FDEM,Risk Shelter Inventory - General - FDEM,,,,Apalachee,Northwest District,Northwest,3,7,3,Not Affected,Not Affected,Not Affected,Not Affected,Not Affected,Not Affected,Not Affected,Not Affected,Not Affected,Not Affected,Not Affected,Not Affected,Not Affected,Not Affected,Not Affected,Not Affected,Not Affected,Not Affected,Not Affected,Not Affected,Not Affected,311327.4239,719278.5188
899,883,W R Toler K-8,14745 SR-12 S,Bristol,32321,Liberty,-84.92443638,30.47810003,"-84.92443638, 30.47810003",16R FU 99238 73595,SHELTER,RISK,2,2000,3 Classroom,R,"Yes, unknown kW",0,0,0,0,63,1262,63,1262,63,1508-2005?,No,No,No,No,Yes, , ,Yes, ,,,SHELTER,,Risk Shelter Inventory,Critical Community and Emergency Facilities,Regionally Significant,RSI_PT_895,,Northwest Florida Water Management District,FDEM,Risk Shelter Inventory - General - FDEM,,,,Apalachee,Northwest District,Northwest,3,7,3,Not Affected,Not Affected,Not Affected,Not Affected,Not Affected,Not Affected,Not Affected,Not Affected,Not Affected,Not Affected,Not Affected,Not Affected,Not Affected,Not Affected,Not Affected,Not Affected,Not Affected,Not Affected,Not Affected,Not Affected,Not Affected,311327.4239,719278.5188
900,884,Liberty County HS,12592 NW Myers Ann St,Bristol,32321,Liberty,-84.97560003,30.43101999,"-84.97560003, 30.43101999",16R FU 94419 68287,SHELTER,RISK,2,2007,19 Classroom,A, ,0,0,0,0,223,4466,223,4466,0,L,No,No,No,No,Yes, , , , ,,,SHELTER,,Risk Shelter Inventory,Critical Community and Emergency Facilities,Regionally Significant,RSI_PT_900,Bristol,Northwest Florida Water Management District,FDEM,Risk Shelter Inventory - General - FDEM,,,,Apalachee,Northwest District,Northwest,3,7,3,Not Affected,Not Affected,Not Affected,Not Affected,Not Affected,Not Affected,Not Affected,Not Affected,Not Affected,Not Affected,Not Affected,Not Affected,Not Affected,Not Affected,Not Affected,Not Affected,Not Affected,Not Affected,Not Affected,Not Affected,Not Affected,306378.5356,714091.7118
901,885,Madison Central School,2093 US Hwy 90,Madison,32340,Madison,-83.44554999,30.47853001,"-83.44554999, 30.47853001",17R KP 65237 74354,SHELTER,RISK,3,2000,4 Classroom,R, ,0,0,0,0,101,2025,101,2025,265,S-1435A-2003,No,No,No,No,Yes, ,Yes, , ,,,SHELTER,,Risk Shelter Inventory,Critical Community and Emergency Facilities,Regionally Significant,RSI_PT_901,,Suwannee River Water Management District,FDEM,Risk Shelter Inventory - General - FDEM,,,,North Central Florida,Northeast District,Northwest,2,9,3,Not Affected,Not Affected,Not Affected,Not Affected,Not Affected,Not Affected,Not Affected,Not Affected,Not Affected,Not Affected,Not Affected,Not Affected,Not Affected,Not Affected,Not Affected,Not Affected,Not Affected,Not Affected,Not Affected,Not Affected,Not Affected,453183.3323,719113.4261
902,886,Madison Central School,2093 US Hwy 90,Madison,32340,Madison,-83.44554999,30.47853001,"-83.44554999, 30.47853001",17R KP 65237 74354,SHELTER,RISK,3,2000,8 Classroom,R, ,0,0,0,0,434,8679,434,8679,796,S-1435A-2003,No,No,No,No,Yes, ,Yes, , ,,,SHELTER,,Risk Shelter Inventory,Critical Community and Emergency Facilities,Regionally Significant,RSI_PT_901,,Suwannee River Water Management District,FDEM,Risk Shelter Inventory - General - FDEM,,,,North Central Florida,Northeast District,Northwest,2,9,3,Not Affected,Not Affected,Not Affected,Not Affected,Not Affected,Not Affected,Not Affected,Not Affected,Not Affected,Not Affected,Not Affected,Not Affected,Not Affected,Not Affected,Not Affected,Not Affected,Not Affected,Not Affected,Not Affected,Not Affected,Not Affected,453183.3323,719113.4261
903,887,Madison Central School,2093 US Hwy 90,Madison,32340,Madison,-83.44554999,30.47853001,"-83.44554999, 30.47853001",17R KP 65237 74354,SHELTER,RISK,3,2000,11 Music,R, ,0,0,0,0,259,5175,259,5175,518,S-1435A-2003,No,No,No,No,Yes, ,Yes, , ,,,SHELTER,,Risk Shelter Inventory,Critical Community and Emergency Facilities,Regionally Significant,RSI_PT_901,,Suwannee River Water Management District,FDEM,Risk Shelter Inventory - General - FDEM,,,,North Central Florida,Northeast District,Northwest,2,9,3,Not Affected,Not Affected,Not Affected,Not Affected,Not Affected,Not Affected,Not Affected,Not Affected,Not Affected,Not Affected,Not Affected,Not Affected,Not Affected,Not Affected,Not Affected,Not Affected,Not Affected,Not Affected,Not Affected,Not Affected,Not Affected,453183.3323,719113.4261
904,888,Madison Central School,2093 US Hwy 90,Madison,32340,Madison,-83.44554999,30.47853001,"-83.44554999, 30.47853001",17R KP 65237 74354,SHELTER,RISK,3,2000,6 Classroom,R, ,0,0,0,0,324,6481,324,6481,768,S-1435A-2003,No,No,No,No,Yes, ,Yes, , ,,,SHELTER,,Risk Shelter Inventory,Critical Community and Emergency Facilities,Regionally Significant,RSI_PT_901,,Suwannee River Water Management District,FDEM,Risk Shelter Inventory - General - FDEM,,,,North Central Florida,Northeast District,Northwest,2,9,3,Not Affected,Not Affected,Not Affected,Not Affected,Not Affected,Not Affected,Not Affected,Not Affected,Not Affected,Not Affected,Not Affected,Not Affected,Not Affected,Not Affected,Not Affected,Not Affected,Not Affected,Not Affected,Not Affected,Not Affected,Not Affected,453183.3323,719113.4261
905,889,Madison Central School,2093 US Hwy 90,Madison,32340,Madison,-83.44554999,30.47853001,"-83.44554999, 30.47853001",17R KP 65237 74354,SHELTER,RISK,3,2000,12 Gym,R, ,0,0,0,0,559,11179,559,11179,0, ,No,No,No,No,Yes, ,Yes, , ,,,SHELTER,,Risk Shelter Inventory,Critical Community and Emergency Facilities,Regionally Significant,RSI_PT_901,,Suwannee River Water Management District,FDEM,Risk Shelter Inventory - General - FDEM,,,,North Central Florida,Northeast District,Northwest,2,9,3,Not Affected,Not Affected,Not Affected,Not Affected,Not Affected,Not Affected,Not Affected,Not Affected,Not Affected,Not Affected,Not Affected,Not Affected,Not Affected,Not Affected,Not Affected,Not Affected,Not Affected,Not Affected,Not Affected,Not Affected,Not Affected,453183.3323,719113.4261
906,890,Madison Central School,2093 US Hwy 90,Madison,32340,Madison,-83.44554999,30.47853001,"-83.44554999, 30.47853001",17R KP 65237 74354,SHELTER,RISK,3,2000,5 Classroom,R, ,0,0,0,0,390,7807,390,7807,833,S-1435A-2003,No,No,No,No,Yes, ,Yes, , ,,,SHELTER,,Risk Shelter Inventory,Critical Community and Emergency Facilities,Regionally Significant,RSI_PT_901,,Suwannee River Water Management District,FDEM,Risk Shelter Inventory - General - FDEM,,,,North Central Florida,Northeast District,Northwest,2,9,3,Not Affected,Not Affected,Not Affected,Not Affected,Not Affected,Not Affected,Not Affected,Not Affected,Not Affected,Not Affected,Not Affected,Not Affected,Not Affected,Not Affected,Not Affected,Not Affected,Not Affected,Not Affected,Not Affected,Not Affected,Not Affected,453183.3323,719113.4261
907,891,Madison Central School,2093 US Hwy 90,Madison,32340,Madison,-83.44554999,30.47853001,"-83.44554999, 30.47853001",17R KP 65237 74354,SHELTER,RISK,3,2000,3 Classroom / Lab,R, ,0,0,0,0,98,1966,98,1966,490,S-1435A-2003,No,No,No,No,Yes, ,Yes, , ,,,SHELTER,,Risk Shelter Inventory,Critical Community and Emergency Facilities,Regionally Significant,RSI_PT_901,,Suwannee River Water Management District,FDEM,Risk Shelter Inventory - General - FDEM,,,,North Central Florida,Northeast District,Northwest,2,9,3,Not Affected,Not Affected,Not Affected,Not Affected,Not Affected,Not Affected,Not Affected,Not Affected,Not Affected,Not Affected,Not Affected,Not Affected,Not Affected,Not Affected,Not Affected,Not Affected,Not Affected,Not Affected,Not Affected,Not Affected,Not Affected,453183.3323,719113.4261
908,892,Madison Central School,2093 US Hwy 90,Madison,32340,Madison,-83.44554999,30.47853001,"-83.44554999, 30.47853001",17R KP 65237 74354,SHELTER,RISK,3,2000,7 Classroom,R, ,0,0,0,0,329,6579,329,6579,728,S-1435A-2003,No,No,No,No,Yes, ,Yes, , ,,,SHELTER,,Risk Shelter Inventory,Critical Community and Emergency Facilities,Regionally Significant,RSI_PT_901,,Suwannee River Water Management District,FDEM,Risk Shelter Inventory - General - FDEM,,,,North Central Florida,Northeast District,Northwest,2,9,3,Not Affected,Not Affected,Not Affected,Not Affected,Not Affected,Not Affected,Not Affected,Not Affected,Not Affected,Not Affected,Not Affected,Not Affected,Not Affected,Not Affected,Not Affected,Not Affected,Not Affected,Not Affected,Not Affected,Not Affected,Not Affected,453183.3323,719113.4261
909,893,Madison Central School,2093 US Hwy 90,Madison,32340,Madison,-83.44554999,30.47853001,"-83.44554999, 30.47853001",17R KP 65237 74354,SHELTER,RISK,3,2000,10 Classroom / Lab,R, ,0,0,0,0,448,8959,448,8959,802,S-1435A-2003,No,No,No,No,Yes, ,Yes, , ,,,SHELTER,,Risk Shelter Inventory,Critical Community and Emergency Facilities,Regionally Significant,RSI_PT_901,,Suwannee River Water Management District,FDEM,Risk Shelter Inventory - General - FDEM,,,,North Central Florida,Northeast District,Northwest,2,9,3,Not Affected,Not Affected,Not Affected,Not Affected,Not Affected,Not Affected,Not Affected,Not Affected,Not Affected,Not Affected,Not Affected,Not Affected,Not Affected,Not Affected,Not Affected,Not Affected,Not Affected,Not Affected,Not Affected,Not Affected,Not Affected,453183.3323,719113.4261
910,894,Madison Central School,2093 US Hwy 90,Madison,32340,Madison,-83.44554999,30.47853001,"-83.44554999, 30.47853001",17R KP 65237 74354,SHELTER,RISK,3,2000,9 Classroom / Lab,R, ,0,0,0,0,360,7195,360,7195,659,S-1435A-2003,No,No,No,No,Yes, ,Yes, , ,,,SHELTER,,Risk Shelter Inventory,Critical Community and Emergency Facilities,Regionally Significant,RSI_PT_901,,Suwannee River Water Management District,FDEM,Risk Shelter Inventory - General - FDEM,,,,North Central Florida,Northeast District,Northwest,2,9,3,Not Affected,Not Affected,Not Affected,Not Affected,Not Affected,Not Affected,Not Affected,Not Affected,Not Affected,Not Affected,Not Affected,Not Affected,Not Affected,Not Affected,Not Affected,Not Affected,Not Affected,Not Affected,Not Affected,Not Affected,Not Affected,453183.3323,719113.4261
911,895,Madison Central School,2093 US Hwy 90,Madison,32340,Madison,-83.44554999,30.47853001,"-83.44554999, 30.47853001",17R KP 65237 74354,SHELTER,RISK,3,2000,1 Admin,R, ,0,0,0,0,131,2621,131,2621,518,S-1435A-2003,No,No,No,No,Yes, ,Yes, , ,,,SHELTER,,Risk Shelter Inventory,Critical Community and Emergency Facilities,Regionally Significant,RSI_PT_901,,Suwannee River Water Management District,FDEM,Risk Shelter Inventory - General - FDEM,,,,North Central Florida,Northeast District,Northwest,2,9,3,Not Affected,Not Affected,Not Affected,Not Affected,Not Affected,Not Affected,Not Affected,Not Affected,Not Affected,Not Affected,Not Affected,Not Affected,Not Affected,Not Affected,Not Affected,Not Affected,Not Affected,Not Affected,Not Affected,Not Affected,Not Affected,453183.3323,719113.4261
912,896,Annie Lucy Williams ES,3404 Fort Hamer Rd,Parrish,34219,Manatee,-82.42352702,27.54391401,"-82.42352702, 27.54391401",17R LL 59442 47488,SHELTER,RISK,7,2007,1 Admin / Classroom,R, ,0,0,0,0,876,17529,876,17529,1450,"L,S",No,No,No,No,Yes, , , , ,,,SHELTER,,Risk Shelter Inventory,Critical Community and Emergency Facilities,Regionally Significant,RSI_PT_912,,Southwest Florida Water Management District,FDEM,Risk Shelter Inventory - General - FDEM,,,,Tampa Bay,Southwest District,Southwest,1,72,20,Not Affected,Not Affected,Not Affected,Not Affected,Not Affected,Not Affected,Not Affected,Not Affected,Not Affected,Not Affected,Not Affected,Not Affected,Not Affected,Not Affected,Not Affected,Not Affected,Not Affected,Not Affected,Low,Low,Low,555378.6406,394139.6214
913,897,Virgil Mills ES,7200 69th St E,Palmetto,34221,Manatee,-82.490367,27.575226,"-82.49036700, 27.57522600",17R LL 52883 51035,SHELTER,RISK,7,2007,4 Classroom,A, ,0,0,0,0,0,0,322,6442,0, ,No,No,No,No,Yes, , , , ,,,SHELTER,,Risk Shelter Inventory,Critical Community and Emergency Facilities,Regionally Significant,RSI_PT_913,,Southwest Florida Water Management District,FDEM,Risk Shelter Inventory - General - FDEM,,,,Tampa Bay,Southwest District,Southwest,1,70,20,Not Affected,Not Affected,Not Affected,Not Affected,Not Affected,Not Affected,Not Affected,Not Affected,Not Affected,Not Affected,Not Affected,Not Affected,Not Affected,Not Affected,Not Affected,Not Affected,Not Affected,Not Affected,Not Affected,Not Affected,Not Affected,548748.6003,397534.0535
914,898,Electa Lee Magnet MS,4000 53rd Ave W,Bradenton,34210,Manatee,-82.60074702,27.44695899,"-82.60074702, 27.44695899",17R LL 41802 36960,SHELTER,RISK,7,2000,C Classroom,R, ,0,0,0,0,390,7790,390,7790,326,S-1543,D,5-Apr,No,No,Yes, , , , ,,,SHELTER,,Risk Shelter Inventory,Critical Community and Emergency Facilities,Regionally Significant,RSI_PT_914,,Southwest Florida Water Management District,FDEM,Risk Shelter Inventory - General - FDEM,,,,Tampa Bay,Southwest District,Southwest,1,71,20,Not Affected,Not Affected,Not Affected,Not Affected,Not Affected,Not Affected,Not Affected,Not Affected,Not Affected,Not Affected,Not Affected,Not Affected,Not Affected,Not Affected,Not Affected,Not Affected,Not Affected,Not Affected,Not Affected,Not Affected,Not Affected,538034.6347,383163.0817
915,899,Gullett ES,12125 44th Ave E,Bradenton,34211,Manatee,-82.42236403,27.46164601,"-82.42236403, 27.46164601",17R LL 59452 38373,SHELTER,RISK,7,2007,1 Classroom 1st Floor,A, ,0,0,866,17311,0,0,866,17311,0, ,No,No,No,Yes,Yes, , , , ,,,SHELTER,,Risk Shelter Inventory,Critical Community and Emergency Facilities,Regionally Significant,RSI_PT_915,,Southwest Florida Water Management District,FDEM,Risk Shelter Inventory - General - FDEM,,,,Tampa Bay,Southwest District,Southwest,1,72,20,Not Affected,Not Affected,Not Affected,Not Affected,Not Affected,Not Affected,Not Affected,Not Affected,Not Affected,Not Affected,Not Affected,Not Affected,Not Affected,Not Affected,Not Affected,Not Affected,Not Affected,Not Affected,Not Affected,Not Affected,Not Affected,555610.1333,385006.2733
916,900,Annie Lucy Williams ES,3404 Fort Hamer Rd,Parrish,34219,Manatee,-82.42352702,27.54391401,"-82.42352702, 27.54391401",17R LL 59442 47488,SHELTER,RISK,7,2007,2 Media / Multipurpose,A, ,0,0,333,6663,0,0,333,6663,0, ,No,No,No,Yes,Yes, , , , ,,,SHELTER,,Risk Shelter Inventory,Critical Community and Emergency Facilities,Regionally Significant,RSI_PT_912,,Southwest Florida Water Management District,FDEM,Risk Shelter Inventory - General - FDEM,,,,Tampa Bay,Southwest District,Southwest,1,72,20,Not Affected,Not Affected,Not Affected,Not Affected,Not Affected,Not Affected,Not Affected,Not Affected,Not Affected,Not Affected,Not Affected,Not Affected,Not Affected,Not Affected,Not Affected,Not Affected,Not Affected,Not Affected,Low,Low,Low,555378.6406,394139.6214
917,901,Gilbert W McNeal ES,6325 Lorraine Rd,Bradenton,34202,Manatee,-82.39389297,27.427265,"-82.39389297, 27.42726500",17R LL 62223 34532,SHELTER,RISK,7,2003,1 Main,R, ,0,0,0,0,1855,37095,1855,37095,1407,L,No,No,No,No,Yes, , , ,Yes,,,SHELTER,,Risk Shelter Inventory,Critical Community and Emergency Facilities,Regionally Significant,RSI_PT_917,,Southwest Florida Water Management District,FDEM,Risk Shelter Inventory - General - FDEM,,,,Tampa Bay,Southwest District,Southwest,1,72,22,Not Affected,Not Affected,Not Affected,Not Affected,Not Affected,Not Affected,Not Affected,Not Affected,Not Affected,Not Affected,Not Affected,Not Affected,Not Affected,Not Affected,Not Affected,Not Affected,Not Affected,Not Affected,Low,Low,Low,558467.9431,381225.0169
918,902,Robert H Prine ES,3801 Southern Pkwy,Bradenton,34205,Manatee,-82.59669404,27.47139199,"-82.59669404, 27.47139199",17R LL 42237 39662,SHELTER,RISK,7,2005,1 Main,R, ,0,0,0,0,2134,42675,2134,42675,2054,L,E,No,No,No,Yes, , , ,Yes,,,SHELTER,,Risk Shelter Inventory,Critical Community and Emergency Facilities,Regionally Significant,RSI_PT_918,,Southwest Florida Water Management District,FDEM,Risk Shelter Inventory - General - FDEM,,,,Tampa Bay,Southwest District,Southwest,1,71,20,Not Affected,Not Affected,Not Affected,Not Affected,Not Affected,Not Affected,Not Affected,Not Affected,Not Affected,Not Affected,Not Affected,Not Affected,Not Affected,Not Affected,Not Affected,Not Affected,Not Affected,Not Affected,Not Affected,Not Affected,Not Affected,538403.5647,385880.6158
919,903,Buffalo Creek MS,7320 69th St E,Palmetto,34221,Manatee,-82.48851703,27.57515802,"-82.48851703, 27.57515802",17R LL 53065 51025,SHELTER,RISK,7,2006,3 Gym,A, ,0,0,0,0,0,0,493,9869,0, ,No,No,No,No,Yes, , , , ,,,SHELTER,,Risk Shelter Inventory,Critical Community and Emergency Facilities,Regionally Significant,RSI_PT_919,,Southwest Florida Water Management District,FDEM,Risk Shelter Inventory - General - FDEM,,,,Tampa Bay,Southwest District,Southwest,1,70,20,Not Affected,Not Affected,Not Affected,Not Affected,Not Affected,Not Affected,Not Affected,Not Affected,Not Affected,Not Affected,Not Affected,Not Affected,Not Affected,Not Affected,Not Affected,Not Affected,Not Affected,Not Affected,Not Affected,Not Affected,Not Affected,548930.9666,397528.7381
920,904,Electa Lee Magnet MS,4000 53rd Ave W,Bradenton,34210,Manatee,-82.60074702,27.44695899,"-82.60074702, 27.44695899",17R LL 41802 36960,SHELTER,RISK,7,2000,A Classroom,R, ,0,0,0,0,392,7849,392,7849,326,S-1543,D,5-Apr,No,No,Yes, , , , ,,,SHELTER,,Risk Shelter Inventory,Critical Community and Emergency Facilities,Regionally Significant,RSI_PT_914,,Southwest Florida Water Management District,FDEM,Risk Shelter Inventory - General - FDEM,,,,Tampa Bay,Southwest District,Southwest,1,71,20,Not Affected,Not Affected,Not Affected,Not Affected,Not Affected,Not Affected,Not Affected,Not Affected,Not Affected,Not Affected,Not Affected,Not Affected,Not Affected,Not Affected,Not Affected,Not Affected,Not Affected,Not Affected,Not Affected,Not Affected,Not Affected,538034.6347,383163.0817
921,905,Buffalo Creek MS,7320 69th St E,Palmetto,34221,Manatee,-82.48851703,27.57515802,"-82.48851703, 27.57515802",17R LL 53065 51025,SHELTER,RISK,7,2006,4 Music,A, ,0,0,0,0,0,0,200,3998,0, ,No,No,No,No,Yes, , , , ,,,SHELTER,,Risk Shelter Inventory,Critical Community and Emergency Facilities,Regionally Significant,RSI_PT_919,,Southwest Florida Water Management District,FDEM,Risk Shelter Inventory - General - FDEM,,,,Tampa Bay,Southwest District,Southwest,1,70,20,Not Affected,Not Affected,Not Affected,Not Affected,Not Affected,Not Affected,Not Affected,Not Affected,Not Affected,Not Affected,Not Affected,Not Affected,Not Affected,Not Affected,Not Affected,Not Affected,Not Affected,Not Affected,Not Affected,Not Affected,Not Affected,548930.9666,397528.7381
922,906,Virgil Mills ES,7200 69th St E,Palmetto,34221,Manatee,-82.490367,27.575226,"-82.49036700, 27.57522600",17R LL 52883 51035,SHELTER,RISK,7,2004,1 Main,R, ,0,0,0,0,1985,39695,1985,39695,1484,L,No,No,No,No,Yes, ,Yes, ,Yes,,,SHELTER,,Risk Shelter Inventory,Critical Community and Emergency Facilities,Regionally Significant,RSI_PT_913,,Southwest Florida Water Management District,FDEM,Risk Shelter Inventory - General - FDEM,,,,Tampa Bay,Southwest District,Southwest,1,70,20,Not Affected,Not Affected,Not Affected,Not Affected,Not Affected,Not Affected,Not Affected,Not Affected,Not Affected,Not Affected,Not Affected,Not Affected,Not Affected,Not Affected,Not Affected,Not Affected,Not Affected,Not Affected,Not Affected,Not Affected,Not Affected,548748.6003,397534.0535
923,907,Buffalo Creek MS,7320 69th St E,Palmetto,34221,Manatee,-82.48851703,27.57515802,"-82.48851703, 27.57515802",17R LL 53065 51025,SHELTER,RISK,7,2006,2 Classroom,A, ,0,0,0,0,0,0,1614,32273,0, ,No,No,No,No,Yes, , , , ,,,SHELTER,,Risk Shelter Inventory,Critical Community and Emergency Facilities,Regionally Significant,RSI_PT_919,,Southwest Florida Water Management District,FDEM,Risk Shelter Inventory - General - FDEM,,,,Tampa Bay,Southwest District,Southwest,1,70,20,Not Affected,Not Affected,Not Affected,Not Affected,Not Affected,Not Affected,Not Affected,Not Affected,Not Affected,Not Affected,Not Affected,Not Affected,Not Affected,Not Affected,Not Affected,Not Affected,Not Affected,Not Affected,Not Affected,Not Affected,Not Affected,548930.9666,397528.7381
924,908,Buffalo Creek MS,7320 69th St E,Palmetto,34221,Manatee,-82.48851703,27.57515802,"-82.48851703, 27.57515802",17R LL 53065 51025,SHELTER,RISK,7,2006,1 Admin / Media,A, ,0,0,153,3050,0,0,153,3050,0, ,No,No,No,Yes,Yes, , , ,Yes,,,SHELTER,,Risk Shelter Inventory,Critical Community and Emergency Facilities,Regionally Significant,RSI_PT_919,,Southwest Florida Water Management District,FDEM,Risk Shelter Inventory - General - FDEM,,,,Tampa Bay,Southwest District,Southwest,1,70,20,Not Affected,Not Affected,Not Affected,Not Affected,Not Affected,Not Affected,Not Affected,Not Affected,Not Affected,Not Affected,Not Affected,Not Affected,Not Affected,Not Affected,Not Affected,Not Affected,Not Affected,Not Affected,Not Affected,Not Affected,Not Affected,548930.9666,397528.7381
925,909,Electa Lee Magnet MS,4000 53rd Ave W,Bradenton,34210,Manatee,-82.60074702,27.44695899,"-82.60074702, 27.44695899",17R LL 41802 36960,SHELTER,RISK,7,2000,B Classroom,R, ,0,0,0,0,357,7132,357,7132,326,S-1543,D,5-Apr,No,No,Yes, , , , ,,,SHELTER,,Risk Shelter Inventory,Critical Community and Emergency Facilities,Regionally Significant,RSI_PT_914,,Southwest Florida Water Management District,FDEM,Risk Shelter Inventory - General - FDEM,,,,Tampa Bay,Southwest District,Southwest,1,71,20,Not Affected,Not Affected,Not Affected,Not Affected,Not Affected,Not Affected,Not Affected,Not Affected,Not Affected,Not Affected,Not Affected,Not Affected,Not Affected,Not Affected,Not Affected,Not Affected,Not Affected,Not Affected,Not Affected,Not Affected,Not Affected,538034.6347,383163.0817
926,910,Myakka City ES,37205 Manatee Ave,Myakka City,34251,Manatee,-82.16150797,27.35124101,"-82.16150797, 27.35124101",17R LL 85116 25874,SHELTER,RISK,7,2010,13 Cafeteria,R, ,0,0,0,0,206,4120,206,4120,206,"L,S",No,No,No,No,Yes, , , , ,,,SHELTER,,Risk Shelter Inventory,Critical Community and Emergency Facilities,Regionally Significant,RSI_PT_926,,Southwest Florida Water Management District,FDEM,Risk Shelter Inventory - General - FDEM,,,,Tampa Bay,Southwest District,Southwest,1,72,20,Not Affected,Not Affected,Not Affected,Not Affected,Not Affected,Not Affected,Not Affected,Not Affected,Not Affected,Not Affected,Not Affected,Not Affected,Not Affected,Not Affected,Not Affected,Not Affected,Not Affected,Not Affected,Not Affected,Not Affected,Not Affected,581520.6748,373104.2468
927,911,Braden River MS,6215 River Club Blvd,Bradenton,34202,Manatee,-82.43563803,27.429933,"-82.43563803, 27.42993300",17R LL 58099 34874,SHELTER,RISK,7,1990,5E Cafeteria,R,80 kW,0,0,0,0,126,2518,126,2518,183,S-1543,No,No,No,No,Yes, , , , ,,,SHELTER,,Risk Shelter Inventory,Critical Community and Emergency Facilities,Regionally Significant,RSI_PT_927,,Southwest Florida Water Management District,FDEM,Risk Shelter Inventory - General - FDEM,,,,Tampa Bay,Southwest District,Southwest,1,72,22,Not Affected,Not Affected,Not Affected,Not Affected,Not Affected,Not Affected,Not Affected,Not Affected,Not Affected,Not Affected,Not Affected,Not Affected,Not Affected,Not Affected,Not Affected,Not Affected,Not Affected,Not Affected,Not Affected,Not Affected,Not Affected,554345.5958,381468.3112
928,912,Gullett ES,12125 44th Ave E,Bradenton,34211,Manatee,-82.42236403,27.46164601,"-82.42236403, 27.46164601",17R LL 59452 38373,SHELTER,RISK,7,2007,2 Cafeteria / Art,A, ,0,0,339,6785,0,0,339,6785,0, ,No,No,No,Yes,Yes, , , , ,,,SHELTER,,Risk Shelter Inventory,Critical Community and Emergency Facilities,Regionally Significant,RSI_PT_915,,Southwest Florida Water Management District,FDEM,Risk Shelter Inventory - General - FDEM,,,,Tampa Bay,Southwest District,Southwest,1,72,20,Not Affected,Not Affected,Not Affected,Not Affected,Not Affected,Not Affected,Not Affected,Not Affected,Not Affected,Not Affected,Not Affected,Not Affected,Not Affected,Not Affected,Not Affected,Not Affected,Not Affected,Not Affected,Not Affected,Not Affected,Not Affected,555610.1333,385006.2733
929,913,Manatee Tech College East,5540 Lakewood Ranch Blvd,Bradenton,34211,Manatee,-82.43304802,27.442402,"-82.43304802, 27.44240200",17R LL 58371 36253,SHELTER,RISK,7,2007,2 Dining / Vocational,A, ,0,0,693,13868,0,0,693,13868,0, ,No,No,No,Yes,Yes, , , ,Yes,,,SHELTER,,Risk Shelter Inventory,Critical Community and Emergency Facilities,Regionally Significant,RSI_PT_929,,Southwest Florida Water Management District,FDEM,Risk Shelter Inventory - General - FDEM,,,,Tampa Bay,Southwest District,Southwest,1,72,20,Not Affected,Not Affected,Not Affected,Not Affected,Not Affected,Not Affected,Not Affected,Not Affected,Not Affected,Not Affected,Not Affected,Not Affected,Not Affected,Not Affected,Not Affected,Not Affected,Not Affected,Not Affected,Not Affected,Not Affected,Not Affected,554583.5279,382856.0584
930,914,Jessie P Miller ES,601 43rd St W,Bradenton,34209,Manatee,-82.60293101,27.49374501,"-82.60293101, 27.49374501",17R LL 41653 42146,SHELTER,RISK,7,2007,1 Main,A, ,0,0,2080,41605,0,0,2080,41605,0, ,E,No,No,Yes,Yes, , , ,Yes,,,SHELTER,,Risk Shelter Inventory,Critical Community and Emergency Facilities,Regionally Significant,RSI_PT_930,Bradenton,Southwest Florida Water Management District,FDEM,Risk Shelter Inventory - General - FDEM,,,,Tampa Bay,Southwest District,Southwest,1,71,20,Not Affected,Not Affected,Not Affected,Not Affected,Not Affected,Not Affected,Not Affected,Not Affected,Not Affected,Not Affected,Not Affected,Not Affected,Not Affected,Not Affected,Not Affected,Not Affected,Not Affected,Not Affected,Not Affected,Not Affected,Not Affected,537760.3371,388355.6822
931,915,Buffalo Creek MS,7320 69th St E,Palmetto,34221,Manatee,-82.48851703,27.57515802,"-82.48851703, 27.57515802",17R LL 53065 51025,SHELTER,RISK,7,2006,5 Cafeteria,A, ,0,0,0,0,0,0,394,7876,0, ,No,No,No,No,Yes, , , , ,,,SHELTER,,Risk Shelter Inventory,Critical Community and Emergency Facilities,Regionally Significant,RSI_PT_919,,Southwest Florida Water Management District,FDEM,Risk Shelter Inventory - General - FDEM,,,,Tampa Bay,Southwest District,Southwest,1,70,20,Not Affected,Not Affected,Not Affected,Not Affected,Not Affected,Not Affected,Not Affected,Not Affected,Not Affected,Not Affected,Not Affected,Not Affected,Not Affected,Not Affected,Not Affected,Not Affected,Not Affected,Not Affected,Not Affected,Not Affected,Not Affected,548930.9666,397528.7381
932,916,Forest HS,5000 SE Maricamp Rd,Ocala,34480,Marion,-82.06689104,29.141381,"-82.06689104, 29.14138100",17R LN 96223 24120,SHELTER,RISK,5,2003,2 Cafeteria,A,Unknown kW and disconnected,0,0,268,5367,0,0,268,5367,328,"S, L",No,No,No,Yes,Yes, , , , ,,,SHELTER,,Risk Shelter Inventory,Critical Community and Emergency Facilities,Regionally Significant,RSI_PT_932,,St. Johns River Water Management District,FDEM,Risk Shelter Inventory - General - FDEM,,,,East Central Florida,Central District,Northwest,5,24,9,Not Affected,Not Affected,Not Affected,Not Affected,Not Affected,Not Affected,Not Affected,Not Affected,Not Affected,Not Affected,Not Affected,Not Affected,Not Affected,Not Affected,Not Affected,Not Affected,Not Affected,Not Affected,Not Affected,Not Affected,Not Affected,587745.4853,572021.9084
933,917,North Marion MS,2085 NW 28th St,Citra,32113,Marion,-82.095195,29.387705,"-82.09519500, 29.38770500",17R LN 93725 51439,SHELTER,RISK,5,2010,3 Cafeteria,A,250 kW for campus,0,0,227,4548,0,0,227,4548,227, ,No,No,No,Yes,Yes, , , , ,,,SHELTER,,Risk Shelter Inventory,Critical Community and Emergency Facilities,Regionally Significant,RSI_PT_933,,St. Johns River Water Management District,FDEM,Risk Shelter Inventory - General - FDEM,,,,East Central Florida,Central District,Northwest,5,20,9,Not Affected,Not Affected,Not Affected,Not Affected,Not Affected,Not Affected,Not Affected,Not Affected,Not Affected,Not Affected,Not Affected,Not Affected,Not Affected,Not Affected,Not Affected,Not Affected,Not Affected,Not Affected,Not Affected,Not Affected,Not Affected,584574.3138,599327.8792
934,918,Horizon Academy (4-8),365 Marion Oaks Dr,Ocala,34473,Marion,-82.19111897,29.00479801,"-82.19111897, 29.00479801",17R LN 83985 09101,SHELTER,RISK,5,2007,1 A&B Gym,A,300 kW for campus,0,0,483,12096,0,0,605,12096,378,L,No,No,No,Yes,Yes, , , , ,,,SHELTER,,Risk Shelter Inventory,Critical Community and Emergency Facilities,Regionally Significant,RSI_PT_934,,Southwest Florida Water Management District,FDEM,Risk Shelter Inventory - General - FDEM,,,,East Central Florida,Central District,Northwest,5,24,9,Not Affected,Not Affected,Not Affected,Not Affected,Not Affected,Not Affected,Not Affected,Not Affected,Not Affected,Not Affected,Not Affected,Not Affected,Not Affected,Not Affected,Not Affected,Medium,Medium,Medium,Medium,Medium,Medium,575903.7139,556673.4093
935,919,Vanguard HS,7 NW 28th St,Ocala,34470,Marion,-82.13598399,29.21699302,"-82.13598399, 29.21699302",17R LN 89583 32561,SHELTER,RISK,5,2007,5 Cafeteria,A,600 kW for campus,0,0,281,5645,0,0,282,5645,274, ,No,No,No,Yes,Yes, , , , ,,,SHELTER,,Risk Shelter Inventory,Critical Community and Emergency Facilities,Regionally Significant,RSI_PT_935,Ocala,St. Johns River Water Management District,FDEM,Risk Shelter Inventory - General - FDEM,,,,East Central Florida,Central District,Northwest,5,21,9,Not Affected,Not Affected,Not Affected,Not Affected,Not Affected,Not Affected,Not Affected,Not Affected,Not Affected,Not Affected,Not Affected,Not Affected,Not Affected,Not Affected,Not Affected,Medium,Medium,Medium,High,High,High,580908.717,580313.8638
936,920,Hammett Bowen Jr ES,4397 SW 95th St,Ocala,34476,Marion,-82.195021,29.086998,"-82.19502100, 29.08699800",17R LN 83698 18213,SHELTER,RISK,5,2005,1C Cafeteria,A,150 kW for campus,0,0,160,4404,0,0,220,4404,220, ,No,No,No,Yes,Yes, , , , ,,,SHELTER,,Risk Shelter Inventory,Critical Community and Emergency Facilities,Regionally Significant,RSI_PT_936,,Southwest Florida Water Management District,FDEM,Risk Shelter Inventory - General - FDEM,,,,East Central Florida,Central District,Northwest,5,24,9,Not Affected,Not Affected,Not Affected,Not Affected,Not Affected,Not Affected,Not Affected,Not Affected,Not Affected,Not Affected,Not Affected,Not Affected,Not Affected,Not Affected,Not Affected,Not Affected,Not Affected,Not Affected,Low,Medium,Medium,575390.6856,565794.9568
937,921,Belleview MS,10500 SE 36th Ave,Belleview,34420,Marion,-82.08668721,29.06757734,"-82.08668721, 29.06757734",17R LN 94222 15960,SHELTER,RISK,5,1993,3 Classroom,R,75 kW for campus,0,0,0,0,395,10899,545,10899,430,HMGP,No,No,No,No,Yes, , , , ,,,SHELTER,,Risk Shelter Inventory,Critical Community and Emergency Facilities,Regionally Significant,RSI_PT_937,,St. Johns River Water Management District,FDEM,Risk Shelter Inventory - General - FDEM,,,,East Central Florida,Central District,Northwest,5,24,9,Not Affected,Not Affected,Not Affected,Not Affected,Not Affected,Not Affected,Not Affected,Not Affected,Not Affected,Not Affected,Not Affected,Not Affected,Not Affected,Not Affected,Not Affected,Not Affected,Not Affected,Not Affected,Not Affected,Not Affected,Not Affected,585950.1713,563797.3283
938,922,Saddlewood ES,3700 SW 43rd Ct,Ocala,34473,Marion,-82.195209,29.14940701,"-82.19520900, 29.14940701",17R LN 83750 25129,SHELTER,RISK,5,1999,6 Cafeteria,R, ,0,0,0,0,0,3885,194,3885,152,"S, L",No,No,No,No,Yes, , , , ,,,SHELTER,,Risk Shelter Inventory,Critical Community and Emergency Facilities,Regionally Significant,RSI_PT_938,,Southwest Florida Water Management District,FDEM,Risk Shelter Inventory - General - FDEM,,,,East Central Florida,Central District,Northwest,5,24,9,Not Affected,Not Affected,Not Affected,Not Affected,Not Affected,Not Affected,Not Affected,Not Affected,Not Affected,Not Affected,Not Affected,Not Affected,Not Affected,Not Affected,Not Affected,Not Affected,Not Affected,Not Affected,Not Affected,Not Affected,Not Affected,575270.9932,572724.1777
939,923,Lake Weir HS,10351 SE Maricamp Rd,Ocala,34472,Marion,-81.978483,29.078284,"-81.97848300, 29.07828400",17R MN 04765 17054,SHELTER,RISK,5,2008,2 Cafeteria,R,300 kW for campus,0,0,344,8012,344,8012,401,8012,304,L,No,No,No,Yes,Yes, , , , ,,,SHELTER,,Risk Shelter Inventory,Critical Community and Emergency Facilities,Regionally Significant,RSI_PT_939,,St. Johns River Water Management District,FDEM,Risk Shelter Inventory - General - FDEM,,,,East Central Florida,Central District,Northwest,5,27,9,Not Affected,Not Affected,Not Affected,Not Affected,Not Affected,Not Affected,Not Affected,Not Affected,Not Affected,Not Affected,Not Affected,Not Affected,Not Affected,Not Affected,Not Affected,Not Affected,Not Affected,Not Affected,Not Affected,Not Affected,Not Affected,596445.8667,565153.885
940,924,Saddlewood ES,3700 SW 43rd Ct,Ocala,34473,Marion,-82.195209,29.14940701,"-82.19520900, 29.14940701",17R LN 83750 25129,SHELTER,RISK,5,1999,5 Classroom,R, ,0,0,0,0,0,5230,262,5230,152,"S, L",No,No,No,No,Yes, , , , ,,,SHELTER,,Risk Shelter Inventory,Critical Community and Emergency Facilities,Regionally Significant,RSI_PT_938,,Southwest Florida Water Management District,FDEM,Risk Shelter Inventory - General - FDEM,,,,East Central Florida,Central District,Northwest,5,24,9,Not Affected,Not Affected,Not Affected,Not Affected,Not Affected,Not Affected,Not Affected,Not Affected,Not Affected,Not Affected,Not Affected,Not Affected,Not Affected,Not Affected,Not Affected,Not Affected,Not Affected,Not Affected,Not Affected,Not Affected,Not Affected,575270.9932,572724.1777
941,925,Lake Weir HS,10351 SE Maricamp Rd,Ocala,34472,Marion,-81.978483,29.078284,"-81.97848300, 29.07828400",17R MN 04765 17054,SHELTER,RISK,5,1974,3 Classroom,R,300 kW for campus,0,0,0,0,0,31959,785,15694,1242,HMGP,No,No,No,No,Yes, , , , ,,,SHELTER,,Risk Shelter Inventory,Critical Community and Emergency Facilities,Regionally Significant,RSI_PT_939,,St. Johns River Water Management District,FDEM,Risk Shelter Inventory - General - FDEM,,,,East Central Florida,Central District,Northwest,5,27,9,Not Affected,Not Affected,Not Affected,Not Affected,Not Affected,Not Affected,Not Affected,Not Affected,Not Affected,Not Affected,Not Affected,Not Affected,Not Affected,Not Affected,Not Affected,Not Affected,Not Affected,Not Affected,Not Affected,Not Affected,Not Affected,596445.8667,565153.885
942,926,Liberty MS,4773 SW 95th St,Ocala,34476,Marion,-82.19823596,29.08588199,"-82.19823596, 29.08588199",17R LN 83383 18093,SHELTER,RISK,5,2007,1 A&B Gym,A,300 kW for campus,0,0,422,11539,0,0,577,11539,832, ,No,No,No,Yes,Yes, , , , ,,,SHELTER,,Risk Shelter Inventory,Critical Community and Emergency Facilities,Regionally Significant,RSI_PT_942,,Southwest Florida Water Management District,FDEM,Risk Shelter Inventory - General - FDEM,,,,East Central Florida,Central District,Northwest,5,24,9,Not Affected,Not Affected,Not Affected,Not Affected,Not Affected,Not Affected,Not Affected,Not Affected,Not Affected,Not Affected,Not Affected,Not Affected,Not Affected,Not Affected,Not Affected,Not Affected,Low,Low,Low,Low,Low,575080.119,565666.4728
943,927,Vanguard HS,7 NW 28th St,Ocala,34470,Marion,-82.13598399,29.21699302,"-82.13598399, 29.21699302",17R LN 89583 32561,SHELTER,RISK,5,1969,1 Classroom,A,600 kW for campus,0,0,0,0,0,0,326,6528,1032,"F,S",No,No,No,No,Yes, , , , ,,,SHELTER,,Risk Shelter Inventory,Critical Community and Emergency Facilities,Regionally Significant,RSI_PT_935,Ocala,St. Johns River Water Management District,FDEM,Risk Shelter Inventory - General - FDEM,,,,East Central Florida,Central District,Northwest,5,21,9,Not Affected,Not Affected,Not Affected,Not Affected,Not Affected,Not Affected,Not Affected,Not Affected,Not Affected,Not Affected,Not Affected,Not Affected,Not Affected,Not Affected,Not Affected,Medium,Medium,Medium,High,High,High,580908.717,580313.8638
944,928,Fort McCoy School,16160 NE Highway 315,Fort McCoy,32134,Marion,-81.97067601,29.38480798,"-81.97067601, 29.38480798",17R MN 05806 51011,SHELTER,RISK,5,2010,12 Classroom,A,50 kW,0,0,240,5573,0,0,279,5573,765, ,No,No,No,Yes,Yes, , , , ,,,SHELTER,,Risk Shelter Inventory,Critical Community and Emergency Facilities,Regionally Significant,RSI_PT_944,,St. Johns River Water Management District,FDEM,Risk Shelter Inventory - General - FDEM,,,,East Central Florida,Central District,Northwest,5,20,9,Not Affected,Not Affected,Not Affected,Not Affected,Not Affected,Not Affected,Not Affected,Not Affected,Not Affected,Not Affected,Not Affected,Not Affected,Not Affected,Not Affected,Not Affected,Not Affected,Not Affected,Not Affected,Not Affected,Not Affected,Not Affected,596644.3574,599198.7162
945,929,West Port HS,3733 SW 80th Ave,Ocala,34482,Marion,-82.25181083,29.1528549,"-82.25181083, 29.15285490",17R LN 78248 25568,SHELTER,RISK,5,1999,6 Auditorium,A,1875 kW for campus,0,12582,0,0,0,0,629,12582,0, ,No,No,No,No,Yes, , , , ,,,SHELTER,,Risk Shelter Inventory,Critical Community and Emergency Facilities,Regionally Significant,RSI_PT_945,Ocala,Southwest Florida Water Management District,FDEM,Risk Shelter Inventory - General - FDEM,,,,East Central Florida,Central District,Northwest,5,24,9,Not Affected,Not Affected,Not Affected,Not Affected,Not Affected,Not Affected,Not Affected,Not Affected,Not Affected,Not Affected,Not Affected,Not Affected,Not Affected,Not Affected,Not Affected,Not Affected,Medium,Medium,High,High,High,569769.0936,573027.8194
946,930,Hammett Bowen Jr ES,4397 SW 95th St,Ocala,34476,Marion,-82.195021,29.086998,"-82.19502100, 29.08699800",17R LN 83698 18213,SHELTER,RISK,5,2005,1A Classroom,A,150 kW for campus,0,0,386,12025,0,0,297,5936,601, ,No,No,No,Yes,Yes, , , , ,,,SHELTER,,Risk Shelter Inventory,Critical Community and Emergency Facilities,Regionally Significant,RSI_PT_936,,Southwest Florida Water Management District,FDEM,Risk Shelter Inventory - General - FDEM,,,,East Central Florida,Central District,Northwest,5,24,9,Not Affected,Not Affected,Not Affected,Not Affected,Not Affected,Not Affected,Not Affected,Not Affected,Not Affected,Not Affected,Not Affected,Not Affected,Not Affected,Not Affected,Not Affected,Not Affected,Not Affected,Not Affected,Low,Medium,Medium,575390.6856,565794.9568
947,931,Dunnellon HS,10055 SW 180th Ave Rd,Dunnellon,34432,Marion,-82.41631196,29.07834498,"-82.41631196, 29.07834498",17R LN 62148 17493,SHELTER,RISK,5,1998,24 Classroom,A, ,0,0,0,0,0,0,318,6363,334,S-1523-2002,No,No,No,No,Yes, , , , ,,,SHELTER,,Risk Shelter Inventory,Critical Community and Emergency Facilities,Regionally Significant,RSI_PT_947,,Southwest Florida Water Management District,FDEM,Risk Shelter Inventory - General - FDEM,,,,East Central Florida,Central District,Northwest,5,23,9,Not Affected,Not Affected,Not Affected,Not Affected,Not Affected,Not Affected,Not Affected,Not Affected,Not Affected,Not Affected,Not Affected,Not Affected,Not Affected,Not Affected,Not Affected,Not Affected,Not Affected,Not Affected,Not Affected,Not Affected,Not Affected,553901.3403,564538.6998
948,932,Madison Street Academy,401 NW Martin Luther King Jr Dr,Ocala,34475,Marion,-82.15196702,29.190766,"-82.15196702, 29.19076600",17R LN 88001 29670,SHELTER,RISK,5,1999,1 Classroom,A,"Yes, unknown kW",0,0,657,23962,0,0,1198,23962,370,"S, L",No,No,No,Yes,Yes, , , , ,,,SHELTER,,Risk Shelter Inventory,Critical Community and Emergency Facilities,Regionally Significant,RSI_PT_948,Ocala,St. Johns River Water Management District,FDEM,Risk Shelter Inventory - General - FDEM,,,,East Central Florida,Central District,Northwest,5,21,9,Not Affected,Not Affected,Not Affected,Not Affected,Not Affected,Not Affected,Not Affected,Not Affected,Not Affected,Not Affected,Not Affected,Not Affected,Not Affected,Not Affected,Not Affected,Not Affected,Not Affected,Not Affected,Not Affected,Not Affected,Not Affected,579401.2726,577378.5214
949,933,Dunnellon HS,10055 SW 180th Ave Rd,Dunnellon,34432,Marion,-82.41631196,29.07834498,"-82.41631196, 29.07834498",17R LN 62148 17493,SHELTER,RISK,5,1998,23 Classroom,A, ,0,0,0,0,0,0,203,4061,251,S-1523-2002,No,No,No,No,Yes, , , , ,,,SHELTER,,Risk Shelter Inventory,Critical Community and Emergency Facilities,Regionally Significant,RSI_PT_947,,Southwest Florida Water Management District,FDEM,Risk Shelter Inventory - General - FDEM,,,,East Central Florida,Central District,Northwest,5,23,9,Not Affected,Not Affected,Not Affected,Not Affected,Not Affected,Not Affected,Not Affected,Not Affected,Not Affected,Not Affected,Not Affected,Not Affected,Not Affected,Not Affected,Not Affected,Not Affected,Not Affected,Not Affected,Not Affected,Not Affected,Not Affected,553901.3403,564538.6998
950,934,Hammett Bowen Jr ES,4397 SW 95th St,Ocala,34476,Marion,-82.195021,29.086998,"-82.19502100, 29.08699800",17R LN 83698 18213,SHELTER,RISK,5,2005,1B Classroom,A,150 kW for campus,0,0,477,14938,0,0,326,6523,1249, ,No,No,No,Yes,Yes, , , , ,,,SHELTER,,Risk Shelter Inventory,Critical Community and Emergency Facilities,Regionally Significant,RSI_PT_936,,Southwest Florida Water Management District,FDEM,Risk Shelter Inventory - General - FDEM,,,,East Central Florida,Central District,Northwest,5,24,9,Not Affected,Not Affected,Not Affected,Not Affected,Not Affected,Not Affected,Not Affected,Not Affected,Not Affected,Not Affected,Not Affected,Not Affected,Not Affected,Not Affected,Not Affected,Not Affected,Not Affected,Not Affected,Low,Medium,Medium,575390.6856,565794.9568
951,935,Saddlewood ES,3700 SW 43rd Ct,Ocala,34473,Marion,-82.195209,29.14940701,"-82.19520900, 29.14940701",17R LN 83750 25129,SHELTER,RISK,5,1999,8 Classroom,R, ,0,0,0,0,0,3777,189,3777,152,"S, L",No,No,No,No,Yes, , , , ,,,SHELTER,,Risk Shelter Inventory,Critical Community and Emergency Facilities,Regionally Significant,RSI_PT_938,,Southwest Florida Water Management District,FDEM,Risk Shelter Inventory - General - FDEM,,,,East Central Florida,Central District,Northwest,5,24,9,Not Affected,Not Affected,Not Affected,Not Affected,Not Affected,Not Affected,Not Affected,Not Affected,Not Affected,Not Affected,Not Affected,Not Affected,Not Affected,Not Affected,Not Affected,Not Affected,Not Affected,Not Affected,Not Affected,Not Affected,Not Affected,575270.9932,572724.1777
952,936,Forest HS,5000 SE Maricamp Rd,Ocala,34480,Marion,-82.06689104,29.141381,"-82.06689104, 29.14138100",17R LN 96223 24120,SHELTER,RISK,5,2003,3 Auditorium / Music,A,Unknown kW and disconnected,0,0,263,9290,0,0,465,9290,267,"S, L",No,No,No,Yes,Yes, , , , ,,,SHELTER,,Risk Shelter Inventory,Critical Community and Emergency Facilities,Regionally Significant,RSI_PT_932,,St. Johns River Water Management District,FDEM,Risk Shelter Inventory - General - FDEM,,,,East Central Florida,Central District,Northwest,5,24,9,Not Affected,Not Affected,Not Affected,Not Affected,Not Affected,Not Affected,Not Affected,Not Affected,Not Affected,Not Affected,Not Affected,Not Affected,Not Affected,Not Affected,Not Affected,Not Affected,Not Affected,Not Affected,Not Affected,Not Affected,Not Affected,587745.4853,572021.9084
953,937,Belleview MS,10500 SE 36th Ave,Belleview,34420,Marion,-82.08668721,29.06757734,"-82.08668721, 29.06757734",17R LN 94222 15960,SHELTER,RISK,5,1993,2 Classroom,R,75 kW for campus,0,0,0,0,369,10466,522,10446,473,HMGP,No,No,No,No,Yes, , , , ,,,SHELTER,,Risk Shelter Inventory,Critical Community and Emergency Facilities,Regionally Significant,RSI_PT_937,,St. Johns River Water Management District,FDEM,Risk Shelter Inventory - General - FDEM,,,,East Central Florida,Central District,Northwest,5,24,9,Not Affected,Not Affected,Not Affected,Not Affected,Not Affected,Not Affected,Not Affected,Not Affected,Not Affected,Not Affected,Not Affected,Not Affected,Not Affected,Not Affected,Not Affected,Not Affected,Not Affected,Not Affected,Not Affected,Not Affected,Not Affected,585950.1713,563797.3283
954,938,Horizon Academy (4-8),365 Marion Oaks Dr,Ocala,34473,Marion,-82.19111897,29.00479801,"-82.19111897, 29.00479801",17R LN 83985 09101,SHELTER,RISK,5,2007,1 C&D Cafeteria / Classroom,A,300 kW for campus,0,0,391,9749,0,0,487,9749,377,L,No,No,No,Yes,Yes, , , , ,,,SHELTER,,Risk Shelter Inventory,Critical Community and Emergency Facilities,Regionally Significant,RSI_PT_934,,Southwest Florida Water Management District,FDEM,Risk Shelter Inventory - General - FDEM,,,,East Central Florida,Central District,Northwest,5,24,9,Not Affected,Not Affected,Not Affected,Not Affected,Not Affected,Not Affected,Not Affected,Not Affected,Not Affected,Not Affected,Not Affected,Not Affected,Not Affected,Not Affected,Not Affected,Medium,Medium,Medium,Medium,Medium,Medium,575903.7139,556673.4093
955,939,Saddlewood ES,3700 SW 43rd Ct,Ocala,34473,Marion,-82.195209,29.14940701,"-82.19520900, 29.14940701",17R LN 83750 25129,SHELTER,RISK,5,1999,4 Classroom,R, ,0,0,0,0,0,5904,0,5904,196, ,No,No,No,No,Yes, , , , ,,,SHELTER,,Risk Shelter Inventory,Critical Community and Emergency Facilities,Regionally Significant,RSI_PT_938,,Southwest Florida Water Management District,FDEM,Risk Shelter Inventory - General - FDEM,,,,East Central Florida,Central District,Northwest,5,24,9,Not Affected,Not Affected,Not Affected,Not Affected,Not Affected,Not Affected,Not Affected,Not Affected,Not Affected,Not Affected,Not Affected,Not Affected,Not Affected,Not Affected,Not Affected,Not Affected,Not Affected,Not Affected,Not Affected,Not Affected,Not Affected,575270.9932,572724.1777
956,940,Vanguard HS,7 NW 28th St,Ocala,34470,Marion,-82.13598399,29.21699302,"-82.13598399, 29.21699302",17R LN 89583 32561,SHELTER,RISK,5,2007,3 Classroom,A,600 kW for campus,0,0,0,5469,0,0,273,5469,176, ,No,No,No,Yes,Yes, , , , ,,,SHELTER,,Risk Shelter Inventory,Critical Community and Emergency Facilities,Regionally Significant,RSI_PT_935,Ocala,St. Johns River Water Management District,FDEM,Risk Shelter Inventory - General - FDEM,,,,East Central Florida,Central District,Northwest,5,21,9,Not Affected,Not Affected,Not Affected,Not Affected,Not Affected,Not Affected,Not Affected,Not Affected,Not Affected,Not Affected,Not Affected,Not Affected,Not Affected,Not Affected,Not Affected,Medium,Medium,Medium,High,High,High,580908.717,580313.8638
957,941,Liberty MS,4773 SW 95th St,Ocala,34476,Marion,-82.19823596,29.08588199,"-82.19823596, 29.08588199",17R LN 83383 18093,SHELTER,RISK,5,2007,1 C&D Cafeteria / Classroom,A,300 kW for campus,0,0,0,9665,0,0,483,9665,0, ,No,No,No,Yes,Yes, , , , ,,,SHELTER,,Risk Shelter Inventory,Critical Community and Emergency Facilities,Regionally Significant,RSI_PT_942,,Southwest Florida Water Management District,FDEM,Risk Shelter Inventory - General - FDEM,,,,East Central Florida,Central District,Northwest,5,24,9,Not Affected,Not Affected,Not Affected,Not Affected,Not Affected,Not Affected,Not Affected,Not Affected,Not Affected,Not Affected,Not Affected,Not Affected,Not Affected,Not Affected,Not Affected,Not Affected,Low,Low,Low,Low,Low,575080.119,565666.4728
958,942,Vanguard HS,7 NW 28th St,Ocala,34470,Marion,-82.13598399,29.21699302,"-82.13598399, 29.21699302",17R LN 89583 32561,SHELTER,RISK,5,2007,2 Classroom,A,600 kW for campus,0,0,0,5465,0,0,273,5465,227,L,No,No,No,Yes,Yes, , , , ,,,SHELTER,,Risk Shelter Inventory,Critical Community and Emergency Facilities,Regionally Significant,RSI_PT_935,Ocala,St. Johns River Water Management District,FDEM,Risk Shelter Inventory - General - FDEM,,,,East Central Florida,Central District,Northwest,5,21,9,Not Affected,Not Affected,Not Affected,Not Affected,Not Affected,Not Affected,Not Affected,Not Affected,Not Affected,Not Affected,Not Affected,Not Affected,Not Affected,Not Affected,Not Affected,Medium,Medium,Medium,High,High,High,580908.717,580313.8638
959,943,Saddlewood ES,3700 SW 43rd Ct,Ocala,34473,Marion,-82.195209,29.14940701,"-82.19520900, 29.14940701",17R LN 83750 25129,SHELTER,RISK,5,1999,3 Classroom,R, ,0,0,0,0,0,5058,0,5058,0, ,No,No,No,No,Yes, , , , ,,,SHELTER,,Risk Shelter Inventory,Critical Community and Emergency Facilities,Regionally Significant,RSI_PT_938,,Southwest Florida Water Management District,FDEM,Risk Shelter Inventory - General - FDEM,,,,East Central Florida,Central District,Northwest,5,24,9,Not Affected,Not Affected,Not Affected,Not Affected,Not Affected,Not Affected,Not Affected,Not Affected,Not Affected,Not Affected,Not Affected,Not Affected,Not Affected,Not Affected,Not Affected,Not Affected,Not Affected,Not Affected,Not Affected,Not Affected,Not Affected,575270.9932,572724.1777
960,944,Forest HS,5000 SE Maricamp Rd,Ocala,34480,Marion,-82.06689104,29.141381,"-82.06689104, 29.14138100",17R LN 96223 24120,SHELTER,RISK,5,2003,4 Gym,A,Unknown kW and disconnected,0,0,754,21203,0,0,1060,21203,638,"S, L",No,No,No,Yes,Yes, , , , ,,,SHELTER,,Risk Shelter Inventory,Critical Community and Emergency Facilities,Regionally Significant,RSI_PT_932,,St. Johns River Water Management District,FDEM,Risk Shelter Inventory - General - FDEM,,,,East Central Florida,Central District,Northwest,5,24,9,Not Affected,Not Affected,Not Affected,Not Affected,Not Affected,Not Affected,Not Affected,Not Affected,Not Affected,Not Affected,Not Affected,Not Affected,Not Affected,Not Affected,Not Affected,Not Affected,Not Affected,Not Affected,Not Affected,Not Affected,Not Affected,587745.4853,572021.9084
961,945,Hidden Oaks MS,2801 SW Martin Hwy,Palm City,34990,Martin,-80.292146,27.16251802,"-80.29214600, 27.16251802",17R NL 70129 04633,SHELTER,RISK,9,1991,7 Gym,A,150 kW for campus,0,0,0,0,0,0,661,13221,521, ,No,No,No,No,Yes, , , , ,,,SHELTER,,Risk Shelter Inventory,Critical Community and Emergency Facilities,Regionally Significant,RSI_PT_961,,South Florida Water Management District,FDEM,Risk Shelter Inventory - General - FDEM,,,,Treasure Coast,Southeast District,Northeast,4,85,31,Not Affected,Not Affected,Not Affected,Not Affected,Not Affected,Not Affected,Not Affected,Not Affected,Not Affected,Not Affected,Not Affected,Not Affected,Not Affected,Not Affected,Not Affected,Not Affected,Not Affected,Not Affected,Not Affected,Not Affected,Not Affected,766677.6484,356308.5987
962,946,Hidden Oaks MS,2801 SW Martin Hwy,Palm City,34990,Martin,-80.292146,27.16251802,"-80.29214600, 27.16251802",17R NL 70129 04633,SHELTER,RISK,9,1991,2 Classroom,R,150 kW for campus,0,0,0,0,2036,40720,799,15979,676,F/S,No,No,No,No,Yes, , , , ,,,SHELTER,,Risk Shelter Inventory,Critical Community and Emergency Facilities,Regionally Significant,RSI_PT_961,,South Florida Water Management District,FDEM,Risk Shelter Inventory - General - FDEM,,,,Treasure Coast,Southeast District,Northeast,4,85,31,Not Affected,Not Affected,Not Affected,Not Affected,Not Affected,Not Affected,Not Affected,Not Affected,Not Affected,Not Affected,Not Affected,Not Affected,Not Affected,Not Affected,Not Affected,Not Affected,Not Affected,Not Affected,Not Affected,Not Affected,Not Affected,766677.6484,356308.5987
963,947,Seawind ES,3701 SE Seabranch Blvd,Hobe Sound,33456,Martin,-80.20399897,27.09987301,"-80.20399897, 27.09987301",17R NK 78906 97746,SHELTER,RISK,9,2008,9 Classroom,A, ,0,0,321,6411,0,0,321,6411,334, ,No,No,No,Yes,Yes, , , , ,,,SHELTER,,Risk Shelter Inventory,Critical Community and Emergency Facilities,Regionally Significant,RSI_PT_963,,South Florida Water Management District,FDEM,Risk Shelter Inventory - General - FDEM,,,,Treasure Coast,Southeast District,Northeast,4,86,31,Not Affected,Not Affected,Not Affected,Not Affected,Not Affected,Not Affected,Not Affected,Not Affected,Not Affected,Not Affected,Not Affected,Not Affected,Not Affected,Not Affected,Not Affected,Not Affected,Not Affected,Not Affected,Not Affected,Not Affected,Low,775606.0612,349621.373
964,948,Jensen Beach HS,2875 Goldenrod Rd,Jensen Beach,34957,Martin,-80.266706,27.24066799,"-80.26670600, 27.24066799",17R NL 72599 13304,SHELTER,RISK,9,2002,3 Gymnasium,A,294 kW for campus,0,0,1851,37020,0,0,1851,37020,902,L,No,No,No,Yes,Yes, , , , ,,,SHELTER,,Risk Shelter Inventory,Critical Community and Emergency Facilities,Regionally Significant,RSI_PT_964,Stuart,South Florida Water Management District,FDEM,Risk Shelter Inventory - General - FDEM,,,,Treasure Coast,Southeast District,Northeast,4,86,31,Not Affected,Not Affected,Not Affected,Not Affected,Not Affected,Not Affected,Not Affected,Not Affected,Not Affected,Not Affected,Not Affected,Not Affected,Not Affected,Not Affected,Not Affected,Not Affected,Not Affected,Not Affected,Not Affected,Not Affected,Not Affected,768930.0299,365058.0592
965,949,Seawind ES,3700 SE Seabranch Blvd,Hobe Sound,33455,Martin,-80.20307998,27.098074,"-80.20307998, 27.09807400",17R NK 78999 97548,SHELTER,RISK,9,1993,5 Classroom,R, ,0,0,0,0,238,4750,238,4750,309, ,No,No,No,No,Yes, , , , ,,,SHELTER,,Risk Shelter Inventory,Critical Community and Emergency Facilities,Regionally Significant,RSI_PT_965,,South Florida Water Management District,FDEM,Risk Shelter Inventory - General - FDEM,,,,Treasure Coast,Southeast District,Northeast,4,86,31,Not Affected,Not Affected,Not Affected,Not Affected,Not Affected,Not Affected,Not Affected,Not Affected,Not Affected,Not Affected,Not Affected,Not Affected,Not Affected,Not Affected,Not Affected,Not Affected,Not Affected,Not Affected,Not Affected,Not Affected,Not Affected,775703.1141,349424.518
966,950,Jensen Beach HS,2876 Goldenrod Rd,Jensen Beach,34958,Martin,-80.26884292,27.24384832,"-80.26884292, 27.24384832",17R NL 72385 13655,SHELTER,RISK,9,2002,5 Cafeteria,A,294 kW for campus,0,0,985,19700,0,0,985,19700,0, ,No,No,No,Yes,Yes, , , , ,,,SHELTER,,Risk Shelter Inventory,Critical Community and Emergency Facilities,Regionally Significant,RSI_PT_966,,South Florida Water Management District,FDEM,Risk Shelter Inventory - General - FDEM,,,,Treasure Coast,Southeast District,Northeast,4,86,31,Not Affected,Not Affected,Not Affected,Not Affected,Not Affected,Not Affected,Not Affected,Not Affected,Not Affected,Not Affected,Not Affected,Not Affected,Not Affected,Not Affected,Not Affected,Not Affected,Not Affected,Not Affected,Not Affected,Not Affected,Not Affected,768708.237,365404.6445
967,951,Warfield ES,15260 SW 150th St,Indiantown,34956,Martin,-80.46172598,27.02093602,"-80.46172598, 27.02093602",17R NK 53395 88868,SHELTER,RISK,9,2010,24 Classroom,A,134 kW for campus,0,0,0,0,0,0,517,10349,417,L,No,No,No,No,Yes, , , , ,,,SHELTER,,Risk Shelter Inventory,Critical Community and Emergency Facilities,Regionally Significant,RSI_PT_967,Indiantown,South Florida Water Management District,FDEM,Risk Shelter Inventory - General - FDEM,,,,Treasure Coast,Southeast District,Northeast,4,86,31,Not Affected,Not Affected,Not Affected,Not Affected,Not Affected,Not Affected,Not Affected,Not Affected,Not Affected,Not Affected,Not Affected,Not Affected,Not Affected,Not Affected,Not Affected,Not Affected,Not Affected,Not Affected,Not Affected,Not Affected,Not Affected,750363.2327,340102.1168
968,952,Warfield ES,15260 SW 150th St,Indiantown,34956,Martin,-80.46172598,27.02093602,"-80.46172598, 27.02093602",17R NK 53395 88868,SHELTER,RISK,9,2006,8 Cafeteria,A,134 kW for campus,0,0,0,0,0,0,231,4618,0, ,No,No,No,No,Yes, , , , ,,,SHELTER,,Risk Shelter Inventory,Critical Community and Emergency Facilities,Regionally Significant,RSI_PT_967,Indiantown,South Florida Water Management District,FDEM,Risk Shelter Inventory - General - FDEM,,,,Treasure Coast,Southeast District,Northeast,4,86,31,Not Affected,Not Affected,Not Affected,Not Affected,Not Affected,Not Affected,Not Affected,Not Affected,Not Affected,Not Affected,Not Affected,Not Affected,Not Affected,Not Affected,Not Affected,Not Affected,Not Affected,Not Affected,Not Affected,Not Affected,Not Affected,750363.2327,340102.1168
969,953,Indiantown MS,16303 SW Farm Rd,Indiantown,34956,Martin,-80.47545202,27.021076,"-80.47545202, 27.02107600",17R NK 52033 88877,SHELTER,RISK,9,2010,4 Classroom,A, ,0,0,0,0,1121,22428,1121,22428,633, ,No,No,No,No,Yes, , , , ,,,SHELTER,,Risk Shelter Inventory,Critical Community and Emergency Facilities,Regionally Significant,RSI_PT_969,Indiantown,South Florida Water Management District,FDEM,Risk Shelter Inventory - General - FDEM,,,,Treasure Coast,Southeast District,Northeast,4,86,31,Not Affected,Not Affected,Not Affected,Not Affected,Not Affected,Not Affected,Not Affected,Not Affected,Not Affected,Not Affected,Not Affected,Not Affected,Not Affected,Not Affected,Not Affected,Not Affected,Not Affected,Not Affected,Not Affected,Not Affected,Not Affected,749003.9942,340078.7291
970,954,Hidden Oaks MS,2801 SW Martin Hwy,Palm City,34990,Martin,-80.292146,27.16251802,"-80.29214600, 27.16251802",17R NL 70129 04633,SHELTER,RISK,9,1991,3 Classroom,A,150 kW for campus,0,0,0,0,0,0,803,16067,678, ,No,No,No,No,Yes, , , , ,,,SHELTER,,Risk Shelter Inventory,Critical Community and Emergency Facilities,Regionally Significant,RSI_PT_961,,South Florida Water Management District,FDEM,Risk Shelter Inventory - General - FDEM,,,,Treasure Coast,Southeast District,Northeast,4,85,31,Not Affected,Not Affected,Not Affected,Not Affected,Not Affected,Not Affected,Not Affected,Not Affected,Not Affected,Not Affected,Not Affected,Not Affected,Not Affected,Not Affected,Not Affected,Not Affected,Not Affected,Not Affected,Not Affected,Not Affected,Not Affected,766677.6484,356308.5987
971,955,JD Parker ES,1050 E 10th St,Stuart,34996,Martin,-80.23293297,27.18920302,"-80.23293297, 27.18920302",17R NL 75978 07623,SHELTER,RISK,9,2004,01 Classroom,A,496 kW,0,0,2327,46538,0,0,2327,46538,1248,L/S,No,No,No,Yes,Yes, , , , ,,,SHELTER,,Risk Shelter Inventory,Critical Community and Emergency Facilities,Regionally Significant,RSI_PT_971,Stuart,South Florida Water Management District,FDEM,Risk Shelter Inventory - General - FDEM,,,,Treasure Coast,Southeast District,Northeast,4,86,31,Not Affected,Not Affected,Not Affected,Not Affected,Not Affected,Not Affected,Not Affected,Not Affected,Not Affected,Not Affected,Not Affected,Not Affected,Not Affected,Not Affected,Not Affected,Not Affected,Not Affected,Not Affected,Not Affected,Not Affected,Not Affected,772441.0442,359447.688
972,956,Hidden Oaks MS,2801 SW Martin Hwy,Palm City,34990,Martin,-80.292146,27.16251802,"-80.29214600, 27.16251802",17R NL 70129 04633,SHELTER,RISK,9,1991,8 Cafeteria,A,150 kW for campus,0,0,0,0,0,0,311,6224,0, ,No,No,No,No,Yes, , , , ,,,SHELTER,,Risk Shelter Inventory,Critical Community and Emergency Facilities,Regionally Significant,RSI_PT_961,,South Florida Water Management District,FDEM,Risk Shelter Inventory - General - FDEM,,,,Treasure Coast,Southeast District,Northeast,4,85,31,Not Affected,Not Affected,Not Affected,Not Affected,Not Affected,Not Affected,Not Affected,Not Affected,Not Affected,Not Affected,Not Affected,Not Affected,Not Affected,Not Affected,Not Affected,Not Affected,Not Affected,Not Affected,Not Affected,Not Affected,Not Affected,766677.6484,356308.5987
973,957,Seawind ES,3700 SE Seabranch Blvd,Hobe Sound,33455,Martin,-80.20307998,27.098074,"-80.20307998, 27.09807400",17R NK 78999 97548,SHELTER,RISK,9,1993,6 Classroom,R, ,0,0,0,0,246,4910,246,4910,310, ,No,No,No,No,Yes, , , , ,,,SHELTER,,Risk Shelter Inventory,Critical Community and Emergency Facilities,Regionally Significant,RSI_PT_965,,South Florida Water Management District,FDEM,Risk Shelter Inventory - General - FDEM,,,,Treasure Coast,Southeast District,Northeast,4,86,31,Not Affected,Not Affected,Not Affected,Not Affected,Not Affected,Not Affected,Not Affected,Not Affected,Not Affected,Not Affected,Not Affected,Not Affected,Not Affected,Not Affected,Not Affected,Not Affected,Not Affected,Not Affected,Not Affected,Not Affected,Not Affected,775703.1141,349424.518
974,958,Jensen Beach HS,2875 Goldenrod Rd,Jensen Beach,34957,Martin,-80.266706,27.24066799,"-80.26670600, 27.24066799",17R NL 72599 13304,SHELTER,RISK,9,2002,4 Classroom,A,294 kW for campus,0,0,3447,68940,0,0,3447,68940,1084,F/S,No,No,No,Yes,Yes, , , , ,,,SHELTER,,Risk Shelter Inventory,Critical Community and Emergency Facilities,Regionally Significant,RSI_PT_964,Stuart,South Florida Water Management District,FDEM,Risk Shelter Inventory - General - FDEM,,,,Treasure Coast,Southeast District,Northeast,4,86,31,Not Affected,Not Affected,Not Affected,Not Affected,Not Affected,Not Affected,Not Affected,Not Affected,Not Affected,Not Affected,Not Affected,Not Affected,Not Affected,Not Affected,Not Affected,Not Affected,Not Affected,Not Affected,Not Affected,Not Affected,Not Affected,768930.0299,365058.0592
975,959,Hidden Oaks MS,2801 SW Martin Hwy,Palm City,34990,Martin,-80.292146,27.16251802,"-80.29214600, 27.16251802",17R NL 70129 04633,SHELTER,RISK,9,1991,6 Music,A,150 kW for campus,0,0,0,0,0,0,240,4794,211, ,No,No,No,No,Yes, , , , ,,,SHELTER,,Risk Shelter Inventory,Critical Community and Emergency Facilities,Regionally Significant,RSI_PT_961,,South Florida Water Management District,FDEM,Risk Shelter Inventory - General - FDEM,,,,Treasure Coast,Southeast District,Northeast,4,85,31,Not Affected,Not Affected,Not Affected,Not Affected,Not Affected,Not Affected,Not Affected,Not Affected,Not Affected,Not Affected,Not Affected,Not Affected,Not Affected,Not Affected,Not Affected,Not Affected,Not Affected,Not Affected,Not Affected,Not Affected,Not Affected,766677.6484,356308.5987
976,960,Warfield ES,15260 SW 150th St,Indiantown,34956,Martin,-80.46172598,27.02093602,"-80.46172598, 27.02093602",17R NK 53395 88868,SHELTER,RISK,9,2010,23 Music / Art,A,134 kW for campus,0,0,0,0,0,0,80,1597,102,L,No,No,No,No,Yes, , , , ,,,SHELTER,,Risk Shelter Inventory,Critical Community and Emergency Facilities,Regionally Significant,RSI_PT_967,Indiantown,South Florida Water Management District,FDEM,Risk Shelter Inventory - General - FDEM,,,,Treasure Coast,Southeast District,Northeast,4,86,31,Not Affected,Not Affected,Not Affected,Not Affected,Not Affected,Not Affected,Not Affected,Not Affected,Not Affected,Not Affected,Not Affected,Not Affected,Not Affected,Not Affected,Not Affected,Not Affected,Not Affected,Not Affected,Not Affected,Not Affected,Not Affected,750363.2327,340102.1168
977,961,Hidden Oaks MS,2801 SW Martin Hwy,Palm City,34990,Martin,-80.292146,27.16251802,"-80.29214600, 27.16251802",17R NL 70129 04633,SHELTER,RISK,9,1991,5 Art,A,150 kW for campus,0,0,0,0,0,0,50,1001,61, ,No,No,No,No,Yes, , , , ,,,SHELTER,,Risk Shelter Inventory,Critical Community and Emergency Facilities,Regionally Significant,RSI_PT_961,,South Florida Water Management District,FDEM,Risk Shelter Inventory - General - FDEM,,,,Treasure Coast,Southeast District,Northeast,4,85,31,Not Affected,Not Affected,Not Affected,Not Affected,Not Affected,Not Affected,Not Affected,Not Affected,Not Affected,Not Affected,Not Affected,Not Affected,Not Affected,Not Affected,Not Affected,Not Affected,Not Affected,Not Affected,Not Affected,Not Affected,Not Affected,766677.6484,356308.5987
978,962,Seawind ES,3700 SE Seabranch Blvd,Hobe Sound,33455,Martin,-80.20307998,27.098074,"-80.20307998, 27.09807400",17R NK 78999 97548,SHELTER,RISK,9,1993,2 Classroom,R, ,0,0,0,0,314,6276,314,6276,299,F/S,No,No,No,No,Yes, , , , ,,,SHELTER,,Risk Shelter Inventory,Critical Community and Emergency Facilities,Regionally Significant,RSI_PT_965,,South Florida Water Management District,FDEM,Risk Shelter Inventory - General - FDEM,,,,Treasure Coast,Southeast District,Northeast,4,86,31,Not Affected,Not Affected,Not Affected,Not Affected,Not Affected,Not Affected,Not Affected,Not Affected,Not Affected,Not Affected,Not Affected,Not Affected,Not Affected,Not Affected,Not Affected,Not Affected,Not Affected,Not Affected,Not Affected,Not Affected,Not Affected,775703.1141,349424.518
979,963,Seawind ES,3700 SE Seabranch Blvd,Hobe Sound,33455,Martin,-80.20307998,27.098074,"-80.20307998, 27.09807400",17R NK 78999 97548,SHELTER,RISK,9,1993,3 ESE,R, ,0,0,0,0,152,3049,152,3049,164, ,No,No,No,No,Yes, , , , ,,,SHELTER,,Risk Shelter Inventory,Critical Community and Emergency Facilities,Regionally Significant,RSI_PT_965,,South Florida Water Management District,FDEM,Risk Shelter Inventory - General - FDEM,,,,Treasure Coast,Southeast District,Northeast,4,86,31,Not Affected,Not Affected,Not Affected,Not Affected,Not Affected,Not Affected,Not Affected,Not Affected,Not Affected,Not Affected,Not Affected,Not Affected,Not Affected,Not Affected,Not Affected,Not Affected,Not Affected,Not Affected,Not Affected,Not Affected,Not Affected,775703.1141,349424.518
980,964,Warfield ES,15260 SW 150th St,Indiantown,34956,Martin,-80.46172598,27.02093602,"-80.46172598, 27.02093602",17R NK 53395 88868,SHELTER,RISK,9,2001,21 Classroom,A,134 kW for campus,0,0,0,0,0,0,547,10946,363, ,No,No,No,No,Yes, , , , ,,,SHELTER,,Risk Shelter Inventory,Critical Community and Emergency Facilities,Regionally Significant,RSI_PT_967,Indiantown,South Florida Water Management District,FDEM,Risk Shelter Inventory - General - FDEM,,,,Treasure Coast,Southeast District,Northeast,4,86,31,Not Affected,Not Affected,Not Affected,Not Affected,Not Affected,Not Affected,Not Affected,Not Affected,Not Affected,Not Affected,Not Affected,Not Affected,Not Affected,Not Affected,Not Affected,Not Affected,Not Affected,Not Affected,Not Affected,Not Affected,Not Affected,750363.2327,340102.1168
981,965,Hidden Oaks MS,2801 SW Martin Hwy,Palm City,34990,Martin,-80.292146,27.16251802,"-80.29214600, 27.16251802",17R NL 70129 04633,SHELTER,RISK,9,1991,4 Library,A,150 kW for campus,0,0,0,0,0,0,77,1549,57, ,No,No,No,No,Yes, , , , ,,,SHELTER,,Risk Shelter Inventory,Critical Community and Emergency Facilities,Regionally Significant,RSI_PT_961,,South Florida Water Management District,FDEM,Risk Shelter Inventory - General - FDEM,,,,Treasure Coast,Southeast District,Northeast,4,85,31,Not Affected,Not Affected,Not Affected,Not Affected,Not Affected,Not Affected,Not Affected,Not Affected,Not Affected,Not Affected,Not Affected,Not Affected,Not Affected,Not Affected,Not Affected,Not Affected,Not Affected,Not Affected,Not Affected,Not Affected,Not Affected,766677.6484,356308.5987
982,966,Indiantown MS,16303 SW Farm Rd,Indiantown,34956,Martin,-80.47545202,27.021076,"-80.47545202, 27.02107600",17R NK 52033 88877,SHELTER,RISK,9,2010,5 Cafeteria,A, ,0,0,0,0,368,7369,368,7369,368, ,No,No,No,No,Yes, , , , ,,,SHELTER,,Risk Shelter Inventory,Critical Community and Emergency Facilities,Regionally Significant,RSI_PT_969,Indiantown,South Florida Water Management District,FDEM,Risk Shelter Inventory - General - FDEM,,,,Treasure Coast,Southeast District,Northeast,4,86,31,Not Affected,Not Affected,Not Affected,Not Affected,Not Affected,Not Affected,Not Affected,Not Affected,Not Affected,Not Affected,Not Affected,Not Affected,Not Affected,Not Affected,Not Affected,Not Affected,Not Affected,Not Affected,Not Affected,Not Affected,Not Affected,749003.9942,340078.7291
983,967,Citrus Grove ES,2527 SW Citrus Blvd,Palm City,34990,Martin,-80.31698401,27.17502101,"-80.31698401, 27.17502101",17R NL 67661 06004,SHELTER,RISK,9,2007,1 ESE / Classroom,A, ,2329,46586,0,0,0,0,2329,46586,1289, ,No,No,No,No,Yes, , , , ,,,SHELTER,,Risk Shelter Inventory,Critical Community and Emergency Facilities,Regionally Significant,RSI_PT_983,,South Florida Water Management District,FDEM,Risk Shelter Inventory - General - FDEM,,,,Treasure Coast,Southeast District,Northeast,4,85,31,Not Affected,Not Affected,Not Affected,Not Affected,Not Affected,Not Affected,Not Affected,Not Affected,Not Affected,Not Affected,Not Affected,Not Affected,Not Affected,Not Affected,Not Affected,Not Affected,Not Affected,Not Affected,Not Affected,Not Affected,Not Affected,764180.6397,357622.649
984,968,Indiantown MS,16303 SW Farm Rd,Indiantown,34956,Martin,-80.47545202,27.021076,"-80.47545202, 27.02107600",17R NK 52033 88877,SHELTER,RISK,9,1999,2 Classroom,A, ,0,0,0,0,398,7952,398,7952,295,L,No,No,No,No,Yes, , , , ,,,SHELTER,,Risk Shelter Inventory,Critical Community and Emergency Facilities,Regionally Significant,RSI_PT_969,Indiantown,South Florida Water Management District,FDEM,Risk Shelter Inventory - General - FDEM,,,,Treasure Coast,Southeast District,Northeast,4,86,31,Not Affected,Not Affected,Not Affected,Not Affected,Not Affected,Not Affected,Not Affected,Not Affected,Not Affected,Not Affected,Not Affected,Not Affected,Not Affected,Not Affected,Not Affected,Not Affected,Not Affected,Not Affected,Not Affected,Not Affected,Not Affected,749003.9942,340078.7291
985,969,Willoughby Learning Center,5151 SE Willoughby Blvd,Stuart,34997,Martin,-80.23119492,27.14305032,"-80.23119492, 27.14305032",17R NL 76181 02512,SHELTER,RISK,9,1998,Main,R, ,0,0,0,0,591,11813,591,11813,0, ,No,No,No,No,Yes, ,Yes, , ,,,SHELTER,,Risk Shelter Inventory,Critical Community and Emergency Facilities,Regionally Significant,RSI_PT_985,,South Florida Water Management District,FDEM,Risk Shelter Inventory - General - FDEM,,,,Treasure Coast,Southeast District,Northeast,4,86,31,Not Affected,Not Affected,Not Affected,Not Affected,Not Affected,Not Affected,Not Affected,Not Affected,Not Affected,Not Affected,Not Affected,Not Affected,Not Affected,Not Affected,Not Affected,Not Affected,Not Affected,Not Affected,Not Affected,Not Affected,Not Affected,772769.4238,354330.7392
986,970,Port Salerno ES,3260 SE Lionel Ter,Stuart,34997,Martin,-80.20839201,27.14610298,"-80.20839201, 27.14610298",17R NL 78439 02864,SHELTER,RISK,9,2002,1 Classroom,A,660 kW for campus,451,9023,849,16977,0,0,1300,26000,1423,F/S,No,No,No,Yes,Yes, , , , ,,,SHELTER,,Risk Shelter Inventory,Critical Community and Emergency Facilities,Regionally Significant,RSI_PT_986,,South Florida Water Management District,FDEM,Risk Shelter Inventory - General - FDEM,,,,Treasure Coast,Southeast District,Northeast,4,86,31,Not Affected,Not Affected,Not Affected,Not Affected,Not Affected,Not Affected,Not Affected,Not Affected,Not Affected,Not Affected,Not Affected,Not Affected,Not Affected,Not Affected,Not Affected,Not Affected,Not Affected,Not Affected,Not Affected,Low,Low,775013.7117,354738.6698
987,971,Miami Northwestern HS,1100 NW 71st St,Miami,33150,Miami-Dade,-80.21391803,25.83898298,"-80.21391803, 25.83898298",17R NJ 78777 58087,SHELTER,RISK,10,1994,1A Auditorium,A, ,0,0,0,0,0,0,211,4216,2420,S-1523-2002,No,No,No,No,Yes, , , , ,,,SHELTER,,Risk Shelter Inventory,Critical Community and Emergency Facilities,Regionally Significant,RSI_PT_987,Miami,South Florida Water Management District,FDEM,Risk Shelter Inventory - General - FDEM,,,,South Florida,Southeast District,Southeast,6,109,34,Not Affected,Not Affected,Not Affected,Not Affected,Not Affected,Not Affected,Not Affected,Not Affected,Not Affected,Not Affected,Not Affected,Not Affected,Not Affected,Not Affected,Not Affected,Not Affected,Not Affected,Not Affected,Not Affected,Not Affected,Not Affected,778921.3143,209698.9813
988,972,Ben Sheppard ES,5700 W 24th Ave,Hialeah,33016,Miami-Dade,-80.332254,25.87441199,"-80.33225400, 25.87441199",17R NJ 66898 61946,SHELTER,RISK,10,1984,4 Classroom,A,40 kW,0,0,0,0,0,0,106,2117,106, ,No,No,No,No,Yes, , , , ,,,SHELTER,,Risk Shelter Inventory,Critical Community and Emergency Facilities,Regionally Significant,RSI_PT_622,Hialeah,South Florida Water Management District,FDEM,Risk Shelter Inventory - General - FDEM,,,,South Florida,Southeast District,Southeast,6,111,39,Not Affected,Not Affected,Not Affected,Not Affected,Not Affected,Not Affected,Not Affected,Not Affected,Not Affected,Not Affected,Not Affected,Low,Low,Medium,Medium,Not Affected,Not Affected,Not Affected,Not Affected,Not Affected,Not Affected,766964.573,213270.4638
989,973,Kelsey L Pharr ES,2000 NW 46th St,Miami,33142,Miami-Dade,-80.22971096,25.81632301,"-80.22971096, 25.81632301",17R NJ 77209 55569,SHELTER,RISK,10,1967,1 Classroom,A, ,0,0,0,0,0,0,453,9064,453, ,No,No,No,No,Yes, , , , ,,,SHELTER,,Risk Shelter Inventory,Critical Community and Emergency Facilities,Regionally Significant,RSI_PT_989,,South Florida Water Management District,FDEM,Risk Shelter Inventory - General - FDEM,,,,South Florida,Southeast District,Southeast,6,109,34,Not Affected,Not Affected,Not Affected,Not Affected,Not Affected,Not Affected,Not Affected,Not Affected,Not Affected,Not Affected,Not Affected,Not Affected,Not Affected,Not Affected,Not Affected,Not Affected,Not Affected,Not Affected,Not Affected,Not Affected,Not Affected,777418.0695,207137.4557
990,974,Andover MS,121 NE 207th St,Miami Gardens,33179,Miami-Dade,-80.199948,25.96685499,"-80.19994800, 25.96685499",17R NJ 80091 72258,SHELTER,RISK,10,2006,3D West Part Classroom,A,275 kW,0,0,0,0,0,0,207,4138,207, ,D,No,No,No,Yes, , , , ,,,SHELTER,,Risk Shelter Inventory,Critical Community and Emergency Facilities,Regionally Significant,RSI_PT_990,Miami Gardens,South Florida Water Management District,FDEM,Risk Shelter Inventory - General - FDEM,,,,South Florida,Southeast District,Southeast,6,107,34,Not Affected,Not Affected,Not Affected,Not Affected,Not Affected,Not Affected,Not Affected,Not Affected,Not Affected,Not Affected,Not Affected,Not Affected,Not Affected,Low,Medium,Not Affected,Not Affected,Not Affected,Not Affected,Not Affected,Not Affected,779881.8529,223924.252
991,975,Miami Carol City HS,3301 Miami Gardens Dr,Miami Gardens,33056,Miami-Dade,-80.25530283,25.94069867,"-80.25530283, 25.94069867",17R NJ 74566 69328,SHELTER,RISK,10,1962,3B Classroom,A,800 kW,0,0,190,3806,0,0,190,3806,190, ,No,No,No,Yes,Yes, , , , ,,,SHELTER,,Risk Shelter Inventory,Critical Community and Emergency Facilities,Regionally Significant,RSI_PT_618,Miami Gardens,South Florida Water Management District,FDEM,Risk Shelter Inventory - General - FDEM,,,,South Florida,Southeast District,Southeast,6,104,34,Not Affected,Not Affected,Not Affected,Not Affected,Not Affected,Not Affected,Not Affected,Low,Medium,Medium,Medium,Medium,High,High,High,High,High,High,High,High,High,774438.006,220853.8309
992,976,Dr Michael M Krop HS,1410 NE 215th St,Miami,33179,Miami-Dade,-80.17333898,25.97148302,"-80.17333898, 25.97148302",17R NJ 82752 72787,SHELTER,RISK,10,1996,3 (area D3A) Gym,A,235 kW,0,0,0,0,0,0,739,14780,739, ,C,No,No,No,Yes, , , , ,,,SHELTER,,Risk Shelter Inventory,Critical Community and Emergency Facilities,Regionally Significant,RSI_PT_992,,South Florida Water Management District,FDEM,Risk Shelter Inventory - General - FDEM,,,,South Florida,Southeast District,Southeast,6,107,34,Not Affected,Not Affected,Not Affected,Not Affected,Not Affected,Not Affected,Not Affected,Not Affected,Not Affected,Not Affected,Not Affected,Not Affected,Not Affected,Not Affected,Not Affected,Not Affected,Not Affected,Not Affected,Not Affected,Not Affected,Not Affected,782525.1063,224519.8244
993,977,John I Smith MS,5005 NW 112th Ave,Doral,33178,Miami-Dade,-80.37661002,25.81949401,"-80.37661002, 25.81949401",17R NJ 62483 55842,SHELTER,RISK,10,1998,1B Admin / Classroom, ,180 kW,0,0,0,0,1214,24271,1214,24271,1214,L,No,No,No,No,Yes, , , , ,,,SHELTER,,Risk Shelter Inventory,Critical Community and Emergency Facilities,Regionally Significant,RSI_PT_993,Doral,South Florida Water Management District,FDEM,Risk Shelter Inventory - General - FDEM,,,,South Florida,Southeast District,Southeast,6,111,39,Not Affected,Not Affected,Not Affected,Not Affected,Not Affected,Not Affected,Not Affected,Not Affected,Medium,Medium,Medium,Medium,Medium,High,High,Not Affected,Not Affected,Not Affected,Not Affected,Low,Low,762706.9826,207048.2994
994,978,Marjory Stoneman Douglas ES,11901 SW 2nd St,Miami,33184,Miami-Dade,-80.38809599,25.76873601,"-80.38809599, 25.76873601",17R NJ 61358 50215,SHELTER,RISK,10,2007,11 ESE Classroom,A,60 kW,0,0,0,0,0,0,569,11370,569, ,No,5,AH,No,Yes, , , , ,,,SHELTER,,Risk Shelter Inventory,Critical Community and Emergency Facilities,Regionally Significant,RSI_PT_994,,South Florida Water Management District,FDEM,Risk Shelter Inventory - General - FDEM,,,,South Florida,Southeast District,Southeast,6,111,39,Not Affected,Not Affected,Not Affected,Not Affected,Not Affected,Not Affected,Not Affected,Not Affected,Not Affected,Not Affected,Medium,Medium,Medium,High,High,Not Affected,Not Affected,Not Affected,Not Affected,Not Affected,Not Affected,761722.4808,201385.1881
995,979,Stirrup ES,330 NW 97th Ave,Miami,33172,Miami-Dade,-80.35395198,25.76995801,"-80.35395198, 25.76995801",17R NJ 64781 50367,SHELTER,RISK,10,1984,3 Art Classroom,A,45 kW,0,0,0,0,0,0,193,3861,193, ,E,No,No,No,Yes, , , , ,,,SHELTER,,Risk Shelter Inventory,Critical Community and Emergency Facilities,Regionally Significant,RSI_PT_628,,South Florida Water Management District,FDEM,Risk Shelter Inventory - General - FDEM,,,,South Florida,Southeast District,Southeast,6,116,36,Not Affected,Not Affected,Not Affected,Not Affected,Not Affected,Not Affected,Not Affected,Not Affected,Not Affected,Not Affected,Low,Medium,Medium,Medium,High,Not Affected,Not Affected,Not Affected,Not Affected,Not Affected,Not Affected,765136.9124,201621.3409
996,980,Lawton Chiles MS,8190 NW 197th St,Miami,33015,Miami-Dade,-80.33431804,25.95071501,"-80.33431804, 25.95071501",17R NJ 66648 70395,SHELTER,RISK,10,1998,2C Classroom,A,325 kW,0,0,1240,24808,0,0,1240,24808,1240, ,No,No,AE,Yes,Yes, , , , ,,,SHELTER,,Risk Shelter Inventory,Critical Community and Emergency Facilities,Regionally Significant,RSI_PT_630,,South Florida Water Management District,FDEM,Risk Shelter Inventory - General - FDEM,,,,South Florida,Southeast District,Southeast,6,110,39,Not Affected,Not Affected,Not Affected,Not Affected,Not Affected,Not Affected,Not Affected,Not Affected,Not Affected,Not Affected,Not Affected,Medium,Medium,Medium,Medium,Low,Low,Low,Medium,Medium,Medium,766506.472,221727.4168
997,981,Barbara Goleman HS,14100 NW 89th Ave,Miami Lakes,33018,Miami-Dade,-80.34576696,25.90123198,"-80.34576696, 25.90123198",17R NJ 65529 64909,SHELTER,RISK,10,1994,5 Classroom,A,235 kW,0,0,0,0,0,0,324,6471,324,s-1523-2002,No,No,AE,No,Yes, , , , ,,,SHELTER,,Risk Shelter Inventory,Critical Community and Emergency Facilities,Regionally Significant,RSI_PT_997,Miami Lakes,South Florida Water Management District,FDEM,Risk Shelter Inventory - General - FDEM,,,,South Florida,Southeast District,Southeast,6,110,39,Not Affected,Not Affected,Not Affected,Not Affected,Not Affected,Not Affected,Not Affected,Not Affected,Not Affected,Not Affected,Medium,Medium,Medium,Medium,High,High,High,High,High,High,High,765524.7969,216205.002
998,982,Dante Fascell ES,15625 SW 80th St,Miami,33193,Miami-Dade,-80.44528304,25.693399,"-80.44528304, 25.69339900",17R NJ 55658 41847,SHELTER,RISK,10,1995,4 Classroom,A,80 kW,0,0,0,0,0,0,472,9440,472, ,E,5,No,No,Yes, , , , ,,,SHELTER,,Risk Shelter Inventory,Critical Community and Emergency Facilities,Regionally Significant,RSI_PT_621,,South Florida Water Management District,FDEM,Risk Shelter Inventory - General - FDEM,,,,South Florida,Southeast District,Southeast,6,119,40,Not Affected,Not Affected,Not Affected,Not Affected,Not Affected,Not Affected,Not Affected,Not Affected,Not Affected,Not Affected,Not Affected,Not Affected,Not Affected,Not Affected,Not Affected,Not Affected,Not Affected,Not Affected,Not Affected,Not Affected,Not Affected,756237.865,192863.6984
999,983,Bob Graham Education Center,15901 NW 79th Ave,Miami Lakes,33016,Miami-Dade,-80.32829296,25.91739401,"-80.32829296, 25.91739401",17R NJ 67270 66708,SHELTER,RISK,10,2011,9ND Admin / Classroom,A,130 kW,0,0,0,0,0,0,176,3515,176, ,No,No,AE,No,Yes, , , , ,,,SHELTER,,Risk Shelter Inventory,Critical Community and Emergency Facilities,Regionally Significant,RSI_PT_620,Miami Lakes,South Florida Water Management District,FDEM,Risk Shelter Inventory - General - FDEM,,,,South Florida,Southeast District,Southeast,6,110,39,Not Affected,Not Affected,Not Affected,Not Affected,Not Affected,Not Affected,Not Affected,Not Affected,Not Affected,Low,Medium,Medium,Medium,High,High,High,High,High,High,High,High,767218.7769,218049.5145
1000,984,John I Smith MS,5005 NW 112th Ave,Doral,33178,Miami-Dade,-80.37661002,25.81949401,"-80.37661002, 25.81949401",17R NJ 62483 55842,SHELTER,RISK,10,1998,1A Classroom, ,180 kW,0,0,0,0,738,14754,738,14754,738,L,No,No,No,No,Yes, , , , ,,,SHELTER,,Risk Shelter Inventory,Critical Community and Emergency Facilities,Regionally Significant,RSI_PT_993,Doral,South Florida Water Management District,FDEM,Risk Shelter Inventory - General - FDEM,,,,South Florida,Southeast District,Southeast,6,111,39,Not Affected,Not Affected,Not Affected,Not Affected,Not Affected,Not Affected,Not Affected,Not Affected,Medium,Medium,Medium,Medium,Medium,High,High,Not Affected,Not Affected,Not Affected,Not Affected,Low,Low,762706.9826,207048.2994
1001,985,Marjory Stoneman Douglas ES,11901 SW 2nd St,Miami,33184,Miami-Dade,-80.38809599,25.76873601,"-80.38809599, 25.76873601",17R NJ 61358 50215,SHELTER,RISK,10,1990,5 Cafeteria,A,416 kW,0,0,0,0,0,0,179,3588,179, ,No,5,AH,No,Yes, , , , ,,,SHELTER,,Risk Shelter Inventory,Critical Community and Emergency Facilities,Regionally Significant,RSI_PT_994,,South Florida Water Management District,FDEM,Risk Shelter Inventory - General - FDEM,,,,South Florida,Southeast District,Southeast,6,111,39,Not Affected,Not Affected,Not Affected,Not Affected,Not Affected,Not Affected,Not Affected,Not Affected,Not Affected,Not Affected,Medium,Medium,Medium,High,High,Not Affected,Not Affected,Not Affected,Not Affected,Not Affected,Not Affected,761722.4808,201385.1881
1002,986,Hammocks MS,9889 Hammocks Blvd,Miami,33196,Miami-Dade,-80.44200001,25.67421601,"-80.44200001, 25.67421601",17R NJ 55997 39724,SHELTER,RISK,10,1982,4 Cafeteria / PE,A,250 kW / 99 kW,0,0,0,0,0,0,170,3403,170, ,E,5,No,No,Yes, , , , ,,,SHELTER,,Risk Shelter Inventory,Critical Community and Emergency Facilities,Regionally Significant,RSI_PT_623,,South Florida Water Management District,FDEM,Risk Shelter Inventory - General - FDEM,,,,South Florida,Southeast District,Southeast,6,119,40,Not Affected,Not Affected,Not Affected,Not Affected,Not Affected,Not Affected,Not Affected,Not Affected,Not Affected,Not Affected,Not Affected,Not Affected,Not Affected,Not Affected,Not Affected,Not Affected,Not Affected,Not Affected,Not Affected,Not Affected,Not Affected,756628.1818,190745.8214
1003,987,Dr Michael M Krop HS,1410 NE 215th St,Miami,33179,Miami-Dade,-80.17333898,25.97148302,"-80.17333898, 25.97148302",17R NJ 82752 72787,SHELTER,RISK,10,1996,"3 (area F3B) Auditorium, Classroom",A,235 kW,0,0,0,0,0,0,361,7220,361, ,C,No,No,No,Yes, , , , ,,,SHELTER,,Risk Shelter Inventory,Critical Community and Emergency Facilities,Regionally Significant,RSI_PT_992,,South Florida Water Management District,FDEM,Risk Shelter Inventory - General - FDEM,,,,South Florida,Southeast District,Southeast,6,107,34,Not Affected,Not Affected,Not Affected,Not Affected,Not Affected,Not Affected,Not Affected,Not Affected,Not Affected,Not Affected,Not Affected,Not Affected,Not Affected,Not Affected,Not Affected,Not Affected,Not Affected,Not Affected,Not Affected,Not Affected,Not Affected,782525.1063,224519.8244
1004,988,Florida International University,11290 SW 12th St,Miami,33199,Miami-Dade,-80.3780832,25.7575967,"-80.37808320, 25.75759670",17R NJ 62367 48986,SHELTER,RISK,10,2017,Rec Complex 1st Floor,A,600 kW,0,0,0,0,511,10220,511,10220,511, ,E,5,AH,No,Yes, , , , ,,,SHELTER,,Risk Shelter Inventory,Critical Community and Emergency Facilities,Regionally Significant,RSI_PT_1004,,South Florida Water Management District,FDEM,Risk Shelter Inventory - General - FDEM,,,,South Florida,Southeast District,Southeast,6,116,40,Not Affected,Not Affected,Not Affected,Not Affected,Not Affected,Not Affected,Low,Low,Medium,Medium,High,High,High,High,High,Medium,Medium,Medium,High,High,High,762761.2428,200179.2114
1005,989,Andover MS,121 NE 207th St,Miami Gardens,33179,Miami-Dade,-80.199948,25.96685499,"-80.19994800, 25.96685499",17R NJ 80091 72258,SHELTER,RISK,10,2006,2C South Part Classroom,A,275 kW,0,0,0,0,0,0,217,4339,217, ,D,No,No,No,Yes, , , , ,,,SHELTER,,Risk Shelter Inventory,Critical Community and Emergency Facilities,Regionally Significant,RSI_PT_990,Miami Gardens,South Florida Water Management District,FDEM,Risk Shelter Inventory - General - FDEM,,,,South Florida,Southeast District,Southeast,6,107,34,Not Affected,Not Affected,Not Affected,Not Affected,Not Affected,Not Affected,Not Affected,Not Affected,Not Affected,Not Affected,Not Affected,Not Affected,Not Affected,Low,Medium,Not Affected,Not Affected,Not Affected,Not Affected,Not Affected,Not Affected,779881.8529,223924.252
1006,990,Joe Hall ES,1901 SW 134th Ave,Miami,33175,Miami-Dade,-80.41218298,25.74985699,"-80.41218298, 25.74985699",17R NJ 58952 48113,SHELTER,RISK,10,1984,2 Classroom,A,50 kW,0,0,0,0,0,0,101,2028,101, ,E,No,No,No,Yes, , , , ,,,SHELTER,,Risk Shelter Inventory,Critical Community and Emergency Facilities,Regionally Significant,RSI_PT_1006,,South Florida Water Management District,FDEM,Risk Shelter Inventory - General - FDEM,,,,South Florida,Southeast District,Southeast,6,118,40,Not Affected,Not Affected,Not Affected,Not Affected,Not Affected,Not Affected,Not Affected,Not Affected,Not Affected,Not Affected,Not Affected,Not Affected,Not Affected,Not Affected,Not Affected,Not Affected,Not Affected,Not Affected,Not Affected,Not Affected,Not Affected,759371.8513,199221.0083
1007,991,Marjory Stoneman Douglas ES,11901 SW 2nd St,Miami,33184,Miami-Dade,-80.38809599,25.76873601,"-80.38809599, 25.76873601",17R NJ 61358 50215,SHELTER,RISK,10,1990,10 Classroom / Media,A,416 kW,0,0,0,0,0,0,312,6232,312, ,No,5,AH,No,Yes, , , , ,,,SHELTER,,Risk Shelter Inventory,Critical Community and Emergency Facilities,Regionally Significant,RSI_PT_994,,South Florida Water Management District,FDEM,Risk Shelter Inventory - General - FDEM,,,,South Florida,Southeast District,Southeast,6,111,39,Not Affected,Not Affected,Not Affected,Not Affected,Not Affected,Not Affected,Not Affected,Not Affected,Not Affected,Not Affected,Medium,Medium,Medium,High,High,Not Affected,Not Affected,Not Affected,Not Affected,Not Affected,Not Affected,761722.4808,201385.1881
1008,992,Ben Sheppard ES,5700 W 24th Ave,Hialeah,33016,Miami-Dade,-80.332254,25.87441199,"-80.33225400, 25.87441199",17R NJ 66898 61946,SHELTER,RISK,10,1984,3 Art / Classroom,A,40 kW,0,0,0,0,0,0,205,4093,205, ,No,No,No,No,Yes, , , , ,,,SHELTER,,Risk Shelter Inventory,Critical Community and Emergency Facilities,Regionally Significant,RSI_PT_622,Hialeah,South Florida Water Management District,FDEM,Risk Shelter Inventory - General - FDEM,,,,South Florida,Southeast District,Southeast,6,111,39,Not Affected,Not Affected,Not Affected,Not Affected,Not Affected,Not Affected,Not Affected,Not Affected,Not Affected,Not Affected,Not Affected,Low,Low,Medium,Medium,Not Affected,Not Affected,Not Affected,Not Affected,Not Affected,Not Affected,766964.573,213270.4638
1009,993,Miami Carol City HS,3301 Miami Gardens Dr,Miami Gardens,33056,Miami-Dade,-80.25530283,25.94069867,"-80.25530283, 25.94069867",17R NJ 74566 69328,SHELTER,RISK,10,2003,4B Music / Classroom,A,800 kW,0,0,276,5523,0,0,276,5523,276, ,No,No,No,Yes,Yes, , , , ,,,SHELTER,,Risk Shelter Inventory,Critical Community and Emergency Facilities,Regionally Significant,RSI_PT_618,Miami Gardens,South Florida Water Management District,FDEM,Risk Shelter Inventory - General - FDEM,,,,South Florida,Southeast District,Southeast,6,104,34,Not Affected,Not Affected,Not Affected,Not Affected,Not Affected,Not Affected,Not Affected,Low,Medium,Medium,Medium,Medium,High,High,High,High,High,High,High,High,High,774438.006,220853.8309
1010,994,Dr Carlos J Finlay ES,851 SW 117th Ave,Miami,33184,Miami-Dade,-80.38155501,25.75919099,"-80.38155501, 25.75919099",17R NJ 62018 49161,SHELTER,RISK,10,2000,3 Cafeteria,A,125 kW,0,0,0,0,0,0,278,5554,278, ,E,No,AH,No,Yes, , , , ,,,SHELTER,,Risk Shelter Inventory,Critical Community and Emergency Facilities,Regionally Significant,RSI_PT_1010,,South Florida Water Management District,FDEM,Risk Shelter Inventory - General - FDEM,,,,South Florida,Southeast District,Southeast,6,116,40,Not Affected,Not Affected,Not Affected,Not Affected,Not Affected,Not Affected,Not Affected,Not Affected,Not Affected,Not Affected,Medium,Medium,Medium,High,High,Not Affected,Not Affected,Not Affected,Not Affected,Not Affected,Not Affected,762408.4261,200345.8151
1011,995,Kinloch Park MS,4340 NW 3rd St,Miami,33126,Miami-Dade,-80.26682603,25.77394398,"-80.26682603, 25.77394398",17R NJ 73515 50854,SHELTER,RISK,10,1999,8 Admin / Dining / Classroom,A,70 kW / 60 kW,0,0,0,0,0,0,717,14335,717, ,E,No,No,No,Yes, , , , ,,,SHELTER,,Risk Shelter Inventory,Critical Community and Emergency Facilities,Regionally Significant,RSI_PT_1011,Miami,South Florida Water Management District,FDEM,Risk Shelter Inventory - General - FDEM,,,,South Florida,Southeast District,Southeast,6,114,36,Not Affected,Not Affected,Not Affected,Not Affected,Not Affected,Not Affected,Not Affected,Not Affected,Not Affected,Not Affected,Not Affected,Not Affected,Not Affected,Not Affected,Not Affected,Not Affected,Low,Not Affected,Low,Medium,Low,773846.201,202324.4534
1012,996,Miami Carol City HS,3301 Miami Gardens Dr,Miami Gardens,33056,Miami-Dade,-80.25530283,25.94069867,"-80.25530283, 25.94069867",17R NJ 74566 69328,SHELTER,RISK,10,1962,1A Admin / Media / Classroom,A,800 kW,0,0,0,0,0,0,520,10406,520, ,No,No,No,No,Yes, , , , ,,,SHELTER,,Risk Shelter Inventory,Critical Community and Emergency Facilities,Regionally Significant,RSI_PT_618,Miami Gardens,South Florida Water Management District,FDEM,Risk Shelter Inventory - General - FDEM,,,,South Florida,Southeast District,Southeast,6,104,34,Not Affected,Not Affected,Not Affected,Not Affected,Not Affected,Not Affected,Not Affected,Low,Medium,Medium,Medium,Medium,High,High,High,High,High,High,High,High,High,774438.006,220853.8309
1013,997,John I Smith MS,5005 NW 112th Ave,Miami,33178,Miami-Dade,-80.37661002,25.81949401,"-80.37661002, 25.81949401",17R NJ 62483 55842,SHELTER,RISK,10,1998,2B Cafeteria / Music,R,180 kW,0,0,0,0,345,6892,345,6892,345,L,No,No,No,No,Yes, , , , ,,,SHELTER,,Risk Shelter Inventory,Critical Community and Emergency Facilities,Regionally Significant,RSI_PT_993,Doral,South Florida Water Management District,FDEM,Risk Shelter Inventory - General - FDEM,,,,South Florida,Southeast District,Southeast,6,111,39,Not Affected,Not Affected,Not Affected,Not Affected,Not Affected,Not Affected,Not Affected,Not Affected,Medium,Medium,Medium,Medium,Medium,High,High,Not Affected,Not Affected,Not Affected,Not Affected,Low,Low,762706.9826,207048.2994
1014,998,Marjory Stoneman Douglas ES,11901 SW 2nd St,Miami,33184,Miami-Dade,-80.38809599,25.76873601,"-80.38809599, 25.76873601",17R NJ 61358 50215,SHELTER,RISK,10,2007,13 Multipurpose / Cafeteria,A,60 kW,0,0,0,0,0,0,96,1915,96, ,No,5,AH,No,Yes, , , , ,,,SHELTER,,Risk Shelter Inventory,Critical Community and Emergency Facilities,Regionally Significant,RSI_PT_994,,South Florida Water Management District,FDEM,Risk Shelter Inventory - General - FDEM,,,,South Florida,Southeast District,Southeast,6,111,39,Not Affected,Not Affected,Not Affected,Not Affected,Not Affected,Not Affected,Not Affected,Not Affected,Not Affected,Not Affected,Medium,Medium,Medium,High,High,Not Affected,Not Affected,Not Affected,Not Affected,Not Affected,Not Affected,761722.4808,201385.1881
1015,999,Joe Hall ES,1901 SW 134th Ave,Miami,33175,Miami-Dade,-80.41218298,25.74985699,"-80.41218298, 25.74985699",17R NJ 58952 48113,SHELTER,RISK,10,1984,5 Classroom,A,50 kW,0,0,0,0,0,0,231,4629,231, ,E,No,No,No,Yes, , , , ,,,SHELTER,,Risk Shelter Inventory,Critical Community and Emergency Facilities,Regionally Significant,RSI_PT_1006,,South Florida Water Management District,FDEM,Risk Shelter Inventory - General - FDEM,,,,South Florida,Southeast District,Southeast,6,118,40,Not Affected,Not Affected,Not Affected,Not Affected,Not Affected,Not Affected,Not Affected,Not Affected,Not Affected,Not Affected,Not Affected,Not Affected,Not Affected,Not Affected,Not Affected,Not Affected,Not Affected,Not Affected,Not Affected,Not Affected,Not Affected,759371.8513,199221.0083
1016,1000,North Miami Beach HS,1247 NE 167th St,Miami,33162,Miami-Dade,-80.17528802,25.92990798,"-80.17528802, 25.92990798",17R NJ 82585 68181,SHELTER,RISK,10,2005,7 Classroom,A,100 kW,0,0,0,0,0,0,800,15997,3152, ,E,No,No,No,Yes, , , , ,,,SHELTER,,Risk Shelter Inventory,Critical Community and Emergency Facilities,Regionally Significant,RSI_PT_1016,,South Florida Water Management District,FDEM,Risk Shelter Inventory - General - FDEM,,,,South Florida,Southeast District,Southeast,6,107,34,Not Affected,Not Affected,Not Affected,Not Affected,Not Affected,Not Affected,Not Affected,Not Affected,Not Affected,Not Affected,Not Affected,Not Affected,Not Affected,Not Affected,Not Affected,Not Affected,Not Affected,Not Affected,Not Affected,Not Affected,Not Affected,782473.4029,219902.5737
1017,1001,Bob Graham Education Center,15901 NW 79th Ave,Miami Lakes,33016,Miami-Dade,-80.32829296,25.91739401,"-80.32829296, 25.91739401",17R NJ 67270 66708,SHELTER,RISK,10,2002,5E Classroom,A,125 kW,0,0,0,0,0,0,85,1695,85, ,No,No,AE,No,Yes, , , , ,,,SHELTER,,Risk Shelter Inventory,Critical Community and Emergency Facilities,Regionally Significant,RSI_PT_620,Miami Lakes,South Florida Water Management District,FDEM,Risk Shelter Inventory - General - FDEM,,,,South Florida,Southeast District,Southeast,6,110,39,Not Affected,Not Affected,Not Affected,Not Affected,Not Affected,Not Affected,Not Affected,Not Affected,Not Affected,Low,Medium,Medium,Medium,High,High,High,High,High,High,High,High,767218.7769,218049.5145
1018,1002,Ronald Reagan HS,8600 NW 107th Ave,Doral,33178,Miami-Dade,-80.37145197,25.852591,"-80.37145197, 25.85259100",17R NJ 62982 59510,SHELTER,RISK,10,2003,4 Auditorium,A,400 kW,0,0,0,0,0,0,683,13655,683,L,No,No,No,No,Yes, , , , ,,,SHELTER,,Risk Shelter Inventory,Critical Community and Emergency Facilities,Regionally Significant,RSI_PT_624,Doral,South Florida Water Management District,FDEM,Risk Shelter Inventory - General - FDEM,,,,South Florida,Southeast District,Southeast,6,111,39,Not Affected,Not Affected,Not Affected,Not Affected,Not Affected,Not Affected,Not Affected,Not Affected,Not Affected,Not Affected,Not Affected,Not Affected,Low,Medium,Medium,Not Affected,Not Affected,Not Affected,Not Affected,Not Affected,Not Affected,763115.119,210734.2435
1019,1003,Van Blanton ES,10327 NW 11th Ave,Miami,33150,Miami-Dade,-80.21543298,25.87014899,"-80.21543298, 25.87014899",17R NJ 78605 61538,SHELTER,RISK,10,1991,3 Classroom,A, ,0,0,0,0,0,0,98,1960,98,"L, S",D,No,No,No,Yes, , , , ,,,SHELTER,,Risk Shelter Inventory,Critical Community and Emergency Facilities,Regionally Significant,RSI_PT_1019,,South Florida Water Management District,FDEM,Risk Shelter Inventory - General - FDEM,,,,South Florida,Southeast District,Southeast,6,108,34,Not Affected,Not Affected,Not Affected,Not Affected,Not Affected,Not Affected,Not Affected,Not Affected,Not Affected,Not Affected,Not Affected,Not Affected,Not Affected,Not Affected,Not Affected,Not Affected,Not Affected,Not Affected,Not Affected,Not Affected,Not Affected,778663.6271,213150.8399
1020,1004,Ben Sheppard ES,5700 W 24th Ave,Hialeah,33016,Miami-Dade,-80.332254,25.87441199,"-80.33225400, 25.87441199",17R NJ 66898 61946,SHELTER,RISK,10,1984,6 Cafeteria,A,40 kW,0,0,0,0,0,0,92,1847,92, ,No,No,No,No,Yes, , , , ,,,SHELTER,,Risk Shelter Inventory,Critical Community and Emergency Facilities,Regionally Significant,RSI_PT_622,Hialeah,South Florida Water Management District,FDEM,Risk Shelter Inventory - General - FDEM,,,,South Florida,Southeast District,Southeast,6,111,39,Not Affected,Not Affected,Not Affected,Not Affected,Not Affected,Not Affected,Not Affected,Not Affected,Not Affected,Not Affected,Not Affected,Low,Low,Medium,Medium,Not Affected,Not Affected,Not Affected,Not Affected,Not Affected,Not Affected,766964.573,213270.4638
1021,1005,Bob Graham Education Center,15901 NW 79th Ave,Miami Lakes,33016,Miami-Dade,-80.32829296,25.91739401,"-80.32829296, 25.91739401",17R NJ 67270 66708,SHELTER,RISK,10,2003,10 Classroom,A,125 kW,0,0,0,0,0,0,329,6577,329, ,No,No,AE,No,Yes, , , , ,,,SHELTER,,Risk Shelter Inventory,Critical Community and Emergency Facilities,Regionally Significant,RSI_PT_620,Miami Lakes,South Florida Water Management District,FDEM,Risk Shelter Inventory - General - FDEM,,,,South Florida,Southeast District,Southeast,6,110,39,Not Affected,Not Affected,Not Affected,Not Affected,Not Affected,Not Affected,Not Affected,Not Affected,Not Affected,Low,Medium,Medium,Medium,High,High,High,High,High,High,High,High,767218.7769,218049.5145
1022,1006,Country Club MS,18305 NW 75th Pl,Miami,33015,Miami-Dade,-80.32276602,25.93970601,"-80.32276602, 25.93970601",17R NJ 67811 69181,SHELTER,RISK,10,2005,1 Admin / Classroom,A,200 kW,0,0,0,0,0,0,289,5789,289, ,No,No,AE,No,Yes, , , , ,,,SHELTER,,Risk Shelter Inventory,Critical Community and Emergency Facilities,Regionally Significant,RSI_PT_1022,,South Florida Water Management District,FDEM,Risk Shelter Inventory - General - FDEM,,,,South Florida,Southeast District,Southeast,6,110,39,Not Affected,Not Affected,Not Affected,Not Affected,Not Affected,Not Affected,Not Affected,Not Affected,Not Affected,Low,Medium,Medium,Medium,High,High,Medium,Medium,Medium,High,High,High,767697.5614,220540.7253
1023,1007,Andover MS,121 NE 207th St,Miami Gardens,33179,Miami-Dade,-80.199948,25.96685499,"-80.19994800, 25.96685499",17R NJ 80091 72258,SHELTER,RISK,10,2006,2C East Part Classroom,A,275 kW,0,0,0,0,0,0,66,1328,66, ,D,No,No,No,Yes, , , , ,,,SHELTER,,Risk Shelter Inventory,Critical Community and Emergency Facilities,Regionally Significant,RSI_PT_990,Miami Gardens,South Florida Water Management District,FDEM,Risk Shelter Inventory - General - FDEM,,,,South Florida,Southeast District,Southeast,6,107,34,Not Affected,Not Affected,Not Affected,Not Affected,Not Affected,Not Affected,Not Affected,Not Affected,Not Affected,Not Affected,Not Affected,Not Affected,Not Affected,Low,Medium,Not Affected,Not Affected,Not Affected,Not Affected,Not Affected,Not Affected,779881.8529,223924.252
1024,1008,Norwood ES,19810 NW 14th Ct,Miami,33169,Miami-Dade,-80.22699196,25.955488,"-80.22699196, 25.95548800",17R NJ 77391 70982,SHELTER,RISK,10,1991,6 Cafeteria,A, ,0,0,0,0,0,0,154,3085,154, ,No,No,No,No,Yes, , , , ,,,SHELTER,,Risk Shelter Inventory,Critical Community and Emergency Facilities,Regionally Significant,RSI_PT_632,Miami Gardens,South Florida Water Management District,FDEM,Risk Shelter Inventory - General - FDEM,,,,South Florida,Southeast District,Southeast,6,107,34,Not Affected,Not Affected,Not Affected,Not Affected,Not Affected,Not Affected,Not Affected,Not Affected,Not Affected,Not Affected,Not Affected,Not Affected,Not Affected,Not Affected,Not Affected,Not Affected,Not Affected,Not Affected,Not Affected,Not Affected,Not Affected,777217.7689,222580.4659
1025,1009,Bob Graham Education Center,15901 NW 79th Ave,Miami Lakes,33016,Miami-Dade,-80.32829296,25.91739401,"-80.32829296, 25.91739401",17R NJ 67270 66708,SHELTER,RISK,10,2002,4N Classroom,A,125 kW,0,0,0,0,0,0,191,3825,191, ,No,No,AE,No,Yes, , , , ,,,SHELTER,,Risk Shelter Inventory,Critical Community and Emergency Facilities,Regionally Significant,RSI_PT_620,Miami Lakes,South Florida Water Management District,FDEM,Risk Shelter Inventory - General - FDEM,,,,South Florida,Southeast District,Southeast,6,110,39,Not Affected,Not Affected,Not Affected,Not Affected,Not Affected,Not Affected,Not Affected,Not Affected,Not Affected,Low,Medium,Medium,Medium,High,High,High,High,High,High,High,High,767218.7769,218049.5145
1026,1010,Citrus Grove MS,2153 NW 3rd St,Miami,33125,Miami-Dade,-80.23011497,25.77674899,"-80.23011497, 25.77674899",17R NJ 77194 51186,SHELTER,RISK,10,1975,1 Admin / Auditorium / Cafeteria / Classroom,A,125 kW / 215 kW,0,0,0,0,0,0,2251,45021,1700,HMGP,E,No,No,No,Yes, , , , ,,,SHELTER,,Risk Shelter Inventory,Critical Community and Emergency Facilities,Regionally Significant,RSI_PT_1026,Miami,South Florida Water Management District,FDEM,Risk Shelter Inventory - General - FDEM,,,,South Florida,Southeast District,Southeast,6,112,36,Not Affected,Not Affected,Not Affected,Not Affected,Not Affected,Not Affected,Not Affected,Not Affected,Not Affected,Not Affected,Not Affected,Not Affected,Not Affected,Not Affected,Not Affected,Not Affected,Not Affected,Not Affected,Not Affected,Not Affected,Not Affected,777511.8544,202747.3719
1027,1011,Orchard Villa ES,5720 NW 13th Ave,Miami,33142,Miami-Dade,-80.21939603,25.82778799,"-80.21939603, 25.82778799",17R NJ 78236 56844,SHELTER,RISK,10,1990,1 Main,A, ,0,0,0,0,0,0,801,16011,1179, ,No,No,No,No,Yes, , , , ,,,SHELTER,,Risk Shelter Inventory,Critical Community and Emergency Facilities,Regionally Significant,RSI_PT_1027,Miami,South Florida Water Management District,FDEM,Risk Shelter Inventory - General - FDEM,,,,South Florida,Southeast District,Southeast,6,109,34,Not Affected,Not Affected,Not Affected,Not Affected,Not Affected,Not Affected,Not Affected,Not Affected,Not Affected,Not Affected,Not Affected,Not Affected,Not Affected,Not Affected,Not Affected,Not Affected,Not Affected,Not Affected,Not Affected,Not Affected,Not Affected,778411.3104,208440.5807
1028,1012,American HS,18350 NW 67th Ave,Miami,33015,Miami-Dade,-80.30851896,25.93960601,"-80.30851896, 25.93960601",17R NJ 69238 69178,SHELTER,RISK,10,2000,4 Classroom,A,200 kW,0,0,0,0,0,0,232,4646,0, ,No,No,AE,No,Yes, , , , ,,,SHELTER,,Risk Shelter Inventory,Critical Community and Emergency Facilities,Regionally Significant,RSI_PT_1028,,South Florida Water Management District,FDEM,Risk Shelter Inventory - General - FDEM,,,,South Florida,Southeast District,Southeast,6,110,39,Not Affected,Not Affected,Not Affected,Not Affected,Not Affected,Not Affected,Not Affected,Not Affected,Not Affected,Not Affected,Not Affected,Low,Low,Medium,Medium,Low,Low,Low,Medium,Medium,Medium,769122.0742,220572.1982
1029,1013,Miami Northwestern HS,1100 NW 71st St,Miami,33150,Miami-Dade,-80.21391803,25.83898298,"-80.21391803, 25.83898298",17R NJ 78777 58087,SHELTER,RISK,10,1994,1C Cafeteria / Classroom,A, ,0,0,0,0,0,0,489,9779,489,S-1523-2002,No,No,No,No,Yes, , , , ,,,SHELTER,,Risk Shelter Inventory,Critical Community and Emergency Facilities,Regionally Significant,RSI_PT_987,Miami,South Florida Water Management District,FDEM,Risk Shelter Inventory - General - FDEM,,,,South Florida,Southeast District,Southeast,6,109,34,Not Affected,Not Affected,Not Affected,Not Affected,Not Affected,Not Affected,Not Affected,Not Affected,Not Affected,Not Affected,Not Affected,Not Affected,Not Affected,Not Affected,Not Affected,Not Affected,Not Affected,Not Affected,Not Affected,Not Affected,Not Affected,778921.3143,209698.9813
1030,1014,Lawton Chiles MS,8190 NW 197th St,Miami,33015,Miami-Dade,-80.33431804,25.95071501,"-80.33431804, 25.95071501",17R NJ 66648 70395,SHELTER,RISK,10,1998,3D South Gym,A,325 kW,0,0,0,0,0,0,83,1666,83, ,No,No,AE,No,Yes, , , , ,,,SHELTER,,Risk Shelter Inventory,Critical Community and Emergency Facilities,Regionally Significant,RSI_PT_630,,South Florida Water Management District,FDEM,Risk Shelter Inventory - General - FDEM,,,,South Florida,Southeast District,Southeast,6,110,39,Not Affected,Not Affected,Not Affected,Not Affected,Not Affected,Not Affected,Not Affected,Not Affected,Not Affected,Not Affected,Not Affected,Medium,Medium,Medium,Medium,Low,Low,Low,Medium,Medium,Medium,766506.472,221727.4168
1031,1015,North Miami HS,13110 NE 8th Ave,North Miami,33161,Miami-Dade,-80.18395198,25.896943,"-80.18395198, 25.89694300",17R NJ 81741 64525,SHELTER,RISK,10,2007, ,A,70 kW,0,0,0,0,0,0,412,8230,412, ,D,No,No,No,Yes, , , , ,,,SHELTER,,Risk Shelter Inventory,Critical Community and Emergency Facilities,Regionally Significant,RSI_PT_1031,North Miami,South Florida Water Management District,FDEM,Risk Shelter Inventory - General - FDEM,,,,South Florida,Southeast District,Southeast,6,108,34,Not Affected,Not Affected,Not Affected,Not Affected,Not Affected,Not Affected,Not Affected,Not Affected,Not Affected,Not Affected,Not Affected,Not Affected,Not Affected,Not Affected,Not Affected,Medium,Medium,Medium,Medium,Medium,Medium,781720.4576,216219.5786
1032,1016,Andover MS,121 NE 207th St,Miami Gardens,33179,Miami-Dade,-80.199948,25.96685499,"-80.19994800, 25.96685499",17R NJ 80091 72258,SHELTER,RISK,10,2006,4B Classroom,A,275 kW,0,0,0,0,0,0,187,3743,187, ,D,No,No,No,Yes, , , , ,,,SHELTER,,Risk Shelter Inventory,Critical Community and Emergency Facilities,Regionally Significant,RSI_PT_990,Miami Gardens,South Florida Water Management District,FDEM,Risk Shelter Inventory - General - FDEM,,,,South Florida,Southeast District,Southeast,6,107,34,Not Affected,Not Affected,Not Affected,Not Affected,Not Affected,Not Affected,Not Affected,Not Affected,Not Affected,Not Affected,Not Affected,Not Affected,Not Affected,Low,Medium,Not Affected,Not Affected,Not Affected,Not Affected,Not Affected,Not Affected,779881.8529,223924.252
1033,1017,Miami Carol City HS,3301 Miami Gardens Dr,Miami Gardens,33056,Miami-Dade,-80.25530283,25.94069867,"-80.25530283, 25.94069867",17R NJ 74566 69328,SHELTER,RISK,10,1962,1B Admin / Media / Classroom,A,800 kW,0,0,0,0,0,0,307,6140,307, ,No,No,No,No,Yes, , , , ,,,SHELTER,,Risk Shelter Inventory,Critical Community and Emergency Facilities,Regionally Significant,RSI_PT_618,Miami Gardens,South Florida Water Management District,FDEM,Risk Shelter Inventory - General - FDEM,,,,South Florida,Southeast District,Southeast,6,104,34,Not Affected,Not Affected,Not Affected,Not Affected,Not Affected,Not Affected,Not Affected,Low,Medium,Medium,Medium,Medium,High,High,High,High,High,High,High,High,High,774438.006,220853.8309
1034,1018,Bob Graham Education Center,15901 NW 79th Ave,Miami Lakes,33016,Miami-Dade,-80.32829296,25.91739401,"-80.32829296, 25.91739401",17R NJ 67270 66708,SHELTER,RISK,10,2011,9SF Classroom,A,130 kW,0,0,0,0,0,0,304,6080,304, ,No,No,AE,No,Yes, , , , ,,,SHELTER,,Risk Shelter Inventory,Critical Community and Emergency Facilities,Regionally Significant,RSI_PT_620,Miami Lakes,South Florida Water Management District,FDEM,Risk Shelter Inventory - General - FDEM,,,,South Florida,Southeast District,Southeast,6,110,39,Not Affected,Not Affected,Not Affected,Not Affected,Not Affected,Not Affected,Not Affected,Not Affected,Not Affected,Low,Medium,Medium,Medium,High,High,High,High,High,High,High,High,767218.7769,218049.5145
1035,1019,Joe Hall ES,1901 SW 134th Ave,Miami,33175,Miami-Dade,-80.41218298,25.74985699,"-80.41218298, 25.74985699",17R NJ 58952 48113,SHELTER,RISK,10,1984,6 Cafeteria,A,50 kW,0,0,0,0,0,0,101,2028,101, ,E,No,No,No,Yes, , , , ,,,SHELTER,,Risk Shelter Inventory,Critical Community and Emergency Facilities,Regionally Significant,RSI_PT_1006,,South Florida Water Management District,FDEM,Risk Shelter Inventory - General - FDEM,,,,South Florida,Southeast District,Southeast,6,118,40,Not Affected,Not Affected,Not Affected,Not Affected,Not Affected,Not Affected,Not Affected,Not Affected,Not Affected,Not Affected,Not Affected,Not Affected,Not Affected,Not Affected,Not Affected,Not Affected,Not Affected,Not Affected,Not Affected,Not Affected,Not Affected,759371.8513,199221.0083
1036,1020,Miami Carol City HS,3301 Miami Gardens Dr,Miami Gardens,33056,Miami-Dade,-80.25530283,25.94069867,"-80.25530283, 25.94069867",17R NJ 74566 69328,SHELTER,RISK,10,2003,4A Auditorium,A,800 kW,0,0,404,8080,0,0,404,8080,404, ,No,No,No,Yes,Yes, , , , ,,,SHELTER,,Risk Shelter Inventory,Critical Community and Emergency Facilities,Regionally Significant,RSI_PT_618,Miami Gardens,South Florida Water Management District,FDEM,Risk Shelter Inventory - General - FDEM,,,,South Florida,Southeast District,Southeast,6,104,34,Not Affected,Not Affected,Not Affected,Not Affected,Not Affected,Not Affected,Not Affected,Low,Medium,Medium,Medium,Medium,High,High,High,High,High,High,High,High,High,774438.006,220853.8309
1037,1021,Charles R Drew K-8,1775 NW 60th St,Miami,33142,Miami-Dade,-80.22710696,25.83082102,"-80.22710696, 25.83082102",17R NJ 77461 57176,SHELTER,RISK,10,1994,6 Art / Classroom,A,30 kW,0,0,0,0,0,0,398,7966,398, ,No,No,No,No,Yes, , , , ,,,SHELTER,,Risk Shelter Inventory,Critical Community and Emergency Facilities,Regionally Significant,RSI_PT_1037,,South Florida Water Management District,FDEM,Risk Shelter Inventory - General - FDEM,,,,South Florida,Southeast District,Southeast,6,109,34,Not Affected,Not Affected,Not Affected,Not Affected,Not Affected,Not Affected,Not Affected,Not Affected,Not Affected,Not Affected,Not Affected,Not Affected,Not Affected,Not Affected,Not Affected,Low,Low,Low,Medium,Medium,Medium,777629.4476,208753.3205
1038,1022,Barbara Goleman HS,14100 NW 89th Ave,Miami Lakes,33018,Miami-Dade,-80.34576696,25.90123198,"-80.34576696, 25.90123198",17R NJ 65529 64909,SHELTER,RISK,10,1994,8 Classroom,A,235 kW,0,0,0,0,0,0,517,10341,517,s-1523-2002,No,No,AE,No,Yes, , , , ,,,SHELTER,,Risk Shelter Inventory,Critical Community and Emergency Facilities,Regionally Significant,RSI_PT_997,Miami Lakes,South Florida Water Management District,FDEM,Risk Shelter Inventory - General - FDEM,,,,South Florida,Southeast District,Southeast,6,110,39,Not Affected,Not Affected,Not Affected,Not Affected,Not Affected,Not Affected,Not Affected,Not Affected,Not Affected,Not Affected,Medium,Medium,Medium,Medium,High,High,High,High,High,High,High,765524.7969,216205.002
1039,1023,Marjory Stoneman Douglas ES,11901 SW 2nd St,Miami,33184,Miami-Dade,-80.38809599,25.76873601,"-80.38809599, 25.76873601",17R NJ 61358 50215,SHELTER,RISK,10,1990,7 ESE Classroom,A,416 kW,0,0,0,0,0,0,155,3099,155, ,No,5,AH,No,Yes, , , , ,,,SHELTER,,Risk Shelter Inventory,Critical Community and Emergency Facilities,Regionally Significant,RSI_PT_994,,South Florida Water Management District,FDEM,Risk Shelter Inventory - General - FDEM,,,,South Florida,Southeast District,Southeast,6,111,39,Not Affected,Not Affected,Not Affected,Not Affected,Not Affected,Not Affected,Not Affected,Not Affected,Not Affected,Not Affected,Medium,Medium,Medium,High,High,Not Affected,Not Affected,Not Affected,Not Affected,Not Affected,Not Affected,761722.4808,201385.1881
1040,1024,Andover MS,121 NE 207th St,Miami Gardens,33179,Miami-Dade,-80.199948,25.96685499,"-80.19994800, 25.96685499",17R NJ 80091 72258,SHELTER,RISK,10,2006,1A Admin / Media,A,275 kW,0,0,0,0,0,0,98,1957,98, ,D,No,No,No,Yes, , , , ,,,SHELTER,,Risk Shelter Inventory,Critical Community and Emergency Facilities,Regionally Significant,RSI_PT_990,Miami Gardens,South Florida Water Management District,FDEM,Risk Shelter Inventory - General - FDEM,,,,South Florida,Southeast District,Southeast,6,107,34,Not Affected,Not Affected,Not Affected,Not Affected,Not Affected,Not Affected,Not Affected,Not Affected,Not Affected,Not Affected,Not Affected,Not Affected,Not Affected,Low,Medium,Not Affected,Not Affected,Not Affected,Not Affected,Not Affected,Not Affected,779881.8529,223924.252
1041,1025,Dr Michael M Krop HS,1410 NE 215th St,Miami,33179,Miami-Dade,-80.17333898,25.97148302,"-80.17333898, 25.97148302",17R NJ 82752 72787,SHELTER,RISK,10,1996,3 (area D3B) Classroom,A,235 kW,0,0,0,0,0,0,69,1376,69, ,C,No,No,No,Yes, , , , ,,,SHELTER,,Risk Shelter Inventory,Critical Community and Emergency Facilities,Regionally Significant,RSI_PT_992,,South Florida Water Management District,FDEM,Risk Shelter Inventory - General - FDEM,,,,South Florida,Southeast District,Southeast,6,107,34,Not Affected,Not Affected,Not Affected,Not Affected,Not Affected,Not Affected,Not Affected,Not Affected,Not Affected,Not Affected,Not Affected,Not Affected,Not Affected,Not Affected,Not Affected,Not Affected,Not Affected,Not Affected,Not Affected,Not Affected,Not Affected,782525.1063,224519.8244
1042,1026,Bob Graham Education Center,15901 NW 79th Ave,Miami Lakes,33016,Miami-Dade,-80.32829296,25.91739401,"-80.32829296, 25.91739401",17R NJ 67270 66708,SHELTER,RISK,10,2002,5W Classroom,A,125 kW,0,0,0,0,0,0,220,4395,220, ,No,No,AE,No,Yes, , , , ,,,SHELTER,,Risk Shelter Inventory,Critical Community and Emergency Facilities,Regionally Significant,RSI_PT_620,Miami Lakes,South Florida Water Management District,FDEM,Risk Shelter Inventory - General - FDEM,,,,South Florida,Southeast District,Southeast,6,110,39,Not Affected,Not Affected,Not Affected,Not Affected,Not Affected,Not Affected,Not Affected,Not Affected,Not Affected,Low,Medium,Medium,Medium,High,High,High,High,High,High,High,High,767218.7769,218049.5145
1043,1027,Richmond Heights MS,15015 SW 103rd Ave,Miami,33176,Miami-Dade,-80.35960197,25.629689,"-80.35960197, 25.62968900",17R NJ 64289 34830,SHELTER,RISK,10,1999,3 Classroom,A,15 kW,0,0,0,0,0,0,729,14583,729, ,D,4,No,No,Yes, , , , ,,,SHELTER,,Risk Shelter Inventory,Critical Community and Emergency Facilities,Regionally Significant,RSI_PT_1043,,South Florida Water Management District,FDEM,Risk Shelter Inventory - General - FDEM,,,,South Florida,Southeast District,Southeast,6,117,38,Not Affected,Not Affected,Not Affected,Not Affected,Not Affected,Not Affected,Not Affected,Not Affected,Not Affected,Not Affected,Not Affected,Not Affected,Not Affected,Not Affected,Not Affected,Not Affected,Not Affected,Not Affected,Not Affected,Not Affected,Not Affected,765030.6052,186049.1137
1044,1028,Country Club MS,18305 NW 75th Pl,Miami,33015,Miami-Dade,-80.32276602,25.93970601,"-80.32276602, 25.93970601",17R NJ 67811 69181,SHELTER,RISK,10,2005,2 Cafeteria / Classroom,A,200 kW,0,0,0,0,0,0,447,8945,447, ,No,No,AE,No,Yes, , , , ,,,SHELTER,,Risk Shelter Inventory,Critical Community and Emergency Facilities,Regionally Significant,RSI_PT_1022,,South Florida Water Management District,FDEM,Risk Shelter Inventory - General - FDEM,,,,South Florida,Southeast District,Southeast,6,110,39,Not Affected,Not Affected,Not Affected,Not Affected,Not Affected,Not Affected,Not Affected,Not Affected,Not Affected,Low,Medium,Medium,Medium,High,High,Medium,Medium,Medium,High,High,High,767697.5614,220540.7253
1045,1029,Booker T. Washington HS,1200 NW 6th Ave,Miami,33136,Miami-Dade,-80.20480598,25.78654701,"-80.20480598, 25.78654701",17R NJ 79726 52286,SHELTER,RISK,10,1986,12a Gym,A,325 kW,0,0,0,0,0,0,794,15876,794, ,E,No,No,No,Yes, , , , ,,,SHELTER,,Risk Shelter Inventory,Critical Community and Emergency Facilities,Regionally Significant,RSI_PT_1045,Miami,South Florida Water Management District,FDEM,Risk Shelter Inventory - General - FDEM,,,,South Florida,Southeast District,Southeast,6,109,36,Not Affected,Not Affected,Not Affected,Not Affected,Not Affected,Not Affected,Not Affected,Not Affected,Not Affected,Not Affected,Not Affected,Not Affected,Not Affected,Not Affected,Low,Medium,Medium,Medium,Medium,Medium,Medium,780012.0167,203911.7164
1046,1030,Marjory Stoneman Douglas ES,11901 SW 2nd St,Miami,33184,Miami-Dade,-80.38809599,25.76873601,"-80.38809599, 25.76873601",17R NJ 61358 50215,SHELTER,RISK,10,1990,"1, 2, 9 Admin / Clinic / ESE / Classroom",A,416 kW,0,0,0,0,0,0,88,1767,88, ,No,5,AH,No,Yes, , , , ,,,SHELTER,,Risk Shelter Inventory,Critical Community and Emergency Facilities,Regionally Significant,RSI_PT_994,,South Florida Water Management District,FDEM,Risk Shelter Inventory - General - FDEM,,,,South Florida,Southeast District,Southeast,6,111,39,Not Affected,Not Affected,Not Affected,Not Affected,Not Affected,Not Affected,Not Affected,Not Affected,Not Affected,Not Affected,Medium,Medium,Medium,High,High,Not Affected,Not Affected,Not Affected,Not Affected,Not Affected,Not Affected,761722.4808,201385.1881
1047,1031,Dr Michael M Krop HS,1410 NE 215th St,Miami,33179,Miami-Dade,-80.17333898,25.97148302,"-80.17333898, 25.97148302",17R NJ 82752 72787,SHELTER,RISK,10,1996,3 (area E3) Cafeteria,A,235 kW,0,0,0,0,0,0,284,5670,284, ,C,No,No,No,Yes, , , , ,,,SHELTER,,Risk Shelter Inventory,Critical Community and Emergency Facilities,Regionally Significant,RSI_PT_992,,South Florida Water Management District,FDEM,Risk Shelter Inventory - General - FDEM,,,,South Florida,Southeast District,Southeast,6,107,34,Not Affected,Not Affected,Not Affected,Not Affected,Not Affected,Not Affected,Not Affected,Not Affected,Not Affected,Not Affected,Not Affected,Not Affected,Not Affected,Not Affected,Not Affected,Not Affected,Not Affected,Not Affected,Not Affected,Not Affected,Not Affected,782525.1063,224519.8244
1048,1032,Hammocks MS,9889 Hammocks Blvd,Miami,33196,Miami-Dade,-80.44200001,25.67421601,"-80.44200001, 25.67421601",17R NJ 55997 39724,SHELTER,RISK,10,1982,6 Gym / Classroom,A,250 kW / 99 kW,0,0,0,0,0,0,66,1310,66, ,E,5,No,No,Yes, , , , ,,,SHELTER,,Risk Shelter Inventory,Critical Community and Emergency Facilities,Regionally Significant,RSI_PT_623,,South Florida Water Management District,FDEM,Risk Shelter Inventory - General - FDEM,,,,South Florida,Southeast District,Southeast,6,119,40,Not Affected,Not Affected,Not Affected,Not Affected,Not Affected,Not Affected,Not Affected,Not Affected,Not Affected,Not Affected,Not Affected,Not Affected,Not Affected,Not Affected,Not Affected,Not Affected,Not Affected,Not Affected,Not Affected,Not Affected,Not Affected,756628.1818,190745.8214
1049,1033,Joe Hall ES,1901 SW 134th Ave,Miami,33175,Miami-Dade,-80.41218298,25.74985699,"-80.41218298, 25.74985699",17R NJ 58952 48113,SHELTER,RISK,10,1984,7 Classroom,A,50 kW,0,0,0,0,0,0,231,4629,231, ,E,No,No,No,Yes, , , , ,,,SHELTER,,Risk Shelter Inventory,Critical Community and Emergency Facilities,Regionally Significant,RSI_PT_1006,,South Florida Water Management District,FDEM,Risk Shelter Inventory - General - FDEM,,,,South Florida,Southeast District,Southeast,6,118,40,Not Affected,Not Affected,Not Affected,Not Affected,Not Affected,Not Affected,Not Affected,Not Affected,Not Affected,Not Affected,Not Affected,Not Affected,Not Affected,Not Affected,Not Affected,Not Affected,Not Affected,Not Affected,Not Affected,Not Affected,Not Affected,759371.8513,199221.0083
1050,1034,Miami Northwestern HS,1100 NW 71st St,Miami,33150,Miami-Dade,-80.21391803,25.83898298,"-80.21391803, 25.83898298",17R NJ 78777 58087,SHELTER,RISK,10,1994,1G Gym,A, ,0,0,0,0,0,0,746,14927,746,S-1523-2002,No,No,No,No,Yes, , , , ,,,SHELTER,,Risk Shelter Inventory,Critical Community and Emergency Facilities,Regionally Significant,RSI_PT_987,Miami,South Florida Water Management District,FDEM,Risk Shelter Inventory - General - FDEM,,,,South Florida,Southeast District,Southeast,6,109,34,Not Affected,Not Affected,Not Affected,Not Affected,Not Affected,Not Affected,Not Affected,Not Affected,Not Affected,Not Affected,Not Affected,Not Affected,Not Affected,Not Affected,Not Affected,Not Affected,Not Affected,Not Affected,Not Affected,Not Affected,Not Affected,778921.3143,209698.9813
1051,1035,Barbara Goleman HS,14100 NW 89th Ave,Miami Lakes,33018,Miami-Dade,-80.34576696,25.90123198,"-80.34576696, 25.90123198",17R NJ 65529 64909,SHELTER,RISK,10,1994,1 Classroom,A,235 kW,0,0,0,0,0,0,2532,50647,2532,s-1523-2002,No,No,AE,No,Yes, , , , ,,,SHELTER,,Risk Shelter Inventory,Critical Community and Emergency Facilities,Regionally Significant,RSI_PT_997,Miami Lakes,South Florida Water Management District,FDEM,Risk Shelter Inventory - General - FDEM,,,,South Florida,Southeast District,Southeast,6,110,39,Not Affected,Not Affected,Not Affected,Not Affected,Not Affected,Not Affected,Not Affected,Not Affected,Not Affected,Not Affected,Medium,Medium,Medium,Medium,High,High,High,High,High,High,High,765524.7969,216205.002
1052,1036,Booker T. Washington HS,1200 NW 6th Ave,Miami,33136,Miami-Dade,-80.20480598,25.78654701,"-80.20480598, 25.78654701",17R NJ 79726 52286,SHELTER,RISK,10,2001,13 Auditorium,A, ,0,0,0,0,0,0,271,5415,271, ,E,5,No,No,Yes, , , , ,,,SHELTER,,Risk Shelter Inventory,Critical Community and Emergency Facilities,Regionally Significant,RSI_PT_1045,Miami,South Florida Water Management District,FDEM,Risk Shelter Inventory - General - FDEM,,,,South Florida,Southeast District,Southeast,6,109,36,Not Affected,Not Affected,Not Affected,Not Affected,Not Affected,Not Affected,Not Affected,Not Affected,Not Affected,Not Affected,Not Affected,Not Affected,Not Affected,Not Affected,Low,Medium,Medium,Medium,Medium,Medium,Medium,780012.0167,203911.7164
1053,1037,Country Club MS,18305 NW 75th Pl,Miami,33015,Miami-Dade,-80.32276602,25.93970601,"-80.32276602, 25.93970601",17R NJ 67811 69181,SHELTER,RISK,10,2005,3A Classroom / Gym,A,200 kW,0,0,0,0,0,0,1590,31790,2089, ,No,No,AE,No,Yes, , , , ,,,SHELTER,,Risk Shelter Inventory,Critical Community and Emergency Facilities,Regionally Significant,RSI_PT_1022,,South Florida Water Management District,FDEM,Risk Shelter Inventory - General - FDEM,,,,South Florida,Southeast District,Southeast,6,110,39,Not Affected,Not Affected,Not Affected,Not Affected,Not Affected,Not Affected,Not Affected,Not Affected,Not Affected,Low,Medium,Medium,Medium,High,High,Medium,Medium,Medium,High,High,High,767697.5614,220540.7253
1054,1038,Brentwood ES Center,3101 NW 191st St,Miami Gardens,33056,Miami-Dade,-80.25262097,25.94905698,"-80.25262097, 25.94905698",17R NJ 74829 70255,SHELTER,RISK,10,2003,4 Cafeteria / Classroom,A,75 kW,0,0,0,0,219,4376,219,4376,865,L,No,No,No,No,Yes, , , , ,,,SHELTER,,Risk Shelter Inventory,Critical Community and Emergency Facilities,Regionally Significant,RSI_PT_1054,Miami Gardens,South Florida Water Management District,FDEM,Risk Shelter Inventory - General - FDEM,,,,South Florida,Southeast District,Southeast,6,104,34,Not Affected,Not Affected,Not Affected,Not Affected,Not Affected,Not Affected,Not Affected,Not Affected,Not Affected,Not Affected,Not Affected,Not Affected,Not Affected,Not Affected,Not Affected,Not Affected,Not Affected,Not Affected,Not Affected,Not Affected,Not Affected,774677.9063,221789.0363
1055,1039,Barbara Goleman HS,14100 NW 89th Ave,Miami Lakes,33018,Miami-Dade,-80.34576696,25.90123198,"-80.34576696, 25.90123198",17R NJ 65529 64909,SHELTER,RISK,10,1994,9 PE / Science / Classroom,A,235 kW,0,0,0,0,0,0,508,10160,508,s-1523-2002,No,No,AE,No,Yes, , , , ,,,SHELTER,,Risk Shelter Inventory,Critical Community and Emergency Facilities,Regionally Significant,RSI_PT_997,Miami Lakes,South Florida Water Management District,FDEM,Risk Shelter Inventory - General - FDEM,,,,South Florida,Southeast District,Southeast,6,110,39,Not Affected,Not Affected,Not Affected,Not Affected,Not Affected,Not Affected,Not Affected,Not Affected,Not Affected,Not Affected,Medium,Medium,Medium,Medium,High,High,High,High,High,High,High,765524.7969,216205.002
1056,1040,Miami Carol City HS,3301 Miami Gardens Dr,Miami Gardens,33056,Miami-Dade,-80.25530283,25.94069867,"-80.25530283, 25.94069867",17R NJ 74566 69328,SHELTER,RISK,10,1962,1C Classroom / Art / Science,A,800 kW,0,0,0,0,0,0,999,19972,999, ,No,No,No,No,Yes, , , , ,,,SHELTER,,Risk Shelter Inventory,Critical Community and Emergency Facilities,Regionally Significant,RSI_PT_618,Miami Gardens,South Florida Water Management District,FDEM,Risk Shelter Inventory - General - FDEM,,,,South Florida,Southeast District,Southeast,6,104,34,Not Affected,Not Affected,Not Affected,Not Affected,Not Affected,Not Affected,Not Affected,Low,Medium,Medium,Medium,Medium,High,High,High,High,High,High,High,High,High,774438.006,220853.8309
1057,1041,Ronald Reagan HS,8600 NW 107th Ave,Doral,33178,Miami-Dade,-80.37145197,25.852591,"-80.37145197, 25.85259100",17R NJ 62982 59510,SHELTER,RISK,10,2003,1A Classroom / Art,A,400 kW,0,0,0,0,0,0,1023,20455,1023, ,No,No,No,No,Yes, , , , ,,,SHELTER,,Risk Shelter Inventory,Critical Community and Emergency Facilities,Regionally Significant,RSI_PT_624,Doral,South Florida Water Management District,FDEM,Risk Shelter Inventory - General - FDEM,,,,South Florida,Southeast District,Southeast,6,111,39,Not Affected,Not Affected,Not Affected,Not Affected,Not Affected,Not Affected,Not Affected,Not Affected,Not Affected,Not Affected,Not Affected,Not Affected,Low,Medium,Medium,Not Affected,Not Affected,Not Affected,Not Affected,Not Affected,Not Affected,763115.119,210734.2435
1058,1042,Marjory Stoneman Douglas ES,11901 SW 2nd St,Miami,33184,Miami-Dade,-80.38809599,25.76873601,"-80.38809599, 25.76873601",17R NJ 61358 50215,SHELTER,RISK,10,1990,8 ESE Classroom,A,416 kW,0,0,0,0,0,0,58,1163,58, ,No,5,AH,No,Yes, , , , ,,,SHELTER,,Risk Shelter Inventory,Critical Community and Emergency Facilities,Regionally Significant,RSI_PT_994,,South Florida Water Management District,FDEM,Risk Shelter Inventory - General - FDEM,,,,South Florida,Southeast District,Southeast,6,111,39,Not Affected,Not Affected,Not Affected,Not Affected,Not Affected,Not Affected,Not Affected,Not Affected,Not Affected,Not Affected,Medium,Medium,Medium,High,High,Not Affected,Not Affected,Not Affected,Not Affected,Not Affected,Not Affected,761722.4808,201385.1881
1059,1043,Andover MS,121 NE 207th St,Miami Gardens,33179,Miami-Dade,-80.199948,25.96685499,"-80.19994800, 25.96685499",17R NJ 80091 72258,SHELTER,RISK,10,2006,5F Cafeteria,A,275 kW,0,0,0,0,0,0,280,5605,280, ,D,No,No,No,Yes, , , , ,,,SHELTER,,Risk Shelter Inventory,Critical Community and Emergency Facilities,Regionally Significant,RSI_PT_990,Miami Gardens,South Florida Water Management District,FDEM,Risk Shelter Inventory - General - FDEM,,,,South Florida,Southeast District,Southeast,6,107,34,Not Affected,Not Affected,Not Affected,Not Affected,Not Affected,Not Affected,Not Affected,Not Affected,Not Affected,Not Affected,Not Affected,Not Affected,Not Affected,Low,Medium,Not Affected,Not Affected,Not Affected,Not Affected,Not Affected,Not Affected,779881.8529,223924.252
1060,1044,North Miami MS,700 NE 137th St,North Miami,33161,Miami-Dade,-80.183827,25.90099201,"-80.18382700, 25.90099201",17R NJ 81750 64973,SHELTER,RISK,10,2006,1 Classroom,A, ,0,0,0,0,0,0,361,7222,361,"L, S",D,No,No,No,Yes, , , , ,,,SHELTER,,Risk Shelter Inventory,Critical Community and Emergency Facilities,Regionally Significant,RSI_PT_1060,North Miami,South Florida Water Management District,FDEM,Risk Shelter Inventory - General - FDEM,,,,South Florida,Southeast District,Southeast,6,108,34,Not Affected,Not Affected,Not Affected,Not Affected,Not Affected,Not Affected,Not Affected,Not Affected,Not Affected,Not Affected,Not Affected,Not Affected,Not Affected,Not Affected,Not Affected,Not Affected,Not Affected,Not Affected,Not Affected,Not Affected,Not Affected,781719.0532,216669.0369
1061,1045,Lawton Chiles MS,8190 NW 197th St,Miami,33015,Miami-Dade,-80.33431804,25.95071501,"-80.33431804, 25.95071501",17R NJ 66648 70395,SHELTER,RISK,10,1998,3F North Auditorium,A,325 kW,0,0,0,0,0,0,319,6384,319, ,No,No,AE,No,Yes, , , , ,,,SHELTER,,Risk Shelter Inventory,Critical Community and Emergency Facilities,Regionally Significant,RSI_PT_630,,South Florida Water Management District,FDEM,Risk Shelter Inventory - General - FDEM,,,,South Florida,Southeast District,Southeast,6,110,39,Not Affected,Not Affected,Not Affected,Not Affected,Not Affected,Not Affected,Not Affected,Not Affected,Not Affected,Not Affected,Not Affected,Medium,Medium,Medium,Medium,Low,Low,Low,Medium,Medium,Medium,766506.472,221727.4168
1062,1046,Dr Michael M Krop HS,1410 NE 215th St,Miami,33179,Miami-Dade,-80.17333898,25.97148302,"-80.17333898, 25.97148302",17R NJ 82752 72787,SHELTER,RISK,10,1996,2 (area A3A) Classroom,A,235 kW,0,0,0,0,0,0,1546,30926,1546, ,C,No,No,No,Yes, , , , ,,,SHELTER,,Risk Shelter Inventory,Critical Community and Emergency Facilities,Regionally Significant,RSI_PT_992,,South Florida Water Management District,FDEM,Risk Shelter Inventory - General - FDEM,,,,South Florida,Southeast District,Southeast,6,107,34,Not Affected,Not Affected,Not Affected,Not Affected,Not Affected,Not Affected,Not Affected,Not Affected,Not Affected,Not Affected,Not Affected,Not Affected,Not Affected,Not Affected,Not Affected,Not Affected,Not Affected,Not Affected,Not Affected,Not Affected,Not Affected,782525.1063,224519.8244
1063,1047,American HS,18350 NW 67th Ave,Miami,33015,Miami-Dade,-80.30851896,25.93960601,"-80.30851896, 25.93960601",17R NJ 69238 69178,SHELTER,RISK,10,1976,1 B&E Gym / Auditorium / Classroom,A,200 kW,0,0,0,0,0,0,2221,44424,0, ,No,No,AE,No,Yes, , , , ,,,SHELTER,,Risk Shelter Inventory,Critical Community and Emergency Facilities,Regionally Significant,RSI_PT_1028,,South Florida Water Management District,FDEM,Risk Shelter Inventory - General - FDEM,,,,South Florida,Southeast District,Southeast,6,110,39,Not Affected,Not Affected,Not Affected,Not Affected,Not Affected,Not Affected,Not Affected,Not Affected,Not Affected,Not Affected,Not Affected,Low,Low,Medium,Medium,Low,Low,Low,Medium,Medium,Medium,769122.0742,220572.1982
1064,1048,American HS,18350 NW 67th Ave,Miami,33015,Miami-Dade,-80.30851896,25.93960601,"-80.30851896, 25.93960601",17R NJ 69238 69178,SHELTER,RISK,10,1976,1F Admin / Media / Classroom,A,200 kW,0,0,0,0,0,0,1353,27061,0, ,No,No,AE,No,Yes, , , , ,,,SHELTER,,Risk Shelter Inventory,Critical Community and Emergency Facilities,Regionally Significant,RSI_PT_1028,,South Florida Water Management District,FDEM,Risk Shelter Inventory - General - FDEM,,,,South Florida,Southeast District,Southeast,6,110,39,Not Affected,Not Affected,Not Affected,Not Affected,Not Affected,Not Affected,Not Affected,Not Affected,Not Affected,Not Affected,Not Affected,Low,Low,Medium,Medium,Low,Low,Low,Medium,Medium,Medium,769122.0742,220572.1982
1065,1049,Shenandoah ES,1023 SW 21st Ave,Miami,33135,Miami-Dade,-80.228179,25.76279199,"-80.22817900, 25.76279199",17R NJ 77397 49641,SHELTER,RISK,10,2006,3 Classroom,A, ,0,0,0,0,0,0,911,18221,500,L,E,No,No,No,Yes, , , , ,,,SHELTER,,Risk Shelter Inventory,Critical Community and Emergency Facilities,Regionally Significant,RSI_PT_1065,Miami,South Florida Water Management District,FDEM,Risk Shelter Inventory - General - FDEM,,,,South Florida,Southeast District,Southeast,6,113,36,Not Affected,Not Affected,Not Affected,Not Affected,Not Affected,Not Affected,Not Affected,Not Affected,Not Affected,Not Affected,Not Affected,Not Affected,Not Affected,Not Affected,Not Affected,Medium,Medium,Medium,Medium,Medium,Medium,777753.0178,201205.469
1066,1050,Stirrup ES,330 NW 97th Ave,Miami,33172,Miami-Dade,-80.35395198,25.76995801,"-80.35395198, 25.76995801",17R NJ 64781 50367,SHELTER,RISK,10,1984,5 Classroom,A,45 kW,0,0,0,0,0,0,227,4540,227, ,E,No,No,No,Yes, , , , ,,,SHELTER,,Risk Shelter Inventory,Critical Community and Emergency Facilities,Regionally Significant,RSI_PT_628,,South Florida Water Management District,FDEM,Risk Shelter Inventory - General - FDEM,,,,South Florida,Southeast District,Southeast,6,116,36,Not Affected,Not Affected,Not Affected,Not Affected,Not Affected,Not Affected,Not Affected,Not Affected,Not Affected,Not Affected,Low,Medium,Medium,Medium,High,Not Affected,Not Affected,Not Affected,Not Affected,Not Affected,Not Affected,765136.9124,201621.3409
1067,1067,Dr Michael M Krop HS,1410 NE 215th St,Miami,33179,Miami-Dade,-80.17333898,25.97148302,"-80.17333898, 25.97148302",17R NJ 82752 72787,SHELTER,RISK,10,1996,1 (area G3A) Admin / Classroom,A,235 kW,0,0,0,0,0,0,52,1040,52, ,C,No,No,No,Yes, , , , ,,,SHELTER,,Risk Shelter Inventory,Critical Community and Emergency Facilities,Regionally Significant,RSI_PT_992,,South Florida Water Management District,FDEM,Risk Shelter Inventory - General - FDEM,,,,South Florida,Southeast District,Southeast,6,107,34,Not Affected,Not Affected,Not Affected,Not Affected,Not Affected,Not Affected,Not Affected,Not Affected,Not Affected,Not Affected,Not Affected,Not Affected,Not Affected,Not Affected,Not Affected,Not Affected,Not Affected,Not Affected,Not Affected,Not Affected,Not Affected,782525.1063,224519.8244
1068,1068,Barbara Goleman HS,14100 NW 89th Ave,Miami Lakes,33018,Miami-Dade,-80.34576696,25.90123198,"-80.34576696, 25.90123198",17R NJ 65529 64909,SHELTER,RISK,10,2003,12 Classroom,A,235 kW,0,0,0,0,0,0,332,6642,332,s-1523-2002,No,No,AE,No,Yes, , , , ,,,SHELTER,,Risk Shelter Inventory,Critical Community and Emergency Facilities,Regionally Significant,RSI_PT_997,Miami Lakes,South Florida Water Management District,FDEM,Risk Shelter Inventory - General - FDEM,,,,South Florida,Southeast District,Southeast,6,110,39,Not Affected,Not Affected,Not Affected,Not Affected,Not Affected,Not Affected,Not Affected,Not Affected,Not Affected,Not Affected,Medium,Medium,Medium,Medium,High,High,High,High,High,High,High,765524.7969,216205.002
1069,1069,Lawton Chiles MS,8190 NW 197th St,Miami,33015,Miami-Dade,-80.33431804,25.95071501,"-80.33431804, 25.95071501",17R NJ 66648 70395,SHELTER,RISK,10,1998,3F South Cafeteria,A,325 kW,0,0,0,0,0,0,322,6439,322, ,No,No,AE,No,Yes, , , , ,,,SHELTER,,Risk Shelter Inventory,Critical Community and Emergency Facilities,Regionally Significant,RSI_PT_630,,South Florida Water Management District,FDEM,Risk Shelter Inventory - General - FDEM,,,,South Florida,Southeast District,Southeast,6,110,39,Not Affected,Not Affected,Not Affected,Not Affected,Not Affected,Not Affected,Not Affected,Not Affected,Not Affected,Not Affected,Not Affected,Medium,Medium,Medium,Medium,Low,Low,Low,Medium,Medium,Medium,766506.472,221727.4168
1070,1070,Stirrup ES,330 NW 97th Ave,Miami,33172,Miami-Dade,-80.35395198,25.76995801,"-80.35395198, 25.76995801",17R NJ 64781 50367,SHELTER,RISK,10,1984,6 Cafeteria,A,45 kW,0,0,0,0,0,0,92,1847,92, ,E,No,No,No,Yes, , , , ,,,SHELTER,,Risk Shelter Inventory,Critical Community and Emergency Facilities,Regionally Significant,RSI_PT_628,,South Florida Water Management District,FDEM,Risk Shelter Inventory - General - FDEM,,,,South Florida,Southeast District,Southeast,6,116,36,Not Affected,Not Affected,Not Affected,Not Affected,Not Affected,Not Affected,Not Affected,Not Affected,Not Affected,Not Affected,Low,Medium,Medium,Medium,High,Not Affected,Not Affected,Not Affected,Not Affected,Not Affected,Not Affected,765136.9124,201621.3409
1071,1071,Dr Carlos J Finlay ES,851 SW 117th Ave,Miami,33184,Miami-Dade,-80.38155501,25.75919099,"-80.38155501, 25.75919099",17R NJ 62018 49161,SHELTER,RISK,10,2000,4 Classroom,A,125 kW,0,0,0,0,0,0,334,6687,334, ,E,No,AH,No,Yes, , , , ,,,SHELTER,,Risk Shelter Inventory,Critical Community and Emergency Facilities,Regionally Significant,RSI_PT_1010,,South Florida Water Management District,FDEM,Risk Shelter Inventory - General - FDEM,,,,South Florida,Southeast District,Southeast,6,116,40,Not Affected,Not Affected,Not Affected,Not Affected,Not Affected,Not Affected,Not Affected,Not Affected,Not Affected,Not Affected,Medium,Medium,Medium,High,High,Not Affected,Not Affected,Not Affected,Not Affected,Not Affected,Not Affected,762408.4261,200345.8151
1072,1072,Marjory Stoneman Douglas ES,11901 SW 2nd St,Miami,33184,Miami-Dade,-80.38809599,25.76873601,"-80.38809599, 25.76873601",17R NJ 61358 50215,SHELTER,RISK,10,1990,9 Classroom,A,416 kW,0,0,0,0,0,0,330,6595,330, ,No,5,AH,No,Yes, , , , ,,,SHELTER,,Risk Shelter Inventory,Critical Community and Emergency Facilities,Regionally Significant,RSI_PT_994,,South Florida Water Management District,FDEM,Risk Shelter Inventory - General - FDEM,,,,South Florida,Southeast District,Southeast,6,111,39,Not Affected,Not Affected,Not Affected,Not Affected,Not Affected,Not Affected,Not Affected,Not Affected,Not Affected,Not Affected,Medium,Medium,Medium,High,High,Not Affected,Not Affected,Not Affected,Not Affected,Not Affected,Not Affected,761722.4808,201385.1881
1073,1073,Ben Sheppard ES,5700 W 24th Ave,Hialeah,33016,Miami-Dade,-80.332254,25.87441199,"-80.33225400, 25.87441199",17R NJ 66898 61946,SHELTER,RISK,10,1984,7 Classroom,A,40 kW,0,0,0,0,0,0,200,4008,200, ,No,No,No,No,Yes, , , , ,,,SHELTER,,Risk Shelter Inventory,Critical Community and Emergency Facilities,Regionally Significant,RSI_PT_622,Hialeah,South Florida Water Management District,FDEM,Risk Shelter Inventory - General - FDEM,,,,South Florida,Southeast District,Southeast,6,111,39,Not Affected,Not Affected,Not Affected,Not Affected,Not Affected,Not Affected,Not Affected,Not Affected,Not Affected,Not Affected,Not Affected,Low,Low,Medium,Medium,Not Affected,Not Affected,Not Affected,Not Affected,Not Affected,Not Affected,766964.573,213270.4638
1074,1074,Bob Graham Education Center PLC,8875 NW 143 St,Miami Lakes,33018,Miami-Dade,-80.34396201,25.903723,"-80.34396201, 25.90372300",17R NJ 65709 65186,SHELTER,RISK,10,2003,12 Classroom,A, ,0,0,0,0,0,0,350,6994,350, ,No,No,AE,No,Yes, , , , ,,,SHELTER,,Risk Shelter Inventory,Critical Community and Emergency Facilities,Regionally Significant,RSI_PT_1074,Miami Lakes,South Florida Water Management District,FDEM,Risk Shelter Inventory - General - FDEM,,,,South Florida,Southeast District,Southeast,6,110,39,Not Affected,Not Affected,Not Affected,Not Affected,Not Affected,Not Affected,Not Affected,Not Affected,Low,Medium,Medium,Medium,Medium,High,High,High,High,High,High,High,High,765697.0962,216486.6417
1075,1075,Robert Morgan Educational Center,18180 SW 122nd Ave,Miami,33177,Miami-Dade,-80.39047897,25.59998898,"-80.39047897, 25.59998898",17R NJ 61205 31527,SHELTER,RISK,10,2000,15 Classroom,A, ,0,0,0,0,0,0,619,12385,619,L,D,5,No,No,Yes, , , , ,,,SHELTER,,Risk Shelter Inventory,Critical Community and Emergency Facilities,Regionally Significant,RSI_PT_631,,South Florida Water Management District,FDEM,Risk Shelter Inventory - General - FDEM,,,,South Florida,Southeast District,Southeast,6,118,38,Not Affected,Not Affected,Not Affected,Not Affected,Not Affected,Not Affected,Not Affected,Not Affected,Not Affected,Not Affected,Not Affected,Not Affected,Not Affected,Not Affected,Not Affected,Not Affected,Not Affected,Not Affected,Not Affected,Not Affected,Not Affected,762031.8194,182664.628
1076,1076,Ronald Reagan HS,8600 NW 107th Ave,Doral,33178,Miami-Dade,-80.37145197,25.852591,"-80.37145197, 25.85259100",17R NJ 62982 59510,SHELTER,RISK,10,2003,1B Admin / Classroom,A,400 kW,0,0,0,0,0,0,704,14077,704, ,No,No,No,No,Yes, , , , ,,,SHELTER,,Risk Shelter Inventory,Critical Community and Emergency Facilities,Regionally Significant,RSI_PT_624,Doral,South Florida Water Management District,FDEM,Risk Shelter Inventory - General - FDEM,,,,South Florida,Southeast District,Southeast,6,111,39,Not Affected,Not Affected,Not Affected,Not Affected,Not Affected,Not Affected,Not Affected,Not Affected,Not Affected,Not Affected,Not Affected,Not Affected,Low,Medium,Medium,Not Affected,Not Affected,Not Affected,Not Affected,Not Affected,Not Affected,763115.119,210734.2435
1077,1077,Bob Graham Education Center,15901 NW 79th Ave,Miami Lakes,33016,Miami-Dade,-80.32829296,25.91739401,"-80.32829296, 25.91739401",17R NJ 67270 66708,SHELTER,RISK,10,2002,3E Classroom / ESE,A,125 kW,0,0,0,0,0,0,189,3780,189, ,No,No,AE,No,Yes, , , , ,,,SHELTER,,Risk Shelter Inventory,Critical Community and Emergency Facilities,Regionally Significant,RSI_PT_620,Miami Lakes,South Florida Water Management District,FDEM,Risk Shelter Inventory - General - FDEM,,,,South Florida,Southeast District,Southeast,6,110,39,Not Affected,Not Affected,Not Affected,Not Affected,Not Affected,Not Affected,Not Affected,Not Affected,Not Affected,Low,Medium,Medium,Medium,High,High,High,High,High,High,High,High,767218.7769,218049.5145
1078,1078,John I Smith MS,5005 NW 112th Ave,Miami,33178,Miami-Dade,-80.37661002,25.81949401,"-80.37661002, 25.81949401",17R NJ 62483 55842,SHELTER,RISK,10,1998,2C Multipurpose,R,180 kW,0,0,0,0,106,2112,106,2112,106,L,No,No,No,No,Yes, , , , ,,,SHELTER,,Risk Shelter Inventory,Critical Community and Emergency Facilities,Regionally Significant,RSI_PT_993,Doral,South Florida Water Management District,FDEM,Risk Shelter Inventory - General - FDEM,,,,South Florida,Southeast District,Southeast,6,111,39,Not Affected,Not Affected,Not Affected,Not Affected,Not Affected,Not Affected,Not Affected,Not Affected,Medium,Medium,Medium,Medium,Medium,High,High,Not Affected,Not Affected,Not Affected,Not Affected,Low,Low,762706.9826,207048.2994
1079,1079,Florida International University,1180 SW 113th Ave,Miami,33174,Miami-Dade,-80.37854459,25.76189905,"-80.37854459, 25.76189905",17R NJ 62319 49462,SHELTER,RISK,10,2011,Arena Lobby / Prefunction,A, ,0,0,0,0,0,0,544,10875,0, ,E,5,AH,No,Yes, , , , ,,,SHELTER,,Risk Shelter Inventory,Critical Community and Emergency Facilities,Regionally Significant,RSI_PT_1079,Sweetwater,South Florida Water Management District,FDEM,Risk Shelter Inventory - General - FDEM,,,,South Florida,Southeast District,Southeast,6,116,39,Not Affected,Not Affected,Not Affected,Not Affected,Not Affected,Medium,High,High,High,High,High,High,High,High,High,High,High,High,High,High,High,762701.0279,200654.9985
1080,1080,Andover MS,121 NE 207th St,Miami Gardens,33179,Miami-Dade,-80.199948,25.96685499,"-80.19994800, 25.96685499",17R NJ 80091 72258,SHELTER,RISK,10,2006,3D South Part Classroom,A,275 kW,0,0,0,0,0,0,132,2644,132, ,D,No,No,No,Yes, , , , ,,,SHELTER,,Risk Shelter Inventory,Critical Community and Emergency Facilities,Regionally Significant,RSI_PT_990,Miami Gardens,South Florida Water Management District,FDEM,Risk Shelter Inventory - General - FDEM,,,,South Florida,Southeast District,Southeast,6,107,34,Not Affected,Not Affected,Not Affected,Not Affected,Not Affected,Not Affected,Not Affected,Not Affected,Not Affected,Not Affected,Not Affected,Not Affected,Not Affected,Low,Medium,Not Affected,Not Affected,Not Affected,Not Affected,Not Affected,Not Affected,779881.8529,223924.252
1081,1081,Stirrup ES,330 NW 97th Ave,Miami,33172,Miami-Dade,-80.35395198,25.76995801,"-80.35395198, 25.76995801",17R NJ 64781 50367,SHELTER,RISK,10,1984,2 Classroom,A,45 kW,0,0,0,0,0,0,99,1988,99, ,E,No,No,No,Yes, , , , ,,,SHELTER,,Risk Shelter Inventory,Critical Community and Emergency Facilities,Regionally Significant,RSI_PT_628,,South Florida Water Management District,FDEM,Risk Shelter Inventory - General - FDEM,,,,South Florida,Southeast District,Southeast,6,116,36,Not Affected,Not Affected,Not Affected,Not Affected,Not Affected,Not Affected,Not Affected,Not Affected,Not Affected,Not Affected,Low,Medium,Medium,Medium,High,Not Affected,Not Affected,Not Affected,Not Affected,Not Affected,Not Affected,765136.9124,201621.3409
1082,1082,Ronald Reagan HS,8600 NW 107th Ave,Doral,33178,Miami-Dade,-80.37145197,25.852591,"-80.37145197, 25.85259100",17R NJ 62982 59510,SHELTER,RISK,10,2003,3 Cafeteria,A,400 kW,0,0,679,13574,0,0,679,13574,679,L,No,No,No,Yes,Yes, , , , ,,,SHELTER,,Risk Shelter Inventory,Critical Community and Emergency Facilities,Regionally Significant,RSI_PT_624,Doral,South Florida Water Management District,FDEM,Risk Shelter Inventory - General - FDEM,,,,South Florida,Southeast District,Southeast,6,111,39,Not Affected,Not Affected,Not Affected,Not Affected,Not Affected,Not Affected,Not Affected,Not Affected,Not Affected,Not Affected,Not Affected,Not Affected,Low,Medium,Medium,Not Affected,Not Affected,Not Affected,Not Affected,Not Affected,Not Affected,763115.119,210734.2435
1083,1083,Marjory Stoneman Douglas ES,11901 SW 2nd St,Miami,33184,Miami-Dade,-80.38809599,25.76873601,"-80.38809599, 25.76873601",17R NJ 61358 50215,SHELTER,RISK,10,1990,4 Classroom,A,416 kW,0,0,0,0,0,0,46,927,46, ,No,5,AH,No,Yes, , , , ,,,SHELTER,,Risk Shelter Inventory,Critical Community and Emergency Facilities,Regionally Significant,RSI_PT_994,,South Florida Water Management District,FDEM,Risk Shelter Inventory - General - FDEM,,,,South Florida,Southeast District,Southeast,6,111,39,Not Affected,Not Affected,Not Affected,Not Affected,Not Affected,Not Affected,Not Affected,Not Affected,Not Affected,Not Affected,Medium,Medium,Medium,High,High,Not Affected,Not Affected,Not Affected,Not Affected,Not Affected,Not Affected,761722.4808,201385.1881
1084,1084,Robert Morgan Educational Center,18180 SW 122nd Ave,Miami,33177,Miami-Dade,-80.39047897,25.59998898,"-80.39047897, 25.59998898",17R NJ 61205 31527,SHELTER,RISK,10,2000,18 Cafeteria,A, ,0,0,519,10379,0,0,519,10379,1000,L,D,4,No,Yes,Yes, , , , ,,,SHELTER,,Risk Shelter Inventory,Critical Community and Emergency Facilities,Regionally Significant,RSI_PT_631,,South Florida Water Management District,FDEM,Risk Shelter Inventory - General - FDEM,,,,South Florida,Southeast District,Southeast,6,118,38,Not Affected,Not Affected,Not Affected,Not Affected,Not Affected,Not Affected,Not Affected,Not Affected,Not Affected,Not Affected,Not Affected,Not Affected,Not Affected,Not Affected,Not Affected,Not Affected,Not Affected,Not Affected,Not Affected,Not Affected,Not Affected,762031.8194,182664.628
1085,1085,Palm Springs North ES,17615 NW 82nd Ave,Hialeah,33015,Miami-Dade,-80.33394203,25.934614,"-80.33394203, 25.93461400",17R NJ 66695 68612,SHELTER,RISK,10,1998,7 Classroom,A, ,0,0,0,0,0,0,406,8124,406, ,No,No,AE,No,Yes, , , , ,,,SHELTER,,Risk Shelter Inventory,Critical Community and Emergency Facilities,Regionally Significant,RSI_PT_619,,South Florida Water Management District,FDEM,Risk Shelter Inventory - General - FDEM,,,,South Florida,Southeast District,Southeast,6,110,39,Not Affected,Not Affected,Not Affected,Not Affected,Not Affected,Not Affected,Not Affected,Not Affected,Not Affected,Not Affected,Not Affected,Low,Medium,Medium,Medium,Medium,Medium,Medium,Medium,Medium,Medium,766597.1642,219942.6657
1086,1086,Stirrup ES,330 NW 97th Ave,Miami,33172,Miami-Dade,-80.35395198,25.76995801,"-80.35395198, 25.76995801",17R NJ 64781 50367,SHELTER,RISK,10,1984,4 Classroom,A,45 kW,0,0,0,0,0,0,99,1988,99, ,E,No,No,No,Yes, , , , ,,,SHELTER,,Risk Shelter Inventory,Critical Community and Emergency Facilities,Regionally Significant,RSI_PT_628,,South Florida Water Management District,FDEM,Risk Shelter Inventory - General - FDEM,,,,South Florida,Southeast District,Southeast,6,116,36,Not Affected,Not Affected,Not Affected,Not Affected,Not Affected,Not Affected,Not Affected,Not Affected,Not Affected,Not Affected,Low,Medium,Medium,Medium,High,Not Affected,Not Affected,Not Affected,Not Affected,Not Affected,Not Affected,765136.9124,201621.3409
1087,1087,John I Smith MS,5005 NW 112th Ave,Miami,33178,Miami-Dade,-80.37661002,25.81949401,"-80.37661002, 25.81949401",17R NJ 62483 55842,SHELTER,RISK,10,1998,2A Auditorium / Media,R,180 kW,0,0,0,0,265,5306,265,5306,265,L,No,No,No,No,Yes, , , , ,,,SHELTER,,Risk Shelter Inventory,Critical Community and Emergency Facilities,Regionally Significant,RSI_PT_993,Doral,South Florida Water Management District,FDEM,Risk Shelter Inventory - General - FDEM,,,,South Florida,Southeast District,Southeast,6,111,39,Not Affected,Not Affected,Not Affected,Not Affected,Not Affected,Not Affected,Not Affected,Not Affected,Medium,Medium,Medium,Medium,Medium,High,High,Not Affected,Not Affected,Not Affected,Not Affected,Low,Low,762706.9826,207048.2994
1088,1088,American HS,18350 NW 67th Ave,Miami,33015,Miami-Dade,-80.30851896,25.93960601,"-80.30851896, 25.93960601",17R NJ 69238 69178,SHELTER,RISK,10,1976,1 A&C 2 Cafeteria / Science / Classroom,A,200 kW,0,0,0,0,0,0,3181,63629,2558, ,No,No,AE,No,Yes, , , , ,,,SHELTER,,Risk Shelter Inventory,Critical Community and Emergency Facilities,Regionally Significant,RSI_PT_1028,,South Florida Water Management District,FDEM,Risk Shelter Inventory - General - FDEM,,,,South Florida,Southeast District,Southeast,6,110,39,Not Affected,Not Affected,Not Affected,Not Affected,Not Affected,Not Affected,Not Affected,Not Affected,Not Affected,Not Affected,Not Affected,Low,Low,Medium,Medium,Low,Low,Low,Medium,Medium,Medium,769122.0742,220572.1982
1089,1089,Kelsey L Pharr ES,2000 NW 46th St,Miami,33142,Miami-Dade,-80.22971096,25.81632301,"-80.22971096, 25.81632301",17R NJ 77209 55569,SHELTER,RISK,10,2001,5 Classroom,A, ,0,0,0,0,0,0,46,915,46, ,No,No,No,No,Yes, , , , ,,,SHELTER,,Risk Shelter Inventory,Critical Community and Emergency Facilities,Regionally Significant,RSI_PT_989,,South Florida Water Management District,FDEM,Risk Shelter Inventory - General - FDEM,,,,South Florida,Southeast District,Southeast,6,109,34,Not Affected,Not Affected,Not Affected,Not Affected,Not Affected,Not Affected,Not Affected,Not Affected,Not Affected,Not Affected,Not Affected,Not Affected,Not Affected,Not Affected,Not Affected,Not Affected,Not Affected,Not Affected,Not Affected,Not Affected,Not Affected,777418.0695,207137.4557
1090,1090,Dr Carlos J Finlay ES,851 SW 117th Ave,Miami,33184,Miami-Dade,-80.38155501,25.75919099,"-80.38155501, 25.75919099",17R NJ 62018 49161,SHELTER,RISK,10,2000,1 Classroom,A,125 kW,0,0,0,0,0,0,305,6107,1407, ,E,No,AH,No,Yes, , , , ,,,SHELTER,,Risk Shelter Inventory,Critical Community and Emergency Facilities,Regionally Significant,RSI_PT_1010,,South Florida Water Management District,FDEM,Risk Shelter Inventory - General - FDEM,,,,South Florida,Southeast District,Southeast,6,116,40,Not Affected,Not Affected,Not Affected,Not Affected,Not Affected,Not Affected,Not Affected,Not Affected,Not Affected,Not Affected,Medium,Medium,Medium,High,High,Not Affected,Not Affected,Not Affected,Not Affected,Not Affected,Not Affected,762408.4261,200345.8151
1091,1091,E. Darwin Fuchs Pavillion,10901 SW 24th St,Miami,33165,Miami-Dade,-80.37172697,25.74797198,"-80.37172697, 25.74797198",17R NJ 63010 47923,SHELTER,RISK,10,1998,16,A, ,0,0,0,0,0,0,2109,42189,0, ,E,No,AH,No,Yes, ,Yes, , ,,,SHELTER,,Risk Shelter Inventory,Critical Community and Emergency Facilities,Regionally Significant,RSI_PT_1091,,South Florida Water Management District,FDEM,Risk Shelter Inventory - General - FDEM,,,,South Florida,Southeast District,Southeast,6,116,40,Not Affected,Not Affected,Not Affected,Not Affected,Not Affected,Not Affected,Not Affected,Not Affected,Not Affected,Not Affected,Medium,Medium,Medium,High,High,Not Affected,Not Affected,Not Affected,Not Affected,Low,Low,763429.0965,199130.5213
1092,1092,Joe Hall ES,1901 SW 134th Ave,Miami,33175,Miami-Dade,-80.41218298,25.74985699,"-80.41218298, 25.74985699",17R NJ 58952 48113,SHELTER,RISK,10,1984,4 Classroom,A,50 kW,0,0,0,0,0,0,190,3803,190, ,E,No,No,No,Yes, , , , ,,,SHELTER,,Risk Shelter Inventory,Critical Community and Emergency Facilities,Regionally Significant,RSI_PT_1006,,South Florida Water Management District,FDEM,Risk Shelter Inventory - General - FDEM,,,,South Florida,Southeast District,Southeast,6,118,40,Not Affected,Not Affected,Not Affected,Not Affected,Not Affected,Not Affected,Not Affected,Not Affected,Not Affected,Not Affected,Not Affected,Not Affected,Not Affected,Not Affected,Not Affected,Not Affected,Not Affected,Not Affected,Not Affected,Not Affected,Not Affected,759371.8513,199221.0083
1093,1093,Joe Hall ES,1901 SW 134th Ave,Miami,33175,Miami-Dade,-80.41218298,25.74985699,"-80.41218298, 25.74985699",17R NJ 58952 48113,SHELTER,RISK,10,1984,8 Classroom,A,50 kW,0,0,0,0,0,0,101,2028,101, ,E,No,No,No,Yes, , , , ,,,SHELTER,,Risk Shelter Inventory,Critical Community and Emergency Facilities,Regionally Significant,RSI_PT_1006,,South Florida Water Management District,FDEM,Risk Shelter Inventory - General - FDEM,,,,South Florida,Southeast District,Southeast,6,118,40,Not Affected,Not Affected,Not Affected,Not Affected,Not Affected,Not Affected,Not Affected,Not Affected,Not Affected,Not Affected,Not Affected,Not Affected,Not Affected,Not Affected,Not Affected,Not Affected,Not Affected,Not Affected,Not Affected,Not Affected,Not Affected,759371.8513,199221.0083
1094,1094,Miami Carol City HS,3301 Miami Gardens Dr,Miami Gardens,33056,Miami-Dade,-80.25530283,25.94069867,"-80.25530283, 25.94069867",17R NJ 74566 69328,SHELTER,RISK,10,1990,7 Admin / ESE,A,800 kW,0,0,0,0,0,0,485,9700,485, ,No,No,No,No,Yes, , , , ,,,SHELTER,,Risk Shelter Inventory,Critical Community and Emergency Facilities,Regionally Significant,RSI_PT_618,Miami Gardens,South Florida Water Management District,FDEM,Risk Shelter Inventory - General - FDEM,,,,South Florida,Southeast District,Southeast,6,104,34,Not Affected,Not Affected,Not Affected,Not Affected,Not Affected,Not Affected,Not Affected,Low,Medium,Medium,Medium,Medium,High,High,High,High,High,High,High,High,High,774438.006,220853.8309
1095,1095,Dr Michael M Krop HS,1410 NE 215th St,Miami,33179,Miami-Dade,-80.17333898,25.97148302,"-80.17333898, 25.97148302",17R NJ 82752 72787,SHELTER,RISK,10,1996,2 (area A3C) Classroom,A,235 kW,0,0,0,0,0,0,1029,20572,1029, ,C,No,No,No,Yes, , , , ,,,SHELTER,,Risk Shelter Inventory,Critical Community and Emergency Facilities,Regionally Significant,RSI_PT_992,,South Florida Water Management District,FDEM,Risk Shelter Inventory - General - FDEM,,,,South Florida,Southeast District,Southeast,6,107,34,Not Affected,Not Affected,Not Affected,Not Affected,Not Affected,Not Affected,Not Affected,Not Affected,Not Affected,Not Affected,Not Affected,Not Affected,Not Affected,Not Affected,Not Affected,Not Affected,Not Affected,Not Affected,Not Affected,Not Affected,Not Affected,782525.1063,224519.8244
1096,1096,Marjory Stoneman Douglas ES,11901 SW 2nd St,Miami,33184,Miami-Dade,-80.38809599,25.76873601,"-80.38809599, 25.76873601",17R NJ 61358 50215,SHELTER,RISK,10,2007,12 ESE Classroom,A,60 kW,0,0,0,0,0,0,96,1915,96, ,No,5,AH,No,Yes, , , , ,,,SHELTER,,Risk Shelter Inventory,Critical Community and Emergency Facilities,Regionally Significant,RSI_PT_994,,South Florida Water Management District,FDEM,Risk Shelter Inventory - General - FDEM,,,,South Florida,Southeast District,Southeast,6,111,39,Not Affected,Not Affected,Not Affected,Not Affected,Not Affected,Not Affected,Not Affected,Not Affected,Not Affected,Not Affected,Medium,Medium,Medium,High,High,Not Affected,Not Affected,Not Affected,Not Affected,Not Affected,Not Affected,761722.4808,201385.1881
1097,1097,Barbara Goleman HS,14100 NW 89th Ave,Miami Lakes,33018,Miami-Dade,-80.34576696,25.90123198,"-80.34576696, 25.90123198",17R NJ 65529 64909,SHELTER,RISK,10,1994,4 Classroom,A,235 kW,0,0,0,0,0,0,536,10717,536,s-1523-2002,No,No,AE,No,Yes, , , , ,,,SHELTER,,Risk Shelter Inventory,Critical Community and Emergency Facilities,Regionally Significant,RSI_PT_997,Miami Lakes,South Florida Water Management District,FDEM,Risk Shelter Inventory - General - FDEM,,,,South Florida,Southeast District,Southeast,6,110,39,Not Affected,Not Affected,Not Affected,Not Affected,Not Affected,Not Affected,Not Affected,Not Affected,Not Affected,Not Affected,Medium,Medium,Medium,Medium,High,High,High,High,High,High,High,765524.7969,216205.002
1098,1098,Citrus Grove MS,2153 NW 3rd St,Miami,33125,Miami-Dade,-80.23011497,25.77674899,"-80.23011497, 25.77674899",17R NJ 77194 51186,SHELTER,RISK,10,2006,2 Classroom,A,125 kW / 215 kW,0,0,0,0,0,0,1328,26565,1328, ,E,No,No,No,Yes, , , , ,,,SHELTER,,Risk Shelter Inventory,Critical Community and Emergency Facilities,Regionally Significant,RSI_PT_1026,Miami,South Florida Water Management District,FDEM,Risk Shelter Inventory - General - FDEM,,,,South Florida,Southeast District,Southeast,6,112,36,Not Affected,Not Affected,Not Affected,Not Affected,Not Affected,Not Affected,Not Affected,Not Affected,Not Affected,Not Affected,Not Affected,Not Affected,Not Affected,Not Affected,Not Affected,Not Affected,Not Affected,Not Affected,Not Affected,Not Affected,Not Affected,777511.8544,202747.3719
1099,1099,Agenoria S Paschal/Olinda ES,5536 NW 21st Ave,Miami,33142,Miami-Dade,-80.23131702,25.82581698,"-80.23131702, 25.82581698",17R NJ 77042 56619,SHELTER,RISK,10,1996,7 Admin / Classroom,A, ,0,0,0,0,0,0,268,5361,899, ,No,No,No,No,Yes, , , , ,,,SHELTER,,Risk Shelter Inventory,Critical Community and Emergency Facilities,Regionally Significant,RSI_PT_1099,,South Florida Water Management District,FDEM,Risk Shelter Inventory - General - FDEM,,,,South Florida,Southeast District,Southeast,6,109,34,Not Affected,Not Affected,Not Affected,Not Affected,Not Affected,Not Affected,Not Affected,Not Affected,Not Affected,Not Affected,Not Affected,Not Affected,Not Affected,Not Affected,Not Affected,Not Affected,Not Affected,Not Affected,Not Affected,Not Affected,Not Affected,777225.1593,208185.4631
1100,1100,Ben Sheppard ES,5700 W 24th Ave,Hialeah,33016,Miami-Dade,-80.332254,25.87441199,"-80.33225400, 25.87441199",17R NJ 66898 61946,SHELTER,RISK,10,1984,5 Classroom,A,40 kW,0,0,0,0,0,0,200,4008,200, ,No,No,No,No,Yes, , , , ,,,SHELTER,,Risk Shelter Inventory,Critical Community and Emergency Facilities,Regionally Significant,RSI_PT_622,Hialeah,South Florida Water Management District,FDEM,Risk Shelter Inventory - General - FDEM,,,,South Florida,Southeast District,Southeast,6,111,39,Not Affected,Not Affected,Not Affected,Not Affected,Not Affected,Not Affected,Not Affected,Not Affected,Not Affected,Not Affected,Not Affected,Low,Low,Medium,Medium,Not Affected,Not Affected,Not Affected,Not Affected,Not Affected,Not Affected,766964.573,213270.4638
1101,1101,Lawton Chiles MS,8190 NW 197th St,Miami,33015,Miami-Dade,-80.33431804,25.95071501,"-80.33431804, 25.95071501",17R NJ 66648 70395,SHELTER,RISK,10,1998,2B Classroom,A,325 kW,0,0,466,9314,0,0,466,9314,466, ,No,No,AE,Yes,Yes, , , , ,,,SHELTER,,Risk Shelter Inventory,Critical Community and Emergency Facilities,Regionally Significant,RSI_PT_630,,South Florida Water Management District,FDEM,Risk Shelter Inventory - General - FDEM,,,,South Florida,Southeast District,Southeast,6,110,39,Not Affected,Not Affected,Not Affected,Not Affected,Not Affected,Not Affected,Not Affected,Not Affected,Not Affected,Not Affected,Not Affected,Medium,Medium,Medium,Medium,Low,Low,Low,Medium,Medium,Medium,766506.472,221727.4168
1102,1102,Bob Graham Education Center,15901 NW 79th Ave,Miami Lakes,33016,Miami-Dade,-80.32829296,25.91739401,"-80.32829296, 25.91739401",17R NJ 67270 66708,SHELTER,RISK,10,2002,4S Classroom,A,125 kW,0,0,0,0,0,0,220,4395,220, ,No,No,AE,No,Yes, , , , ,,,SHELTER,,Risk Shelter Inventory,Critical Community and Emergency Facilities,Regionally Significant,RSI_PT_620,Miami Lakes,South Florida Water Management District,FDEM,Risk Shelter Inventory - General - FDEM,,,,South Florida,Southeast District,Southeast,6,110,39,Not Affected,Not Affected,Not Affected,Not Affected,Not Affected,Not Affected,Not Affected,Not Affected,Not Affected,Low,Medium,Medium,Medium,High,High,High,High,High,High,High,High,767218.7769,218049.5145
1103,1103,Andover MS,121 NE 207th St,Miami Gardens,33179,Miami-Dade,-80.199948,25.96685499,"-80.19994800, 25.96685499",17R NJ 80091 72258,SHELTER,RISK,10,2006,2C North Part Classroom,A,275 kW,0,0,0,0,0,0,276,5520,276, ,D,No,No,No,Yes, , , , ,,,SHELTER,,Risk Shelter Inventory,Critical Community and Emergency Facilities,Regionally Significant,RSI_PT_990,Miami Gardens,South Florida Water Management District,FDEM,Risk Shelter Inventory - General - FDEM,,,,South Florida,Southeast District,Southeast,6,107,34,Not Affected,Not Affected,Not Affected,Not Affected,Not Affected,Not Affected,Not Affected,Not Affected,Not Affected,Not Affected,Not Affected,Not Affected,Not Affected,Low,Medium,Not Affected,Not Affected,Not Affected,Not Affected,Not Affected,Not Affected,779881.8529,223924.252
1104,1104,Dr Michael M Krop HS,1410 NE 215th St,Miami,33179,Miami-Dade,-80.17333898,25.97148302,"-80.17333898, 25.97148302",17R NJ 82752 72787,SHELTER,RISK,10,1996,3 (area F3A) Classroom,A,235 kW,0,0,0,0,0,0,183,3668,183, ,C,No,No,No,Yes, ,Yes, , ,,,SHELTER,,Risk Shelter Inventory,Critical Community and Emergency Facilities,Regionally Significant,RSI_PT_992,,South Florida Water Management District,FDEM,Risk Shelter Inventory - General - FDEM,,,,South Florida,Southeast District,Southeast,6,107,34,Not Affected,Not Affected,Not Affected,Not Affected,Not Affected,Not Affected,Not Affected,Not Affected,Not Affected,Not Affected,Not Affected,Not Affected,Not Affected,Not Affected,Not Affected,Not Affected,Not Affected,Not Affected,Not Affected,Not Affected,Not Affected,782525.1063,224519.8244
1105,1105,Country Club MS,18305 NW 75th Pl,Miami,33015,Miami-Dade,-80.32276602,25.93970601,"-80.32276602, 25.93970601",17R NJ 67811 69181,SHELTER,RISK,10,2005,3B Classroom / Media,A,200 kW,0,0,0,0,0,0,770,15401,2089, ,No,No,AE,No,Yes, , , , ,,,SHELTER,,Risk Shelter Inventory,Critical Community and Emergency Facilities,Regionally Significant,RSI_PT_1022,,South Florida Water Management District,FDEM,Risk Shelter Inventory - General - FDEM,,,,South Florida,Southeast District,Southeast,6,110,39,Not Affected,Not Affected,Not Affected,Not Affected,Not Affected,Not Affected,Not Affected,Not Affected,Not Affected,Low,Medium,Medium,Medium,High,High,Medium,Medium,Medium,High,High,High,767697.5614,220540.7253
1106,1106,Palm Lakes ES,7450 W 16th Ave,Hialeah,33014,Miami-Dade,-80.316752,25.89030802,"-80.31675200, 25.89030802",17R NJ 68442 63714,SHELTER,RISK,10,2006,5 Classroom,A, ,0,0,0,0,0,0,817,16332,649, ,No,No,No,No,Yes, , , , ,,,SHELTER,,Risk Shelter Inventory,Critical Community and Emergency Facilities,Regionally Significant,RSI_PT_1106,Hialeah,South Florida Water Management District,FDEM,Risk Shelter Inventory - General - FDEM,,,,South Florida,Southeast District,Southeast,6,110,39,Not Affected,Not Affected,Not Affected,Not Affected,Not Affected,Not Affected,Not Affected,Not Affected,Not Affected,Medium,Medium,Medium,Medium,High,High,Medium,Medium,Medium,High,High,High,768462.4393,215079.7441
1107,1107,Joe Hall ES,1901 SW 134th Ave,Miami,33175,Miami-Dade,-80.41218298,25.74985699,"-80.41218298, 25.74985699",17R NJ 58952 48113,SHELTER,RISK,10,1984,3 Cafeteria,A,50 kW,0,0,0,0,0,0,92,1847,92, ,E,No,No,No,Yes, , , , ,,,SHELTER,,Risk Shelter Inventory,Critical Community and Emergency Facilities,Regionally Significant,RSI_PT_1006,,South Florida Water Management District,FDEM,Risk Shelter Inventory - General - FDEM,,,,South Florida,Southeast District,Southeast,6,118,40,Not Affected,Not Affected,Not Affected,Not Affected,Not Affected,Not Affected,Not Affected,Not Affected,Not Affected,Not Affected,Not Affected,Not Affected,Not Affected,Not Affected,Not Affected,Not Affected,Not Affected,Not Affected,Not Affected,Not Affected,Not Affected,759371.8513,199221.0083
1108,1108,North Miami MS,700 NE 137th St,North Miami,33161,Miami-Dade,-80.183827,25.90099201,"-80.18382700, 25.90099201",17R NJ 81750 64973,SHELTER,RISK,10,2006,2 Cafeteria,A, ,0,0,0,0,0,0,492,9841,492,"L, S",D,No,No,No,Yes, , , , ,,,SHELTER,,Risk Shelter Inventory,Critical Community and Emergency Facilities,Regionally Significant,RSI_PT_1060,North Miami,South Florida Water Management District,FDEM,Risk Shelter Inventory - General - FDEM,,,,South Florida,Southeast District,Southeast,6,108,34,Not Affected,Not Affected,Not Affected,Not Affected,Not Affected,Not Affected,Not Affected,Not Affected,Not Affected,Not Affected,Not Affected,Not Affected,Not Affected,Not Affected,Not Affected,Not Affected,Not Affected,Not Affected,Not Affected,Not Affected,Not Affected,781719.0532,216669.0369
1109,1109,Robert Morgan Educational Center,18180 SW 122nd Ave,Miami,33177,Miami-Dade,-80.39047897,25.59998898,"-80.39047897, 25.59998898",17R NJ 61205 31527,SHELTER,RISK,10,2000,17 Gym,A, ,0,0,869,17377,0,0,869,17377,869,L,D,4,No,Yes,Yes, , , , ,,,SHELTER,,Risk Shelter Inventory,Critical Community and Emergency Facilities,Regionally Significant,RSI_PT_631,,South Florida Water Management District,FDEM,Risk Shelter Inventory - General - FDEM,,,,South Florida,Southeast District,Southeast,6,118,38,Not Affected,Not Affected,Not Affected,Not Affected,Not Affected,Not Affected,Not Affected,Not Affected,Not Affected,Not Affected,Not Affected,Not Affected,Not Affected,Not Affected,Not Affected,Not Affected,Not Affected,Not Affected,Not Affected,Not Affected,Not Affected,762031.8194,182664.628
1110,1110,Ben Sheppard ES,5700 W 24th Ave,Hialeah,33016,Miami-Dade,-80.332254,25.87441199,"-80.33225400, 25.87441199",17R NJ 66898 61946,SHELTER,RISK,10,1997,10 Classroom,A, ,0,0,0,0,0,0,399,7975,399, ,No,No,No,No,Yes, , , , ,,,SHELTER,,Risk Shelter Inventory,Critical Community and Emergency Facilities,Regionally Significant,RSI_PT_622,Hialeah,South Florida Water Management District,FDEM,Risk Shelter Inventory - General - FDEM,,,,South Florida,Southeast District,Southeast,6,111,39,Not Affected,Not Affected,Not Affected,Not Affected,Not Affected,Not Affected,Not Affected,Not Affected,Not Affected,Not Affected,Not Affected,Low,Low,Medium,Medium,Not Affected,Not Affected,Not Affected,Not Affected,Not Affected,Not Affected,766964.573,213270.4638
1111,1111,Lawton Chiles MS,8190 NW 197th St,Miami,33015,Miami-Dade,-80.33431804,25.95071501,"-80.33431804, 25.95071501",17R NJ 66648 70395,SHELTER,RISK,10,1998,1A Admin,A,325 kW,0,0,0,0,0,0,33,664,32, ,No,No,AE,No,Yes, , , , ,,,SHELTER,,Risk Shelter Inventory,Critical Community and Emergency Facilities,Regionally Significant,RSI_PT_630,,South Florida Water Management District,FDEM,Risk Shelter Inventory - General - FDEM,,,,South Florida,Southeast District,Southeast,6,110,39,Not Affected,Not Affected,Not Affected,Not Affected,Not Affected,Not Affected,Not Affected,Not Affected,Not Affected,Not Affected,Not Affected,Medium,Medium,Medium,Medium,Low,Low,Low,Medium,Medium,Medium,766506.472,221727.4168
1112,1112,Palm Springs North ES,17615 NW 82nd Ave,Hialeah,33015,Miami-Dade,-80.33394203,25.934614,"-80.33394203, 25.93461400",17R NJ 66695 68612,SHELTER,RISK,10,1995,5 Classroom,A, ,0,0,0,0,0,0,126,2514,126, ,No,No,AE,No,Yes, , , , ,,,SHELTER,,Risk Shelter Inventory,Critical Community and Emergency Facilities,Regionally Significant,RSI_PT_619,,South Florida Water Management District,FDEM,Risk Shelter Inventory - General - FDEM,,,,South Florida,Southeast District,Southeast,6,110,39,Not Affected,Not Affected,Not Affected,Not Affected,Not Affected,Not Affected,Not Affected,Not Affected,Not Affected,Not Affected,Not Affected,Low,Medium,Medium,Medium,Medium,Medium,Medium,Medium,Medium,Medium,766597.1642,219942.6657
1113,1113,Andover MS,121 NE 207th St,Miami Gardens,33179,Miami-Dade,-80.199948,25.96685499,"-80.19994800, 25.96685499",17R NJ 80091 72258,SHELTER,RISK,10,2006,3D East Part Classroom,A,275 kW,0,0,0,0,0,0,276,5528,276, ,D,No,No,No,Yes, , , , ,,,SHELTER,,Risk Shelter Inventory,Critical Community and Emergency Facilities,Regionally Significant,RSI_PT_990,Miami Gardens,South Florida Water Management District,FDEM,Risk Shelter Inventory - General - FDEM,,,,South Florida,Southeast District,Southeast,6,107,34,Not Affected,Not Affected,Not Affected,Not Affected,Not Affected,Not Affected,Not Affected,Not Affected,Not Affected,Not Affected,Not Affected,Not Affected,Not Affected,Low,Medium,Not Affected,Not Affected,Not Affected,Not Affected,Not Affected,Not Affected,779881.8529,223924.252
1114,1114,Miami Carol City HS,3301 Miami Gardens Dr,Miami Gardens,33056,Miami-Dade,-80.25530283,25.94069867,"-80.25530283, 25.94069867",17R NJ 74566 69328,SHELTER,RISK,10,1990,6 Classroom,A,100 kW,0,0,0,0,0,0,1129,22576,0, ,No,No,No,No,Yes, , , , ,,,SHELTER,,Risk Shelter Inventory,Critical Community and Emergency Facilities,Regionally Significant,RSI_PT_618,Miami Gardens,South Florida Water Management District,FDEM,Risk Shelter Inventory - General - FDEM,,,,South Florida,Southeast District,Southeast,6,104,34,Not Affected,Not Affected,Not Affected,Not Affected,Not Affected,Not Affected,Not Affected,Low,Medium,Medium,Medium,Medium,High,High,High,High,High,High,High,High,High,774438.006,220853.8309
1115,1115,Ben Sheppard ES,5700 W 24th Ave,Hialeah,33016,Miami-Dade,-80.332254,25.87441199,"-80.33225400, 25.87441199",17R NJ 66898 61946,SHELTER,RISK,10,1984,2 Classroom,A,40 kW,0,0,0,0,0,0,101,2013,101, ,No,No,No,No,Yes, , , , ,,,SHELTER,,Risk Shelter Inventory,Critical Community and Emergency Facilities,Regionally Significant,RSI_PT_622,Hialeah,South Florida Water Management District,FDEM,Risk Shelter Inventory - General - FDEM,,,,South Florida,Southeast District,Southeast,6,111,39,Not Affected,Not Affected,Not Affected,Not Affected,Not Affected,Not Affected,Not Affected,Not Affected,Not Affected,Not Affected,Not Affected,Low,Low,Medium,Medium,Not Affected,Not Affected,Not Affected,Not Affected,Not Affected,Not Affected,766964.573,213270.4638
1116,1116,Dr Michael M Krop HS,1410 NE 215th St,Miami,33179,Miami-Dade,-80.17333898,25.97148302,"-80.17333898, 25.97148302",17R NJ 82752 72787,SHELTER,RISK,10,1996,3 (area F3C) Classroom / Music / Multipurpose,A,235 kW,0,0,0,0,0,0,417,8345,417, ,C,No,No,No,Yes, , , , ,,,SHELTER,,Risk Shelter Inventory,Critical Community and Emergency Facilities,Regionally Significant,RSI_PT_992,,South Florida Water Management District,FDEM,Risk Shelter Inventory - General - FDEM,,,,South Florida,Southeast District,Southeast,6,107,34,Not Affected,Not Affected,Not Affected,Not Affected,Not Affected,Not Affected,Not Affected,Not Affected,Not Affected,Not Affected,Not Affected,Not Affected,Not Affected,Not Affected,Not Affected,Not Affected,Not Affected,Not Affected,Not Affected,Not Affected,Not Affected,782525.1063,224519.8244
1117,1117,Bob Graham Education Center,15901 NW 79th Ave,Miami Lakes,33016,Miami-Dade,-80.32829296,25.91739401,"-80.32829296, 25.91739401",17R NJ 67270 66708,SHELTER,RISK,10,2003,8 Admin / Cafeteria / Classroom,A,81 kW,0,0,955,19096,0,0,955,19096,955, ,No,No,AE,Yes,Yes, , , , ,,,SHELTER,,Risk Shelter Inventory,Critical Community and Emergency Facilities,Regionally Significant,RSI_PT_620,Miami Lakes,South Florida Water Management District,FDEM,Risk Shelter Inventory - General - FDEM,,,,South Florida,Southeast District,Southeast,6,110,39,Not Affected,Not Affected,Not Affected,Not Affected,Not Affected,Not Affected,Not Affected,Not Affected,Not Affected,Low,Medium,Medium,Medium,High,High,High,High,High,High,High,High,767218.7769,218049.5145
1118,1118,Miami Carol City HS,3301 Miami Gardens Dr,Miami Gardens,33056,Miami-Dade,-80.25530283,25.94069867,"-80.25530283, 25.94069867",17R NJ 74566 69328,SHELTER,RISK,10,1962,1D Voc Classroom,A,800 kW,0,0,0,0,0,0,337,6734,337, ,No,No,No,No,Yes, , , , ,,,SHELTER,,Risk Shelter Inventory,Critical Community and Emergency Facilities,Regionally Significant,RSI_PT_618,Miami Gardens,South Florida Water Management District,FDEM,Risk Shelter Inventory - General - FDEM,,,,South Florida,Southeast District,Southeast,6,104,34,Not Affected,Not Affected,Not Affected,Not Affected,Not Affected,Not Affected,Not Affected,Low,Medium,Medium,Medium,Medium,High,High,High,High,High,High,High,High,High,774438.006,220853.8309
1119,1119,Barbara Goleman HS,14100 NW 89th Ave,Miami Lakes,33018,Miami-Dade,-80.34576696,25.90123198,"-80.34576696, 25.90123198",17R NJ 65529 64909,SHELTER,RISK,10,1994,3 Auditorium,A,235 kW,0,0,0,0,0,0,466,9315,466,s-1523-2002,No,No,AE,No,Yes, , , , ,,,SHELTER,,Risk Shelter Inventory,Critical Community and Emergency Facilities,Regionally Significant,RSI_PT_997,Miami Lakes,South Florida Water Management District,FDEM,Risk Shelter Inventory - General - FDEM,,,,South Florida,Southeast District,Southeast,6,110,39,Not Affected,Not Affected,Not Affected,Not Affected,Not Affected,Not Affected,Not Affected,Not Affected,Not Affected,Not Affected,Medium,Medium,Medium,Medium,High,High,High,High,High,High,High,765524.7969,216205.002
1120,1120,Dante Fascell ES,15625 SW 80th St,Miami,33193,Miami-Dade,-80.44528304,25.693399,"-80.44528304, 25.69339900",17R NJ 55658 41847,SHELTER,RISK,10,1995,2 Classroom,A,80 kW,0,0,0,0,0,0,494,9875,494, ,E,5,No,No,Yes, , , , ,,,SHELTER,,Risk Shelter Inventory,Critical Community and Emergency Facilities,Regionally Significant,RSI_PT_621,,South Florida Water Management District,FDEM,Risk Shelter Inventory - General - FDEM,,,,South Florida,Southeast District,Southeast,6,119,40,Not Affected,Not Affected,Not Affected,Not Affected,Not Affected,Not Affected,Not Affected,Not Affected,Not Affected,Not Affected,Not Affected,Not Affected,Not Affected,Not Affected,Not Affected,Not Affected,Not Affected,Not Affected,Not Affected,Not Affected,Not Affected,756237.865,192863.6984
1121,1121,Stirrup ES,330 NW 97th Ave,Miami,33172,Miami-Dade,-80.35395198,25.76995801,"-80.35395198, 25.76995801",17R NJ 64781 50367,SHELTER,RISK,10,1984,8 Classroom,A,45 kW,0,0,0,0,0,0,99,1988,99, ,E,No,No,No,Yes, , , , ,,,SHELTER,,Risk Shelter Inventory,Critical Community and Emergency Facilities,Regionally Significant,RSI_PT_628,,South Florida Water Management District,FDEM,Risk Shelter Inventory - General - FDEM,,,,South Florida,Southeast District,Southeast,6,116,36,Not Affected,Not Affected,Not Affected,Not Affected,Not Affected,Not Affected,Not Affected,Not Affected,Not Affected,Not Affected,Low,Medium,Medium,Medium,High,Not Affected,Not Affected,Not Affected,Not Affected,Not Affected,Not Affected,765136.9124,201621.3409
1122,1122,American HS,18350 NW 67th Ave,Miami,33015,Miami-Dade,-80.30851896,25.93960601,"-80.30851896, 25.93960601",17R NJ 69238 69178,SHELTER,RISK,10,1976,1D Art / Classroom,A,200 kW,0,0,0,0,0,0,1567,31347,0, ,No,No,AE,No,Yes, , , , ,,,SHELTER,,Risk Shelter Inventory,Critical Community and Emergency Facilities,Regionally Significant,RSI_PT_1028,,South Florida Water Management District,FDEM,Risk Shelter Inventory - General - FDEM,,,,South Florida,Southeast District,Southeast,6,110,39,Not Affected,Not Affected,Not Affected,Not Affected,Not Affected,Not Affected,Not Affected,Not Affected,Not Affected,Not Affected,Not Affected,Low,Low,Medium,Medium,Low,Low,Low,Medium,Medium,Medium,769122.0742,220572.1982
1123,1123,Dr Michael M Krop HS,1410 NE 215th St,Miami,33179,Miami-Dade,-80.17333898,25.97148302,"-80.17333898, 25.97148302",17R NJ 82752 72787,SHELTER,RISK,10,1996,2 (area A3B) Classroom,A,235 kW,0,0,0,0,0,0,1197,23939,1197, ,C,No,No,No,Yes, , , , ,,,SHELTER,,Risk Shelter Inventory,Critical Community and Emergency Facilities,Regionally Significant,RSI_PT_992,,South Florida Water Management District,FDEM,Risk Shelter Inventory - General - FDEM,,,,South Florida,Southeast District,Southeast,6,107,34,Not Affected,Not Affected,Not Affected,Not Affected,Not Affected,Not Affected,Not Affected,Not Affected,Not Affected,Not Affected,Not Affected,Not Affected,Not Affected,Not Affected,Not Affected,Not Affected,Not Affected,Not Affected,Not Affected,Not Affected,Not Affected,782525.1063,224519.8244
1124,1343,Seminole Ridge HS,4601 Seminole Pratt Whitney Rd,Loxahatchee,33470,Palm Beach,-80.31068401,26.74666401,"-80.31068401, 26.74666401",17R NK 68544 58562,SHELTER,RISK,9,2003,7 Classroom,A, ,0,0,1227,24542,0,0,1227,24542,1227, ,No,No,No,Yes,Yes, , , , ,,,SHELTER,,Risk Shelter Inventory,Critical Community and Emergency Facilities,Regionally Significant,RSI_PT_1124,Westlake,South Florida Water Management District,FDEM,Risk Shelter Inventory - General - FDEM,,,,Treasure Coast,Southeast District,Southeast,4,94,31,Not Affected,Not Affected,Not Affected,Not Affected,Not Affected,Not Affected,Not Affected,Not Affected,Not Affected,Not Affected,Not Affected,Not Affected,Not Affected,Not Affected,Not Affected,Medium,Medium,Medium,Medium,Medium,Medium,766226.0666,310103.3704
1125,1344,West Boca Community HS,12811 Glades Rd,Boca Raton,33498,Palm Beach,-80.24721003,26.36195599,"-80.24721003, 26.36195599",17R NK 75106 15988,SHELTER,RISK,9,2003,12 Classroom,A, ,0,0,235,4696,0,0,235,4696,235, ,No,No,No,Yes,Yes, , , , ,,,SHELTER,,Risk Shelter Inventory,Critical Community and Emergency Facilities,Regionally Significant,RSI_PT_1125,,South Florida Water Management District,FDEM,Risk Shelter Inventory - General - FDEM,,,,Treasure Coast,Southeast District,Southeast,4,92,26,Not Affected,Not Affected,Not Affected,Not Affected,Not Affected,Not Affected,Not Affected,Not Affected,Not Affected,Not Affected,Not Affected,Not Affected,Not Affected,Not Affected,Not Affected,Not Affected,Not Affected,Not Affected,Not Affected,Not Affected,Not Affected,773824.4161,267608.2172
1126,1345,Atlantic Community HS,2455 W Atlantic Ave,Delray,33445,Palm Beach,-80.09823503,26.46261699,"-80.09823503, 26.46261699",17R NK 89892 27232,SHELTER,RISK,9,2003,5 Classroom,A, ,0,0,1616,32326,0,0,1616,32326,1616,L,No,No,No,Yes,Yes, , , , ,,,SHELTER,,Risk Shelter Inventory,Critical Community and Emergency Facilities,Regionally Significant,RSI_PT_1126,Delray Beach,South Florida Water Management District,FDEM,Risk Shelter Inventory - General - FDEM,,,,Treasure Coast,Southeast District,Southeast,4,90,26,Not Affected,Not Affected,Not Affected,Not Affected,Not Affected,Not Affected,Not Affected,Not Affected,Not Affected,Not Affected,Not Affected,Not Affected,Not Affected,Not Affected,Not Affected,Not Affected,Not Affected,Not Affected,Medium,Medium,Medium,788305.8463,279236.3832
1127,1346,Park Vista Community HS,7900 S Jog Rd,Lake Worth,33467,Palm Beach,-80.14396996,26.55899702,"-80.14396996, 26.55899702",17R NK 85261 37876,SHELTER,RISK,9,2002,7 Science,A, ,0,0,408,8156,0,0,408,8156,408,L,No,No,No,Yes,Yes, , , , ,,,SHELTER,,Risk Shelter Inventory,Critical Community and Emergency Facilities,Regionally Significant,RSI_PT_1127,,South Florida Water Management District,FDEM,Risk Shelter Inventory - General - FDEM,,,,Treasure Coast,Southeast District,Southeast,4,92,26,Not Affected,Not Affected,Not Affected,Not Affected,Not Affected,Not Affected,Not Affected,Not Affected,Not Affected,Not Affected,Not Affected,Not Affected,Not Affected,Not Affected,Not Affected,Not Affected,Not Affected,Not Affected,Not Affected,Not Affected,Not Affected,783421.2837,289786.5573
1128,1347,Boca Raton Community HS,1501 NW 15th Ct,Boca Raton,33486,Palm Beach,-80.11704997,26.36474,"-80.11704997, 26.36474000",17R NK 88091 16378,SHELTER,RISK,9,2002,6 Gym,A, ,0,0,927,18536,0,0,927,18536,927, ,E,No,No,Yes,Yes, , , , ,,,SHELTER,,Risk Shelter Inventory,Critical Community and Emergency Facilities,Regionally Significant,RSI_PT_1128,Boca Raton,South Florida Water Management District,FDEM,Risk Shelter Inventory - General - FDEM,,,,Treasure Coast,Southeast District,Southeast,4,91,30,Not Affected,Not Affected,Not Affected,Not Affected,Not Affected,Not Affected,Not Affected,Not Affected,Not Affected,Not Affected,Not Affected,Not Affected,Not Affected,Low,Medium,Medium,Medium,Medium,Medium,Medium,Medium,786776.0298,268318.4924
1129,1348,Palm Beach Central HS,8499 Forest Hill Blvd,W Palm Beach,33411,Palm Beach,-80.1795783,26.65251118,"-80.17957830, 26.65251118",17R NK 81648 48210,SHELTER,RISK,9,2002,4 Classroom,A, ,0,0,701,14017,0,0,701,14017,701, ,No,No,No,Yes,Yes, , , , ,,,SHELTER,,Risk Shelter Inventory,Critical Community and Emergency Facilities,Regionally Significant,RSI_PT_1129,Wellington,South Florida Water Management District,FDEM,Risk Shelter Inventory - General - FDEM,,,,Treasure Coast,Southeast District,Southeast,4,93,26,Not Affected,Not Affected,Not Affected,Not Affected,Not Affected,Not Affected,Not Affected,Not Affected,Not Affected,Not Affected,Not Affected,Not Affected,Not Affected,Not Affected,Not Affected,Not Affected,Not Affected,Not Affected,Not Affected,Not Affected,Not Affected,779560.1726,300052.331
1130,1349,Carver MS,101 Barwick Rd,Delray Beach,33445,Palm Beach,-80.112827,26.46019298,"-80.11282700, 26.46019298",17R NK 88439 26954,SHELTER,RISK,9,1992,8 Classroom,R, ,0,0,384,7683,0,0,384,7683,384,S-1118A,No,No,No,Yes,Yes, , , , ,,,SHELTER,,Risk Shelter Inventory,Critical Community and Emergency Facilities,Regionally Significant,RSI_PT_1130,Delray Beach,South Florida Water Management District,FDEM,Risk Shelter Inventory - General - FDEM,,,,Treasure Coast,Southeast District,Southeast,4,90,26,Not Affected,Not Affected,Not Affected,Not Affected,Not Affected,Not Affected,Not Affected,Not Affected,Not Affected,Not Affected,Not Affected,Not Affected,Not Affected,Not Affected,Not Affected,Not Affected,Not Affected,Not Affected,Not Affected,Not Affected,Not Affected,786862.6073,278921.5866
1131,1350,West Boynton Rec Center,6000 Northtree Blvd,Lake Worth,33463,Palm Beach,-80.14113604,26.56000498,"-80.14113604, 26.56000498",17R NK 85543 37989,SHELTER,RISK,9,0, ,A, ,0,0,4800,4800,0,0,240,4800,240, ,No,No,No,Yes,Yes, ,Yes, , ,,,SHELTER,,Risk Shelter Inventory,Critical Community and Emergency Facilities,Regionally Significant,RSI_PT_1131,,South Florida Water Management District,FDEM,Risk Shelter Inventory - General - FDEM,,,,Treasure Coast,Southeast District,Southeast,4,92,26,Not Affected,Not Affected,Not Affected,Not Affected,Not Affected,Not Affected,Not Affected,Not Affected,Not Affected,Not Affected,Not Affected,Not Affected,Not Affected,Not Affected,Not Affected,Not Affected,Not Affected,Not Affected,Not Affected,Not Affected,Not Affected,783699.4796,289907.2084
1132,1124,Marjory Stoneman Douglas ES,11901 SW 2nd St,Miami,33184,Miami-Dade,-80.38809599,25.76873601,"-80.38809599, 25.76873601",17R NJ 61358 50215,SHELTER,RISK,10,1990,3 Classroom,A,416 kW,0,0,0,0,0,0,294,5881,294, ,No,5,AH,No,Yes, , , , ,,,SHELTER,,Risk Shelter Inventory,Critical Community and Emergency Facilities,Regionally Significant,RSI_PT_994,,South Florida Water Management District,FDEM,Risk Shelter Inventory - General - FDEM,,,,South Florida,Southeast District,Southeast,6,111,39,Not Affected,Not Affected,Not Affected,Not Affected,Not Affected,Not Affected,Not Affected,Not Affected,Not Affected,Not Affected,Medium,Medium,Medium,High,High,Not Affected,Not Affected,Not Affected,Not Affected,Not Affected,Not Affected,761722.4808,201385.1881
1133,1125,Ronald Reagan HS,8600 NW 107th Ave,Doral,33178,Miami-Dade,-80.37145197,25.852591,"-80.37145197, 25.85259100",17R NJ 62982 59510,SHELTER,RISK,10,2003,2 Gym / Classroom,A,400 kW,0,0,1258,25159,0,0,1258,25159,1258,L,No,No,No,Yes,Yes, , , , ,,,SHELTER,,Risk Shelter Inventory,Critical Community and Emergency Facilities,Regionally Significant,RSI_PT_624,Doral,South Florida Water Management District,FDEM,Risk Shelter Inventory - General - FDEM,,,,South Florida,Southeast District,Southeast,6,111,39,Not Affected,Not Affected,Not Affected,Not Affected,Not Affected,Not Affected,Not Affected,Not Affected,Not Affected,Not Affected,Not Affected,Not Affected,Low,Medium,Medium,Not Affected,Not Affected,Not Affected,Not Affected,Not Affected,Not Affected,763115.119,210734.2435
1134,1126,Callahan MS,450121 Old Dixie Hwy,Callahan,32011,Nassau,-81.83945304,30.570144,"-81.83945304, 30.57014400",17R MP 19502 82264,SHELTER,RISK,4,1982,15 Cafeteria,A,"Yes, unknown kW",0,0,398,7952,0,0,398,7952,311, ,No,No,No,Yes,Yes, ,Yes, , ,,,SHELTER,,Risk Shelter Inventory,Critical Community and Emergency Facilities,Regionally Significant,RSI_PT_1134,,St. Johns River Water Management District,FDEM,Risk Shelter Inventory - General - FDEM,,,,Northeast Florida,Northeast District,Northeast,2,15,4,Not Affected,Not Affected,Not Affected,Not Affected,Not Affected,Not Affected,Not Affected,Not Affected,Not Affected,Not Affected,Not Affected,Not Affected,Not Affected,Not Affected,Not Affected,Not Affected,Not Affected,Not Affected,Not Affected,Not Affected,Not Affected,607053.5445,730974.2793
1135,1127,Yulee MS,85439 Miner Rd,Yulee,32097,Nassau,-81.57627796,30.61186199,"-81.57627796, 30.61186199",17R MP 44762 86729,SHELTER,RISK,4,2003,6 Gym,A,"Yes, unknown kW",0,0,674,13485,0,0,674,13485,674,L,No,No,No,Yes,Yes, , , , ,,,SHELTER,,Risk Shelter Inventory,Critical Community and Emergency Facilities,Regionally Significant,RSI_PT_1135,,St. Johns River Water Management District,FDEM,Risk Shelter Inventory - General - FDEM,,,,Northeast Florida,Northeast District,Northeast,2,15,4,Not Affected,Not Affected,Not Affected,Not Affected,Not Affected,Not Affected,Not Affected,Not Affected,Not Affected,Not Affected,Not Affected,Not Affected,Not Affected,Not Affected,Not Affected,Not Affected,Not Affected,Not Affected,Not Affected,Not Affected,Not Affected,632180.5738,736071.461
1136,1128,Yulee MS,85439 Miner Rd,Yulee,32097,Nassau,-81.57627796,30.61186199,"-81.57627796, 30.61186199",17R MP 44762 86729,SHELTER,RISK,4,2003,4 Music,A,"Yes, unknown kW",0,0,124,2472,0,0,124,2472,123,L,No,No,No,Yes,Yes, , , , ,,,SHELTER,,Risk Shelter Inventory,Critical Community and Emergency Facilities,Regionally Significant,RSI_PT_1135,,St. Johns River Water Management District,FDEM,Risk Shelter Inventory - General - FDEM,,,,Northeast Florida,Northeast District,Northeast,2,15,4,Not Affected,Not Affected,Not Affected,Not Affected,Not Affected,Not Affected,Not Affected,Not Affected,Not Affected,Not Affected,Not Affected,Not Affected,Not Affected,Not Affected,Not Affected,Not Affected,Not Affected,Not Affected,Not Affected,Not Affected,Not Affected,632180.5738,736071.461
1137,1129,Yulee ES (3-5),86063 Felmor Rd,Yulee,32097,Nassau,-81.58583802,30.63137502,"-81.58583802, 30.63137502",17R MP 43857 88896,SHELTER,RISK,4,1996,9 Cafeteria,A,"Yes, unknown kW",0,0,293,5867,0,0,293,5867,185, ,No,No,No,Yes,Yes, , , , ,,,SHELTER,,Risk Shelter Inventory,Critical Community and Emergency Facilities,Regionally Significant,RSI_PT_1137,,St. Johns River Water Management District,FDEM,Risk Shelter Inventory - General - FDEM,,,,Northeast Florida,Northeast District,Northeast,2,15,4,Not Affected,Not Affected,Not Affected,Not Affected,Not Affected,Not Affected,Not Affected,Not Affected,Not Affected,Not Affected,Not Affected,Not Affected,Not Affected,Not Affected,Not Affected,Not Affected,Not Affected,Not Affected,Not Affected,Not Affected,Not Affected,631222.4976,738218.3152
1138,1130,Callahan Intermediate (3-5),34586 Ball Park Rd,Callahan,32011,Nassau,-81.88305704,30.55194601,"-81.88305704, 30.55194601",17R MP 15304 80279,SHELTER,RISK,4,1976,1 Admin / Cafeteria,R,Unknown kW Gen in East Wing,0,0,0,0,285,5694,285,5694,326,L,No,No,No,No,Yes, , , , ,,,SHELTER,,Risk Shelter Inventory,Critical Community and Emergency Facilities,Regionally Significant,RSI_PT_1138,,St. Johns River Water Management District,FDEM,Risk Shelter Inventory - General - FDEM,,,,Northeast Florida,Northeast District,Northeast,2,15,4,Not Affected,Not Affected,Not Affected,Not Affected,Not Affected,Not Affected,Not Affected,Not Affected,Not Affected,Not Affected,Not Affected,Not Affected,Not Affected,Not Affected,Not Affected,Not Affected,Not Affected,Not Affected,Not Affected,Not Affected,Not Affected,602909.8851,728882.7006
1139,1131,Yulee MS,85439 Miner Rd,Yulee,32097,Nassau,-81.57627796,30.61186199,"-81.57627796, 30.61186199",17R MP 44762 86729,SHELTER,RISK,4,2003,5 Classroom,A,"Yes, unknown kW",0,0,313,6260,0,0,313,6260,313,L,No,No,No,Yes,Yes, , , , ,,,SHELTER,,Risk Shelter Inventory,Critical Community and Emergency Facilities,Regionally Significant,RSI_PT_1135,,St. Johns River Water Management District,FDEM,Risk Shelter Inventory - General - FDEM,,,,Northeast Florida,Northeast District,Northeast,2,15,4,Not Affected,Not Affected,Not Affected,Not Affected,Not Affected,Not Affected,Not Affected,Not Affected,Not Affected,Not Affected,Not Affected,Not Affected,Not Affected,Not Affected,Not Affected,Not Affected,Not Affected,Not Affected,Not Affected,Not Affected,Not Affected,632180.5738,736071.461
1140,1132,Yulee HS,85375 Miner Rd,Yulee,32097,Nassau,-81.579737,30.60949599,"-81.57973700, 30.60949599",17R MP 44430 86468,SHELTER,RISK,4,2005,6 Dining,A,"Yes, unknown kW",0,0,460,9209,0,0,460,9209,359,L,No,No,No,Yes,Yes, , , , ,,,SHELTER,,Risk Shelter Inventory,Critical Community and Emergency Facilities,Regionally Significant,RSI_PT_1140,,St. Johns River Water Management District,FDEM,Risk Shelter Inventory - General - FDEM,,,,Northeast Florida,Northeast District,Northeast,2,15,4,Not Affected,Not Affected,Not Affected,Not Affected,Not Affected,Not Affected,Not Affected,Not Affected,Not Affected,Not Affected,Not Affected,Not Affected,Not Affected,Not Affected,Not Affected,Not Affected,Not Affected,Not Affected,Not Affected,Not Affected,Not Affected,631854.4096,735802.4615
1141,1133,Yulee HS,85375 Miner Rd,Yulee,32097,Nassau,-81.579737,30.60949599,"-81.57973700, 30.60949599",17R MP 44430 86468,SHELTER,RISK,4,2005,4 Gym,A,"Yes, unknown kW",0,0,775,15494,0,0,775,15494,606,L,No,No,No,Yes,Yes, , , , ,,,SHELTER,,Risk Shelter Inventory,Critical Community and Emergency Facilities,Regionally Significant,RSI_PT_1140,,St. Johns River Water Management District,FDEM,Risk Shelter Inventory - General - FDEM,,,,Northeast Florida,Northeast District,Northeast,2,15,4,Not Affected,Not Affected,Not Affected,Not Affected,Not Affected,Not Affected,Not Affected,Not Affected,Not Affected,Not Affected,Not Affected,Not Affected,Not Affected,Not Affected,Not Affected,Not Affected,Not Affected,Not Affected,Not Affected,Not Affected,Not Affected,631854.4096,735802.4615
1142,1134,Yulee MS,85439 Miner Rd,Yulee,32097,Nassau,-81.57627796,30.61186199,"-81.57627796, 30.61186199",17R MP 44762 86729,SHELTER,RISK,4,2003,3 Cafeteria,A,"Yes, unknown kW",0,0,267,5343,0,0,267,5343,267,L,No,No,No,Yes,Yes, , , , ,,,SHELTER,,Risk Shelter Inventory,Critical Community and Emergency Facilities,Regionally Significant,RSI_PT_1135,,St. Johns River Water Management District,FDEM,Risk Shelter Inventory - General - FDEM,,,,Northeast Florida,Northeast District,Northeast,2,15,4,Not Affected,Not Affected,Not Affected,Not Affected,Not Affected,Not Affected,Not Affected,Not Affected,Not Affected,Not Affected,Not Affected,Not Affected,Not Affected,Not Affected,Not Affected,Not Affected,Not Affected,Not Affected,Not Affected,Not Affected,Not Affected,632180.5738,736071.461
1143,1135,Shoal River MS,3200 Redstone Ave,Crestview,32539,Okaloosa,-86.53850001,30.73661601,"-86.53850001, 30.73661601",16R EV 44178 00503,SHELTER,RISK,1,2007,Wing D 8th grade,A, ,407,8131,0,0,0,0,407,8131,407, ,No,No,No,No,Yes, , , ,Yes,,,SHELTER,,Risk Shelter Inventory,Critical Community and Emergency Facilities,Regionally Significant,RSI_PT_1143,Crestview,Northwest Florida Water Management District,FDEM,Risk Shelter Inventory - General - FDEM,,,,Emerald Coast,Northwest District,Northwest,3,4,2,Not Affected,Not Affected,Not Affected,Not Affected,Not Affected,Not Affected,Not Affected,Not Affected,Not Affected,Not Affected,Not Affected,Not Affected,Not Affected,Not Affected,Not Affected,Not Affected,Not Affected,Not Affected,Not Affected,Low,Low,157110.7212,750132.3514
1144,1136,Baker School,1369 14th St,Baker,32531,Okaloosa,-86.67860402,30.79362402,"-86.67860402, 30.79362402",16R EV 30748 06774,SHELTER,RISK,1,1954,8 Classroom,R, ,0,0,0,0,51,1026,51,1026,51,S 10/11 1617,No,No,No,No,Yes, , , ,Yes,,,SHELTER,,Risk Shelter Inventory,Critical Community and Emergency Facilities,Regionally Significant,RSI_PT_1144,,Northwest Florida Water Management District,FDEM,Risk Shelter Inventory - General - FDEM,,,,Emerald Coast,Northwest District,Northwest,3,3,1,Not Affected,Not Affected,Not Affected,Not Affected,Not Affected,Not Affected,Not Affected,Not Affected,Not Affected,Not Affected,Not Affected,Not Affected,Not Affected,Not Affected,Not Affected,Not Affected,Not Affected,Not Affected,Not Affected,Not Affected,Not Affected,143844.6952,756739.554
1145,1137,Kenwood ES,15 Eagle Street NE,Fort Walton Beach,32547,Okaloosa,-86.60793603,30.45880701,"-86.60793603, 30.45880701",16R EU 37638 69691,SHELTER,RISK,1,1998,10 Classroom,R, ,0,0,0,0,350,7004,350,7004,467,L,No,No,No,No,Yes, , , , ,,,SHELTER,,Risk Shelter Inventory,Critical Community and Emergency Facilities,Regionally Significant,RSI_PT_1145,Fort Walton Beach,Northwest Florida Water Management District,FDEM,Risk Shelter Inventory - General - FDEM,,,,Emerald Coast,Northwest District,Northwest,3,4,2,Not Affected,Not Affected,Not Affected,Not Affected,Not Affected,Not Affected,Not Affected,Not Affected,Not Affected,Not Affected,Not Affected,Not Affected,Not Affected,Not Affected,Not Affected,High,High,High,High,High,High,149816.0022,719450.7221
1146,1138,Riverside ES,3400 Redstone Ave,Crestview,32539,Okaloosa,-86.53639498,30.736671,"-86.53639498, 30.73667100",16R EV 44379 00510,SHELTER,RISK,1,2008,Wings A-B Cafeteria / Media,A, ,508,10151,0,0,0,0,508,10151,508, ,No,No,No,No,Yes, , , ,Yes,,,SHELTER,,Risk Shelter Inventory,Critical Community and Emergency Facilities,Regionally Significant,RSI_PT_1146,Crestview,Northwest Florida Water Management District,FDEM,Risk Shelter Inventory - General - FDEM,,,,Emerald Coast,Northwest District,Northwest,3,4,2,Not Affected,Not Affected,Not Affected,Not Affected,Not Affected,Not Affected,Not Affected,Not Affected,Not Affected,Not Affected,Not Affected,Not Affected,Not Affected,Not Affected,Not Affected,Not Affected,Not Affected,Not Affected,Not Affected,Not Affected,Not Affected,157312.2323,750134.3065
1147,1139,Shoal River MS,3200 Redstone Ave,Crestview,32539,Okaloosa,-86.53850001,30.73661601,"-86.53850001, 30.73661601",16R EV 44178 00503,SHELTER,RISK,1,2007,Wing B 6th grade,A, ,406,8118,0,0,0,0,406,8118,406, ,No,No,No,No,Yes, , , ,Yes,,,SHELTER,,Risk Shelter Inventory,Critical Community and Emergency Facilities,Regionally Significant,RSI_PT_1143,Crestview,Northwest Florida Water Management District,FDEM,Risk Shelter Inventory - General - FDEM,,,,Emerald Coast,Northwest District,Northwest,3,4,2,Not Affected,Not Affected,Not Affected,Not Affected,Not Affected,Not Affected,Not Affected,Not Affected,Not Affected,Not Affected,Not Affected,Not Affected,Not Affected,Not Affected,Not Affected,Not Affected,Not Affected,Not Affected,Not Affected,Low,Low,157110.7212,750132.3514
1148,1140,Crestview HS,1304 N Ferdon Blvd,Crestview,32536,Okaloosa,-86.55814564,30.79206521,"-86.55814564, 30.79206521",16R EV 42273 06641,SHELTER,RISK,1,1997,11 Classroom,R,50 kW emergency lighting/ 100 kW everything else,0,0,0,0,304,6080,304,6080,304,S 10/11 1617,No,No,No,No,Yes, , , , ,,,SHELTER,,Risk Shelter Inventory,Critical Community and Emergency Facilities,Regionally Significant,RSI_PT_1148,Crestview,Northwest Florida Water Management District,FDEM,Risk Shelter Inventory - General - FDEM,,,,Emerald Coast,Northwest District,Northwest,3,4,1,Not Affected,Not Affected,Not Affected,Not Affected,Not Affected,Not Affected,Not Affected,Not Affected,Not Affected,Not Affected,Not Affected,Not Affected,Not Affected,Not Affected,Not Affected,Not Affected,Not Affected,Not Affected,Not Affected,Not Affected,Not Affected,155358.8692,756322.0458
1149,1141,Riverside ES,3400 Redstone Ave,Crestview,32539,Okaloosa,-86.53639498,30.736671,"-86.53639498, 30.73667100",16R EV 44379 00510,SHELTER,RISK,1,2008,Wing E 400 Classroom,A, ,270,5396,0,0,0,0,270,5396,270, ,No,No,No,No,Yes, , , ,Yes,,,SHELTER,,Risk Shelter Inventory,Critical Community and Emergency Facilities,Regionally Significant,RSI_PT_1146,Crestview,Northwest Florida Water Management District,FDEM,Risk Shelter Inventory - General - FDEM,,,,Emerald Coast,Northwest District,Northwest,3,4,2,Not Affected,Not Affected,Not Affected,Not Affected,Not Affected,Not Affected,Not Affected,Not Affected,Not Affected,Not Affected,Not Affected,Not Affected,Not Affected,Not Affected,Not Affected,Not Affected,Not Affected,Not Affected,Not Affected,Not Affected,Not Affected,157312.2323,750134.3065
1150,1142,Riverside ES,3400 Redstone Ave,Crestview,32539,Okaloosa,-86.53639498,30.736671,"-86.53639498, 30.73667100",16R EV 44379 00510,SHELTER,RISK,1,2008,Wing F 500 Classroom,A, ,298,5955,0,0,0,0,298,5955,298, ,No,No,No,No,Yes, , , ,Yes,,,SHELTER,,Risk Shelter Inventory,Critical Community and Emergency Facilities,Regionally Significant,RSI_PT_1146,Crestview,Northwest Florida Water Management District,FDEM,Risk Shelter Inventory - General - FDEM,,,,Emerald Coast,Northwest District,Northwest,3,4,2,Not Affected,Not Affected,Not Affected,Not Affected,Not Affected,Not Affected,Not Affected,Not Affected,Not Affected,Not Affected,Not Affected,Not Affected,Not Affected,Not Affected,Not Affected,Not Affected,Not Affected,Not Affected,Not Affected,Not Affected,Not Affected,157312.2323,750134.3065
1151,1143,Baker School,1369 14th St,Baker,32531,Okaloosa,-86.67860402,30.79362402,"-86.67860402, 30.79362402",16R EV 30748 06774,SHELTER,RISK,1,1992,15 Classroom,R, ,0,0,0,0,56,1127,56,1127,56,S 10/11 1617,No,No,No,No,Yes, , , , ,,,SHELTER,,Risk Shelter Inventory,Critical Community and Emergency Facilities,Regionally Significant,RSI_PT_1144,,Northwest Florida Water Management District,FDEM,Risk Shelter Inventory - General - FDEM,,,,Emerald Coast,Northwest District,Northwest,3,3,1,Not Affected,Not Affected,Not Affected,Not Affected,Not Affected,Not Affected,Not Affected,Not Affected,Not Affected,Not Affected,Not Affected,Not Affected,Not Affected,Not Affected,Not Affected,Not Affected,Not Affected,Not Affected,Not Affected,Not Affected,Not Affected,143844.6952,756739.554
1152,1144,Davidson MS,6261 Old Bethel Rd,Crestview,32536,Okaloosa,-86.56203002,30.79409801,"-86.56203002, 30.79409801",16R EV 41901 06865,SHELTER,RISK,1,1997,1 Main,R, ,0,0,0,0,2305,46100,2305,46100,3267,S,No,No,No,No,Yes, ,Yes, , ,,,SHELTER,,Risk Shelter Inventory,Critical Community and Emergency Facilities,Regionally Significant,RSI_PT_1152,Crestview,Northwest Florida Water Management District,FDEM,Risk Shelter Inventory - General - FDEM,,,,Emerald Coast,Northwest District,Northwest,3,4,1,Not Affected,Not Affected,Not Affected,Not Affected,Not Affected,Not Affected,Not Affected,Not Affected,Not Affected,Not Affected,Not Affected,Not Affected,Not Affected,Not Affected,Not Affected,Not Affected,Not Affected,Not Affected,Not Affected,Not Affected,Not Affected,154992.1364,756555.2469
1153,1145,Riverside ES,3400 Redstone Ave,Crestview,32539,Okaloosa,-86.53639498,30.736671,"-86.53639498, 30.73667100",16R EV 44379 00510,SHELTER,RISK,1,2008,Wing G 600 Classroom,A, ,343,6856,0,0,0,0,343,6856,343, ,No,No,No,No,Yes, , , ,Yes,,,SHELTER,,Risk Shelter Inventory,Critical Community and Emergency Facilities,Regionally Significant,RSI_PT_1146,Crestview,Northwest Florida Water Management District,FDEM,Risk Shelter Inventory - General - FDEM,,,,Emerald Coast,Northwest District,Northwest,3,4,2,Not Affected,Not Affected,Not Affected,Not Affected,Not Affected,Not Affected,Not Affected,Not Affected,Not Affected,Not Affected,Not Affected,Not Affected,Not Affected,Not Affected,Not Affected,Not Affected,Not Affected,Not Affected,Not Affected,Not Affected,Not Affected,157312.2323,750134.3065
1154,1146,Baker School,1369 14th St,Baker,32531,Okaloosa,-86.67860402,30.79362402,"-86.67860402, 30.79362402",16R EV 30748 06774,SHELTER,RISK,1,1996,17 Classroom,R, ,0,0,0,0,228,4555,228,4555,228,S 10/11 1617,No,No,No,No,Yes, , , , ,,,SHELTER,,Risk Shelter Inventory,Critical Community and Emergency Facilities,Regionally Significant,RSI_PT_1144,,Northwest Florida Water Management District,FDEM,Risk Shelter Inventory - General - FDEM,,,,Emerald Coast,Northwest District,Northwest,3,3,1,Not Affected,Not Affected,Not Affected,Not Affected,Not Affected,Not Affected,Not Affected,Not Affected,Not Affected,Not Affected,Not Affected,Not Affected,Not Affected,Not Affected,Not Affected,Not Affected,Not Affected,Not Affected,Not Affected,Not Affected,Not Affected,143844.6952,756739.554
1155,1147,Shoal River MS,3200 Redstone Ave,Crestview,32539,Okaloosa,-86.53850001,30.73661601,"-86.53850001, 30.73661601",16R EV 44178 00503,SHELTER,RISK,1,2007,Wing A Gym,A, ,628,12568,0,0,0,0,628,12568,628, ,No,No,No,No,Yes, , , ,Yes,,,SHELTER,,Risk Shelter Inventory,Critical Community and Emergency Facilities,Regionally Significant,RSI_PT_1143,Crestview,Northwest Florida Water Management District,FDEM,Risk Shelter Inventory - General - FDEM,,,,Emerald Coast,Northwest District,Northwest,3,4,2,Not Affected,Not Affected,Not Affected,Not Affected,Not Affected,Not Affected,Not Affected,Not Affected,Not Affected,Not Affected,Not Affected,Not Affected,Not Affected,Not Affected,Not Affected,Not Affected,Not Affected,Not Affected,Not Affected,Low,Low,157110.7212,750132.3514
1156,1148,Choctawhatchee HS,110 Racetrack Road NW,Fort Walton Beach,32547,Okaloosa,-86.61861298,30.45029301,"-86.61861298, 30.45029301",16R EU 36616 68744,SHELTER,RISK,1,1997,1 ESE Classroom,R,30 kW,0,0,0,0,326,6525,326,6525,435,L,No,No,No,No,Yes, , , , ,,,SHELTER,,Risk Shelter Inventory,Critical Community and Emergency Facilities,Regionally Significant,RSI_PT_1156,Fort Walton Beach,Northwest Florida Water Management District,FDEM,Risk Shelter Inventory - General - FDEM,,,,Emerald Coast,Northwest District,Northwest,3,4,2,Not Affected,Not Affected,Not Affected,Not Affected,Not Affected,Not Affected,Not Affected,Not Affected,Not Affected,Not Affected,Not Affected,Not Affected,Not Affected,Not Affected,Not Affected,Not Affected,Not Affected,Not Affected,Not Affected,Not Affected,Not Affected,148771.8339,718527.7867
1157,1149,Baker School,1369 14th St,Baker,32531,Okaloosa,-86.67860402,30.79362402,"-86.67860402, 30.79362402",16R EV 30748 06774,SHELTER,RISK,1,1996,18 Auditorium,R, ,200,3992,0,0,103,2060,303,6052,103,S 10/11 1617,No,No,No,No,Yes, , , , ,,,SHELTER,,Risk Shelter Inventory,Critical Community and Emergency Facilities,Regionally Significant,RSI_PT_1144,,Northwest Florida Water Management District,FDEM,Risk Shelter Inventory - General - FDEM,,,,Emerald Coast,Northwest District,Northwest,3,3,1,Not Affected,Not Affected,Not Affected,Not Affected,Not Affected,Not Affected,Not Affected,Not Affected,Not Affected,Not Affected,Not Affected,Not Affected,Not Affected,Not Affected,Not Affected,Not Affected,Not Affected,Not Affected,Not Affected,Not Affected,Not Affected,143844.6952,756739.554
1158,1150,Riverside ES,3400 Redstone Ave,Crestview,32539,Okaloosa,-86.53639498,30.736671,"-86.53639498, 30.73667100",16R EV 44379 00510,SHELTER,RISK,1,2008,Wing C 200 Classroom,A, ,270,5396,0,0,0,0,270,5396,270, ,No,No,No,No,Yes, , , ,Yes,,,SHELTER,,Risk Shelter Inventory,Critical Community and Emergency Facilities,Regionally Significant,RSI_PT_1146,Crestview,Northwest Florida Water Management District,FDEM,Risk Shelter Inventory - General - FDEM,,,,Emerald Coast,Northwest District,Northwest,3,4,2,Not Affected,Not Affected,Not Affected,Not Affected,Not Affected,Not Affected,Not Affected,Not Affected,Not Affected,Not Affected,Not Affected,Not Affected,Not Affected,Not Affected,Not Affected,Not Affected,Not Affected,Not Affected,Not Affected,Not Affected,Not Affected,157312.2323,750134.3065
1159,1151,Riverside ES,3400 Redstone Ave,Crestview,32539,Okaloosa,-86.53639498,30.736671,"-86.53639498, 30.73667100",16R EV 44379 00510,SHELTER,RISK,1,2008,Wing D 300 Classroom,A, ,270,5396,0,0,0,0,270,5396,270, ,No,No,No,No,Yes, , , ,Yes,,,SHELTER,,Risk Shelter Inventory,Critical Community and Emergency Facilities,Regionally Significant,RSI_PT_1146,Crestview,Northwest Florida Water Management District,FDEM,Risk Shelter Inventory - General - FDEM,,,,Emerald Coast,Northwest District,Northwest,3,4,2,Not Affected,Not Affected,Not Affected,Not Affected,Not Affected,Not Affected,Not Affected,Not Affected,Not Affected,Not Affected,Not Affected,Not Affected,Not Affected,Not Affected,Not Affected,Not Affected,Not Affected,Not Affected,Not Affected,Not Affected,Not Affected,157312.2323,750134.3065
1160,1152,Shoal River MS,3200 Redstone Ave,Crestview,32539,Okaloosa,-86.53850001,30.73661601,"-86.53850001, 30.73661601",16R EV 44178 00503,SHELTER,RISK,1,2007,Wing C 7th grade,A, ,369,7386,0,0,0,0,369,7386,369, ,No,No,No,No,Yes, , , ,Yes,,,SHELTER,,Risk Shelter Inventory,Critical Community and Emergency Facilities,Regionally Significant,RSI_PT_1143,Crestview,Northwest Florida Water Management District,FDEM,Risk Shelter Inventory - General - FDEM,,,,Emerald Coast,Northwest District,Northwest,3,4,2,Not Affected,Not Affected,Not Affected,Not Affected,Not Affected,Not Affected,Not Affected,Not Affected,Not Affected,Not Affected,Not Affected,Not Affected,Not Affected,Not Affected,Not Affected,Not Affected,Not Affected,Not Affected,Not Affected,Low,Low,157110.7212,750132.3514
1161,1153,Antioch ES,4700 Whitehurst Ln,Crestview,32536,Okaloosa,-86.61156204,30.71498898,"-86.61156204, 30.71498898",16R EU 37192 98080,SHELTER,RISK,1,1997,1 Main,R, ,0,0,0,0,1303,26058,1303,26058,1737,S-1467-2004,No,No,No,No,Yes, ,Yes, , ,,,SHELTER,,Risk Shelter Inventory,Critical Community and Emergency Facilities,Regionally Significant,RSI_PT_1161,Crestview,Northwest Florida Water Management District,FDEM,Risk Shelter Inventory - General - FDEM,,,,Emerald Coast,Northwest District,Northwest,3,4,2,Not Affected,Not Affected,Not Affected,Not Affected,Not Affected,Not Affected,Not Affected,Not Affected,Not Affected,Not Affected,Not Affected,Not Affected,Not Affected,Not Affected,Not Affected,Not Affected,Not Affected,Medium,Medium,Medium,Medium,150070.1998,747879.2455
1162,1154,Shoal River MS,3200 Redstone Ave,Crestview,32539,Okaloosa,-86.53850001,30.73661601,"-86.53850001, 30.73661601",16R EV 44178 00503,SHELTER,RISK,1,2007,1 ESE / Cafeteria,A, ,930,18595,0,0,0,0,930,18595,930, ,No,No,No,No,Yes, , , ,Yes,,,SHELTER,,Risk Shelter Inventory,Critical Community and Emergency Facilities,Regionally Significant,RSI_PT_1143,Crestview,Northwest Florida Water Management District,FDEM,Risk Shelter Inventory - General - FDEM,,,,Emerald Coast,Northwest District,Northwest,3,4,2,Not Affected,Not Affected,Not Affected,Not Affected,Not Affected,Not Affected,Not Affected,Not Affected,Not Affected,Not Affected,Not Affected,Not Affected,Not Affected,Not Affected,Not Affected,Not Affected,Not Affected,Not Affected,Not Affected,Low,Low,157110.7212,750132.3514
1163,1155,Laurel Hill HS,8078 4th St,Laurel Hill,32567,Okaloosa,-86.46218797,30.95860699,"-86.46218797, 30.95860699",16R EV 51365 25138,SHELTER,RISK,1,1997,8 Classroom,R, ,0,0,0,0,115,2294,115,2294,115,S 10/11 1617,No,No,No,No,Yes, , , , ,,,SHELTER,,Risk Shelter Inventory,Critical Community and Emergency Facilities,Regionally Significant,RSI_PT_1163,Laurel Hill,Northwest Florida Water Management District,FDEM,Risk Shelter Inventory - General - FDEM,,,,Emerald Coast,Northwest District,Northwest,3,3,1,Not Affected,Not Affected,Not Affected,Not Affected,Not Affected,Not Affected,Not Affected,Not Affected,Not Affected,Not Affected,Not Affected,Not Affected,Not Affected,Not Affected,Not Affected,Not Affected,Not Affected,Not Affected,Not Affected,Not Affected,Not Affected,164903.1595,774607.988
1164,1156,Okeechobee Acheivment Academy,1000 NW 34st,Okeechobee,34972,Okeechobee,-80.83898439,27.2744256,"-80.83898439, 27.27442560",17R NL 15936 16841,SHELTER,RISK,6,2010,1 Cafeteria / Classroom,A, ,0,0,839,16787,0,0,839,16787,0, ,No,No,No,Yes,Yes, , , ,Yes,,,SHELTER,,Risk Shelter Inventory,Critical Community and Emergency Facilities,Regionally Significant,RSI_PT_1164,,South Florida Water Management District,FDEM,Risk Shelter Inventory - General - FDEM,,,,Central Florida,Southeast District,Northeast,1,83,29,Not Affected,Not Affected,Not Affected,Not Affected,Not Affected,Not Affected,Not Affected,Not Affected,Not Affected,Not Affected,Not Affected,Not Affected,Not Affected,Not Affected,Not Affected,Low,Low,Low,Medium,Medium,Medium,712294.0067,367224.2951
1165,1157,Osceola MS,830 SW 28th St,Okeechobee,34974,Okeechobee,-80.83769798,27.21803562,"-80.83769798, 27.21803562",17R NL 16071 10595,SHELTER,RISK,6,2008,10 Classroom,A, ,0,0,557,11148,0,0,557,11148,0, ,No,No,No,No,Yes, , , , ,,,SHELTER,,Risk Shelter Inventory,Critical Community and Emergency Facilities,Regionally Significant,RSI_PT_1165,,South Florida Water Management District,FDEM,Risk Shelter Inventory - General - FDEM,,,,Central Florida,Southeast District,Northeast,1,83,29,Not Affected,Not Affected,Not Affected,Not Affected,Not Affected,Not Affected,Not Affected,Not Affected,Not Affected,Not Affected,Not Affected,Not Affected,Not Affected,Not Affected,Not Affected,Not Affected,Not Affected,Not Affected,Not Affected,Not Affected,Not Affected,712581.6226,360968.1541
1166,1158,Osceola MS,826 SW 28th St,Okeechobee,34974,Okeechobee,-80.83768125,27.21803562,"-80.83768125, 27.21803562",17R NL 16073 10595,SHELTER,RISK,6,1996,3 Classroom,R, ,0,0,0,0,131,2621,131,2621,298,HMGP,No,No,No,No,Yes, , , , ,,,SHELTER,,Risk Shelter Inventory,Critical Community and Emergency Facilities,Regionally Significant,RSI_PT_1165,,South Florida Water Management District,FDEM,Risk Shelter Inventory - General - FDEM,,,,Central Florida,Southeast District,Northeast,1,83,29,Not Affected,Not Affected,Not Affected,Not Affected,Not Affected,Not Affected,Not Affected,Not Affected,Not Affected,Not Affected,Not Affected,Not Affected,Not Affected,Not Affected,Not Affected,Not Affected,Not Affected,Not Affected,Not Affected,Not Affected,Not Affected,712583.2759,360968.1965
1167,1159,South ES,2468 SW 7th Ave,Okeechobee,34972,Okeechobee,-80.83669787,27.21992759,"-80.83669787, 27.21992759",17R NL 16170 10805,SHELTER,RISK,6,2000,3 W Classroom,A, ,0,0,0,0,85,1709,85,1709,0, ,No,No,No,No,Yes, , , , ,,,SHELTER,,Risk Shelter Inventory,Critical Community and Emergency Facilities,Regionally Significant,RSI_PT_1167,,South Florida Water Management District,FDEM,Risk Shelter Inventory - General - FDEM,,,,Central Florida,Southeast District,Northeast,1,83,29,Not Affected,Not Affected,Not Affected,Not Affected,Not Affected,Not Affected,Not Affected,Not Affected,Not Affected,Not Affected,Not Affected,Not Affected,Not Affected,Not Affected,Not Affected,Not Affected,Not Affected,Not Affected,Medium,Medium,High,712675.0699,361180.6997
1168,1160,South ES,2468 SW 7th Ave,Okeechobee,34972,Okeechobee,-80.83669787,27.21992759,"-80.83669787, 27.21992759",17R NL 16170 10805,SHELTER,RISK,6,1999,1 W Classroom,A, ,0,0,0,0,37,741,37,741,0, ,No,No,No,No,Yes, , , , ,,,SHELTER,,Risk Shelter Inventory,Critical Community and Emergency Facilities,Regionally Significant,RSI_PT_1167,,South Florida Water Management District,FDEM,Risk Shelter Inventory - General - FDEM,,,,Central Florida,Southeast District,Northeast,1,83,29,Not Affected,Not Affected,Not Affected,Not Affected,Not Affected,Not Affected,Not Affected,Not Affected,Not Affected,Not Affected,Not Affected,Not Affected,Not Affected,Not Affected,Not Affected,Not Affected,Not Affected,Not Affected,Medium,Medium,High,712675.0699,361180.6997
1169,1161,Osceola MS,825 SW 28th St,Okeechobee,34974,Okeechobee,-80.83876,27.21991,"-80.83876000, 27.21991000",17R NL 15966 10802,SHELTER,RISK,6,1996,2 Classroom,R, ,0,0,0,0,144,2873,144,2873,298,HMGP,No,No,No,No,Yes, , , , ,,,SHELTER,,Risk Shelter Inventory,Critical Community and Emergency Facilities,Regionally Significant,RSI_PT_1169,,South Florida Water Management District,FDEM,Risk Shelter Inventory - General - FDEM,,,,Central Florida,Southeast District,Northeast,1,83,29,Not Affected,Not Affected,Not Affected,Not Affected,Not Affected,Not Affected,Not Affected,Not Affected,Not Affected,Not Affected,Not Affected,Not Affected,Not Affected,Not Affected,Not Affected,Not Affected,Not Affected,Not Affected,Not Affected,Not Affected,Not Affected,712471.3344,361173.5203
1170,1162,South ES,2468 SW 7th Ave,Okeechobee,34972,Okeechobee,-80.83669787,27.21992759,"-80.83669787, 27.21992759",17R NL 16170 10805,SHELTER,RISK,6,1999,1 E Cafe,A, ,0,0,0,0,222,4435,222,4435,1011, ,No,No,No,No,Yes, , , , ,,,SHELTER,,Risk Shelter Inventory,Critical Community and Emergency Facilities,Regionally Significant,RSI_PT_1167,,South Florida Water Management District,FDEM,Risk Shelter Inventory - General - FDEM,,,,Central Florida,Southeast District,Northeast,1,83,29,Not Affected,Not Affected,Not Affected,Not Affected,Not Affected,Not Affected,Not Affected,Not Affected,Not Affected,Not Affected,Not Affected,Not Affected,Not Affected,Not Affected,Not Affected,Not Affected,Not Affected,Not Affected,Medium,Medium,High,712675.0699,361180.6997
1171,1163,Avalon MS,13914 Mailer Blvd,Orlando,32828,Orange,-81.15177002,28.50014801,"-81.15177002, 28.50014801",17R MM 85147 52617,SHELTER,RISK,5,2006,4 Cafeteria,A,150 kW,0,0,444,8872,0,0,444,8872,444, ,No,No,No,Yes,Yes, , , , ,,,SHELTER,,Risk Shelter Inventory,Critical Community and Emergency Facilities,Regionally Significant,RSI_PT_1171,,St. Johns River Water Management District,FDEM,Risk Shelter Inventory - General - FDEM,,,,East Central Florida,Central District,Northeast,5,35,17,Not Affected,Not Affected,Not Affected,Not Affected,Not Affected,Not Affected,Not Affected,Not Affected,Not Affected,Not Affected,Not Affected,Not Affected,Not Affected,Not Affected,Not Affected,Not Affected,Not Affected,Not Affected,Not Affected,Not Affected,Not Affected,678254.3031,502553.9566
1172,1164,University HS,2451 Cougar Way,Orlando,32817,Orange,-81.2135577,28.57987205,"-81.21355770, 28.57987205",17R MM 79115 61459,SHELTER,RISK,5,1991,3 Gym,R,600 kW,0,0,0,0,1178,23560,1178,23560,0, ,No,No,No,No,Yes, ,Yes, , ,,,SHELTER,,Risk Shelter Inventory,Critical Community and Emergency Facilities,Regionally Significant,RSI_PT_1172,,St. Johns River Water Management District,FDEM,Risk Shelter Inventory - General - FDEM,,,,East Central Florida,Central District,Northeast,5,37,17,Not Affected,Not Affected,Not Affected,Not Affected,Not Affected,Not Affected,Not Affected,Not Affected,Not Affected,Not Affected,Not Affected,Not Affected,Not Affected,Not Affected,Not Affected,Not Affected,Not Affected,Not Affected,Not Affected,Not Affected,Not Affected,672019.025,511267.6069
1173,1165,West Orange HS,1625 Beaulah Rd,Winter Garden,32787,Orange,-81.56790896,28.54056002,"-81.56790896, 28.54056002",17R MM 44442 57216,SHELTER,RISK,5,2008,7 Cafeteria,A,335 kW,0,0,394,7875,0,0,394,7875,606,L,No,No,No,Yes,Yes, , , , ,,,SHELTER,,Risk Shelter Inventory,Critical Community and Emergency Facilities,Regionally Significant,RSI_PT_1173,,St. Johns River Water Management District,FDEM,Risk Shelter Inventory - General - FDEM,,,,East Central Florida,Central District,Northeast,5,45,13,Not Affected,Not Affected,Not Affected,Not Affected,Not Affected,Not Affected,Not Affected,Not Affected,Not Affected,Not Affected,Not Affected,Not Affected,Not Affected,Not Affected,Not Affected,Not Affected,Not Affected,Not Affected,Not Affected,Not Affected,Not Affected,637517.3368,506170.6641
1174,1166,Apopka HS,555 Martn St,Apopka,32712,Orange,-81.52204403,28.692271,"-81.52204403, 28.69227100",17R MM 49002 74004,SHELTER,RISK,5,2009,700 Cafeteria,A, ,0,0,374,7874,0,0,374,7874,606, ,No,No,No,Yes,Yes, , , , ,,,SHELTER,,Risk Shelter Inventory,Critical Community and Emergency Facilities,Regionally Significant,RSI_PT_1174,Apopka,St. Johns River Water Management District,FDEM,Risk Shelter Inventory - General - FDEM,,,,East Central Florida,Central District,Northeast,5,39,15,Not Affected,Not Affected,Not Affected,Not Affected,Not Affected,Not Affected,Not Affected,Not Affected,Not Affected,Not Affected,Not Affected,Not Affected,Not Affected,Not Affected,Not Affected,Not Affected,Not Affected,Not Affected,Not Affected,Not Affected,Not Affected,641657.3597,523104.7139
1175,1167,Ocoee HS,1925 Ocoee Crown Point Pkwy,Ocoee,34761,Orange,-81.55753502,28.60022501,"-81.55753502, 28.60022501",17R MM 45488 63822,SHELTER,RISK,5,2005,3 Gym,A, ,0,0,943,18855,0,0,943,18855,943, ,No,No,No,Yes,Yes, ,Yes, , ,,,SHELTER,,Risk Shelter Inventory,Critical Community and Emergency Facilities,Regionally Significant,RSI_PT_1175,Ocoee,St. Johns River Water Management District,FDEM,Risk Shelter Inventory - General - FDEM,,,,East Central Florida,Central District,Northeast,5,39,15,Not Affected,Not Affected,Not Affected,Not Affected,Not Affected,Not Affected,Not Affected,Not Affected,Not Affected,Not Affected,Not Affected,Not Affected,Not Affected,Not Affected,Not Affected,Not Affected,Not Affected,Not Affected,Not Affected,Not Affected,Not Affected,638399.0875,512815.5185
1176,1168,Freedom HS,2500 W Taft Vineland Rd,Orlando,32837,Orange,-81.412138,28.415275,"-81.41213800, 28.41527500",17R MM 59633 43274,SHELTER,RISK,5,2003,6 Classroom,A,600 kW,58,1162,0,0,0,0,58,1162,0, ,No,No,No,No,Yes, , , , ,,,SHELTER,,Risk Shelter Inventory,Critical Community and Emergency Facilities,Regionally Significant,RSI_PT_1176,,South Florida Water Management District,FDEM,Risk Shelter Inventory - General - FDEM,,,,East Central Florida,Central District,Northeast,5,44,25,Not Affected,Not Affected,Not Affected,Not Affected,Not Affected,Not Affected,Not Affected,Not Affected,Not Affected,Not Affected,Not Affected,Not Affected,Not Affected,Not Affected,Not Affected,Not Affected,Not Affected,Not Affected,Not Affected,Not Affected,Not Affected,653019.6896,492569.6778
1177,1169,South Creek MS,3801 E Wetherbee Rd,Orlando,32824,Orange,-81.34502703,28.39431999,"-81.34502703, 28.39431999",17R MM 66200 40932,SHELTER,RISK,5,2006,3 Gym,A, ,0,0,598,11961,0,0,598,11961,0, ,No,No,No,Yes,Yes, , , , ,,,SHELTER,,Risk Shelter Inventory,Critical Community and Emergency Facilities,Regionally Significant,RSI_PT_1177,,South Florida Water Management District,FDEM,Risk Shelter Inventory - General - FDEM,,,,East Central Florida,Central District,Northeast,5,44,25,Not Affected,Not Affected,Not Affected,Not Affected,Not Affected,Not Affected,Not Affected,Not Affected,Not Affected,Not Affected,Not Affected,Not Affected,Not Affected,Not Affected,Not Affected,Not Affected,Not Affected,Not Affected,Not Affected,Not Affected,Not Affected,659630.3431,490382.5089
1178,1170,Lake Nona MS,13700 Narcoossee Rd,Orlando,32832,Orange,-81.24576602,28.367112,"-81.24576602, 28.36711200",17R MM 75918 37894,SHELTER,RISK,5,2011,2 Gym,A, ,0,0,579,11582,0,0,579,11582,0, ,No,No,No,Yes,Yes, , , ,Yes,,,SHELTER,,Risk Shelter Inventory,Critical Community and Emergency Facilities,Regionally Significant,RSI_PT_1178,Orlando,South Florida Water Management District,FDEM,Risk Shelter Inventory - General - FDEM,,,,East Central Florida,Central District,Northeast,5,35,17,Not Affected,Not Affected,Not Affected,Not Affected,Not Affected,Not Affected,Not Affected,Not Affected,Not Affected,Not Affected,Not Affected,Not Affected,Not Affected,Not Affected,Not Affected,Not Affected,Not Affected,Not Affected,Not Affected,Not Affected,Not Affected,669402.9951,487574.5248
1179,1171,Legacy MS,11398 Lake Underhill Rd,Orlando,32825,Orange,-81.21884896,28.54493399,"-81.21884896, 28.54493399",17R MM 78591 57589,SHELTER,RISK,5,2005,4 Cafeteria,A,150 kW,0,0,430,8600,0,0,430,8600,430, ,No,No,No,Yes,Yes, , , , ,,,SHELTER,,Risk Shelter Inventory,Critical Community and Emergency Facilities,Regionally Significant,RSI_PT_1179,,St. Johns River Water Management District,FDEM,Risk Shelter Inventory - General - FDEM,,,,East Central Florida,Central District,Northeast,5,35,17,Not Affected,Not Affected,Not Affected,Not Affected,Not Affected,Not Affected,Not Affected,Not Affected,Not Affected,Not Affected,Not Affected,Not Affected,Not Affected,Not Affected,Not Affected,Not Affected,Not Affected,Not Affected,Not Affected,Not Affected,Not Affected,671590.068,507376.8639
1180,1172,Colonial 9th Grade School,7775 Valencia College Ln,Orlando,32807,Orange,-81.28366597,28.55436699,"-81.28366597, 28.55436699",17R MM 72253 58647,SHELTER,RISK,5,2006,8 Gym,A, ,0,0,580,11590,0,0,580,11590,580,L,No,No,No,Yes,Yes, , , ,Yes,,,SHELTER,,Risk Shelter Inventory,Critical Community and Emergency Facilities,Regionally Significant,RSI_PT_1180,,St. Johns River Water Management District,FDEM,Risk Shelter Inventory - General - FDEM,,,,East Central Florida,Central District,Northeast,5,43,17,Not Affected,Not Affected,Not Affected,Not Affected,Not Affected,Not Affected,Not Affected,Not Affected,Not Affected,Not Affected,Not Affected,Not Affected,Not Affected,Not Affected,Not Affected,Not Affected,Not Affected,Not Affected,Not Affected,Not Affected,Not Affected,665238.4006,508283.1073
1181,1173,Baldwin Park ES,1750 Common Way Rd,Orlando,32814,Orange,-81.33184699,28.56648701,"-81.33184699, 28.56648701",17R MM 67544 60002,SHELTER,RISK,5,2007,1 Cafeteria,A, ,0,0,310,6194,0,0,310,6194,310, ,No,No,No,Yes,Yes, , , ,Yes,,,SHELTER,,Risk Shelter Inventory,Critical Community and Emergency Facilities,Regionally Significant,RSI_PT_1181,Orlando,St. Johns River Water Management District,FDEM,Risk Shelter Inventory - General - FDEM,,,,East Central Florida,Central District,Northeast,5,42,17,Not Affected,Not Affected,Not Affected,Not Affected,Not Affected,Not Affected,Not Affected,Not Affected,Not Affected,Not Affected,Not Affected,Not Affected,Not Affected,Not Affected,Not Affected,Low,Low,Low,Medium,Medium,Medium,660505.3495,509526.0754
1182,1174,Memorial MS,2220 W 29th St,Orlando,32805,Orange,-81.40857804,28.51150801,"-81.40857804, 28.51150801",17R MM 60018 53934,SHELTER,RISK,5,2008,4 Cafeteria,A, ,0,0,558,8725,0,0,558,8725,558, ,No,No,No,Yes,Yes, , , ,Yes,,,SHELTER,,Risk Shelter Inventory,Critical Community and Emergency Facilities,Regionally Significant,RSI_PT_1182,Orlando,South Florida Water Management District,FDEM,Risk Shelter Inventory - General - FDEM,,,,East Central Florida,Central District,Northeast,5,41,15,Not Affected,Not Affected,Not Affected,Not Affected,Not Affected,Not Affected,Not Affected,Not Affected,Not Affected,Not Affected,Not Affected,Not Affected,Not Affected,Not Affected,Not Affected,Not Affected,Not Affected,Not Affected,Not Affected,Not Affected,Not Affected,653143.1278,503261.9173
1183,1175,Apopka HS,555 Martin St,Apopka,32712,Orange,-81.52204403,28.692271,"-81.52204403, 28.69227100",17R MM 49002 74004,SHELTER,RISK,5,2010,300 Gym,A,300 kW,0,0,645,12895,0,0,645,12895,759, ,No,No,No,Yes,Yes, ,Yes, ,Yes,,,SHELTER,,Risk Shelter Inventory,Critical Community and Emergency Facilities,Regionally Significant,RSI_PT_1174,Apopka,St. Johns River Water Management District,FDEM,Risk Shelter Inventory - General - FDEM,,,,East Central Florida,Central District,Northeast,5,39,15,Not Affected,Not Affected,Not Affected,Not Affected,Not Affected,Not Affected,Not Affected,Not Affected,Not Affected,Not Affected,Not Affected,Not Affected,Not Affected,Not Affected,Not Affected,Not Affected,Not Affected,Not Affected,Not Affected,Not Affected,Not Affected,641657.3597,523104.7139
1184,1176,Union Park MS,1844 Westfall Dr,Orlando,32817,Orange,-81.24962103,28.57178898,"-81.24962103, 28.57178898",17R MM 75587 60570,SHELTER,RISK,5,2007,2 Cafeteria,A,35 kW,324,6471,0,0,0,0,324,6471,324, ,No,No,No,No,Yes, , , , ,,,SHELTER,,Risk Shelter Inventory,Critical Community and Emergency Facilities,Regionally Significant,RSI_PT_1184,,St. Johns River Water Management District,FDEM,Risk Shelter Inventory - General - FDEM,,,,East Central Florida,Central District,Northeast,5,37,17,Not Affected,Not Affected,Not Affected,Not Affected,Not Affected,Not Affected,Not Affected,Not Affected,Not Affected,Not Affected,Not Affected,Not Affected,Not Affected,Not Affected,Not Affected,Not Affected,Not Affected,Not Affected,Not Affected,Not Affected,Not Affected,668519.0458,510291.1237
1185,1177,West Orange Recreation Center,309 SW Crown Point Rd,Winter Garden,34787,Orange,-81.56707027,28.58047465,"-81.56707027, 28.58047465",17R MM 44545 61638,SHELTER,RISK,5,2009,Gym & Rec Center,R, ,0,0,0,0,1130,22600,1130,22600,0, , , , ,No,Yes, , , , ,,,SHELTER,,Risk Shelter Inventory,Critical Community and Emergency Facilities,Regionally Significant,RSI_PT_1185,Winter Garden,St. Johns River Water Management District,FDEM,Risk Shelter Inventory - General - FDEM,,,,East Central Florida,Central District,Northeast,5,39,15,Not Affected,Not Affected,Not Affected,Not Affected,Not Affected,Not Affected,Not Affected,Not Affected,Not Affected,Not Affected,Not Affected,Not Affected,Not Affected,Not Affected,Not Affected,Not Affected,Not Affected,Not Affected,Not Affected,Not Affected,Not Affected,637511.7831,510604.1636
1186,1178,Robinswood MS,6305 Balboa Dr,Orlando,32818,Orange,-81.47070202,28.56037798,"-81.47070202, 28.56037798",17R MM 53960 59371,SHELTER,RISK,5,2008,1 Cafeteria,A, ,0,0,527,10544,0,0,527,10544,266, ,No,No,No,Yes,Yes, , , , ,,,SHELTER,,Risk Shelter Inventory,Critical Community and Emergency Facilities,Regionally Significant,RSI_PT_1186,,St. Johns River Water Management District,FDEM,Risk Shelter Inventory - General - FDEM,,,,East Central Florida,Central District,Northeast,5,40,15,Not Affected,Not Affected,Not Affected,Not Affected,Not Affected,Not Affected,Not Affected,Not Affected,Not Affected,Not Affected,Not Affected,Not Affected,Not Affected,Not Affected,Not Affected,Not Affected,Not Affected,Not Affected,Not Affected,Not Affected,Not Affected,646964.0949,508562.0729
1187,1179,Glenridge MS,2900 Upper Park Rd,Orlando,32814,Orange,-81.33624498,28.57777399,"-81.33624498, 28.57777399",17R MM 67117 61254,SHELTER,RISK,5,2003,5 Cafeteria,A, ,0,0,188,3751,0,0,188,3751,0, ,No,No,No,Yes,Yes, , , ,Yes,,,SHELTER,,Risk Shelter Inventory,Critical Community and Emergency Facilities,Regionally Significant,RSI_PT_1187,Orlando,St. Johns River Water Management District,FDEM,Risk Shelter Inventory - General - FDEM,,,,East Central Florida,Central District,Northeast,5,42,17,Not Affected,Not Affected,Not Affected,Not Affected,Not Affected,Not Affected,Not Affected,Not Affected,Not Affected,Not Affected,Not Affected,Not Affected,Not Affected,Not Affected,Not Affected,Not Affected,Not Affected,Not Affected,Low,Low,Low,660048.9439,510769.9826
1188,1180,Conway MS,4600 Anderson Rd,Orlando,32812,Orange,-81.32848501,28.50127002,"-81.32848501, 28.50127002",17R MM 67853 52776,SHELTER,RISK,5,2009,300 Cafeteria,A, ,0,0,396,7920,0,0,396,7920,195,L,No,No,No,Yes,Yes, , , ,Yes,,,SHELTER,,Risk Shelter Inventory,Critical Community and Emergency Facilities,Regionally Significant,RSI_PT_1188,,St. Johns River Water Management District,FDEM,Risk Shelter Inventory - General - FDEM,,,,East Central Florida,Central District,Northeast,5,42,17,Not Affected,Not Affected,Not Affected,Not Affected,Not Affected,Not Affected,Not Affected,Not Affected,Not Affected,Not Affected,Not Affected,Not Affected,Not Affected,Not Affected,Not Affected,Not Affected,Not Affected,Not Affected,Not Affected,Not Affected,Not Affected,660990.4416,502292.15
1189,1181,University HS,2450 Cougar Way,Orlando,32817,Orange,-81.21559796,28.57782701,"-81.21559796, 28.57782701",17R MM 78915 61232,SHELTER,RISK,5,1991,8 Cafeteria,R,600 kW,0,0,0,0,263,5256,263,5256,0, ,No,No,No,No,Yes, , , , ,,,SHELTER,,Risk Shelter Inventory,Critical Community and Emergency Facilities,Regionally Significant,RSI_PT_1189,,St. Johns River Water Management District,FDEM,Risk Shelter Inventory - General - FDEM,,,,East Central Florida,Central District,Northeast,5,37,17,Not Affected,Not Affected,Not Affected,Not Affected,Not Affected,Not Affected,Not Affected,Not Affected,Not Affected,Not Affected,Not Affected,Not Affected,Not Affected,Not Affected,Not Affected,Not Affected,Not Affected,Not Affected,Not Affected,Not Affected,Not Affected,671825.0115,511036.0534
1190,1182,Freedom HS,2500 W Taft Vineland Rd,Orlando,32837,Orange,-81.412138,28.415275,"-81.41213800, 28.41527500",17R MM 59633 43274,SHELTER,RISK,5,2003,5 Classroom,A,600 kW,164,3284,0,0,0,0,164,3284,0, ,No,No,No,No,Yes, , , , ,,,SHELTER,,Risk Shelter Inventory,Critical Community and Emergency Facilities,Regionally Significant,RSI_PT_1176,,South Florida Water Management District,FDEM,Risk Shelter Inventory - General - FDEM,,,,East Central Florida,Central District,Northeast,5,44,25,Not Affected,Not Affected,Not Affected,Not Affected,Not Affected,Not Affected,Not Affected,Not Affected,Not Affected,Not Affected,Not Affected,Not Affected,Not Affected,Not Affected,Not Affected,Not Affected,Not Affected,Not Affected,Not Affected,Not Affected,Not Affected,653019.6896,492569.6778
1191,1183,Lockhart MS,3411 Doctor Love Rd,Orlando,32810,Orange,-81.4207966,28.6195737,"-81.42079660, 28.61957370",17R MM 58865 65911,SHELTER,RISK,5,2008,3 Cafeteria,A, ,0,0,415,8301,0,0,415,8301,289, ,No,No,No,Yes,Yes, , , , ,,,SHELTER,,Risk Shelter Inventory,Critical Community and Emergency Facilities,Regionally Significant,RSI_PT_1191,,St. Johns River Water Management District,FDEM,Risk Shelter Inventory - General - FDEM,,,,East Central Florida,Central District,Northeast,5,40,15,Not Affected,Not Affected,Not Affected,Not Affected,Not Affected,Not Affected,Not Affected,Not Affected,Not Affected,Not Affected,Not Affected,Not Affected,Not Affected,Not Affected,Not Affected,Medium,Medium,Medium,Medium,Medium,Medium,651698.7347,515235.5713
1192,1184,Meadowbrook MS,6000 N Ln,Orlando,32808,Orange,-81.45152,28.57878,"-81.45152000, 28.57878000",17R MM 55844 61402,SHELTER,RISK,5,2005,3 Gym,A,150 kW,0,0,576,11521,0,0,576,11521,0, ,No,No,No,Yes,Yes, , , , ,,,SHELTER,,Risk Shelter Inventory,Critical Community and Emergency Facilities,Regionally Significant,RSI_PT_1192,,St. Johns River Water Management District,FDEM,Risk Shelter Inventory - General - FDEM,,,,East Central Florida,Central District,Northeast,5,40,15,Not Affected,Not Affected,Not Affected,Not Affected,Not Affected,Not Affected,Not Affected,Not Affected,Not Affected,Not Affected,Not Affected,Not Affected,Not Affected,Not Affected,Not Affected,Not Affected,Not Affected,Not Affected,Not Affected,Not Affected,Not Affected,648794.5557,510643.8453
1193,1185,Freedom MS,2850 W Taft Vineland Rd,Orlando,32837,Orange,-81.41742204,28.41505799,"-81.41742204, 28.41505799",17R MM 59116 43252,SHELTER,RISK,5,2005,3 Gym,A,150 kW,0,0,600,11998,0,0,600,11998,600, ,No,No,No,Yes,Yes, , , , ,,,SHELTER,,Risk Shelter Inventory,Critical Community and Emergency Facilities,Regionally Significant,RSI_PT_1193,,South Florida Water Management District,FDEM,Risk Shelter Inventory - General - FDEM,,,,East Central Florida,Central District,Northeast,5,44,25,Not Affected,Not Affected,Not Affected,Not Affected,Not Affected,Not Affected,Not Affected,Not Affected,Not Affected,Not Affected,Not Affected,Not Affected,Not Affected,Not Affected,Not Affected,Not Affected,Not Affected,Not Affected,Not Affected,Not Affected,Not Affected,652503.6407,492534.7522
1194,1186,Wekiva HS,2501 Hiawassee Rd,Apopka,32703,Orange,-81.47342002,28.638378,"-81.47342002, 28.63837800",17R MM 53729 68013,SHELTER,RISK,5,2007,3 Gym,A,300 kW,0,0,963,19258,0,0,963,19258,963, ,No,No,No,Yes,Yes, , , , ,,,SHELTER,,Risk Shelter Inventory,Critical Community and Emergency Facilities,Regionally Significant,RSI_PT_1194,,St. Johns River Water Management District,FDEM,Risk Shelter Inventory - General - FDEM,,,,East Central Florida,Central District,Northeast,5,39,15,Not Affected,Not Affected,Not Affected,Not Affected,Not Affected,Not Affected,Not Affected,Not Affected,Not Affected,Not Affected,Not Affected,Not Affected,Not Affected,Not Affected,Not Affected,Low,Low,Low,Low,Low,Low,646521.2737,517217.13
1195,1187,Edgewater HS,3100 Edgewater Dr,Orlando,32804,Orange,-81.391371,28.58019402,"-81.39137100, 28.58019402",17R MM 61727 61538,SHELTER,RISK,5,2011,400 Cafeteria,A,350 kW,384,7680,0,0,0,0,384,7680,384, ,No,No,No,No,Yes, , , , ,,,SHELTER,,Risk Shelter Inventory,Critical Community and Emergency Facilities,Regionally Significant,RSI_PT_1195,Orlando,St. Johns River Water Management District,FDEM,Risk Shelter Inventory - General - FDEM,,,,East Central Florida,Central District,Northeast,5,40,15,Not Affected,Not Affected,Not Affected,Not Affected,Not Affected,Not Affected,Not Affected,Not Affected,Not Affected,Not Affected,Not Affected,Not Affected,Not Affected,Not Affected,Not Affected,Not Affected,Not Affected,Not Affected,Not Affected,Not Affected,Not Affected,654662.3958,510923.6308
1196,1188,Glenridge MS,2900 Upper Park Rd,Orlando,32814,Orange,-81.33624498,28.57777399,"-81.33624498, 28.57777399",17R MM 67117 61254,SHELTER,RISK,5,2003,4 Gym,A, ,0,0,660,13204,0,0,660,13204,0, ,No,No,No,Yes,Yes, , , ,Yes,,,SHELTER,,Risk Shelter Inventory,Critical Community and Emergency Facilities,Regionally Significant,RSI_PT_1187,Orlando,St. Johns River Water Management District,FDEM,Risk Shelter Inventory - General - FDEM,,,,East Central Florida,Central District,Northeast,5,42,17,Not Affected,Not Affected,Not Affected,Not Affected,Not Affected,Not Affected,Not Affected,Not Affected,Not Affected,Not Affected,Not Affected,Not Affected,Not Affected,Not Affected,Not Affected,Not Affected,Not Affected,Not Affected,Low,Low,Low,660048.9439,510769.9826
1197,1189,Odyssey MS,9290 Lee Vista Blvd,Orlando,32829,Orange,-81.25731503,28.475014,"-81.25731503, 28.47501400",17R MM 74811 49850,SHELTER,RISK,5,2000,3 Gym,A, ,0,0,602,12045,0,0,602,12045,602, ,No,No,No,Yes,Yes, , , ,Yes,,,SHELTER,,Risk Shelter Inventory,Critical Community and Emergency Facilities,Regionally Significant,RSI_PT_1197,Orlando,St. Johns River Water Management District,FDEM,Risk Shelter Inventory - General - FDEM,,,,East Central Florida,Central District,Northeast,5,43,17,Not Affected,Not Affected,Not Affected,Not Affected,Not Affected,Not Affected,Not Affected,Not Affected,Not Affected,Not Affected,Not Affected,Not Affected,Not Affected,Not Affected,Not Affected,Not Affected,Not Affected,Not Affected,Not Affected,Not Affected,Not Affected,668007.0243,499529.6111
1198,1190,Wolf Lake MS,1725 W Ponkan Rd,Apopka,32712,Orange,-81.54089401,28.73009899,"-81.54089401, 28.73009899",17R MM 47180 78203,SHELTER,RISK,5,2006,3 Gym,A, ,0,0,559,11178,0,0,559,11178,0, ,No,No,No,Yes,Yes, , , ,Yes,,,SHELTER,,Risk Shelter Inventory,Critical Community and Emergency Facilities,Regionally Significant,RSI_PT_1198,Apopka,St. Johns River Water Management District,FDEM,Risk Shelter Inventory - General - FDEM,,,,East Central Florida,Central District,Northeast,5,39,15,Not Affected,Not Affected,Not Affected,Not Affected,Not Affected,Not Affected,Not Affected,Not Affected,Not Affected,Not Affected,Not Affected,Not Affected,Not Affected,Not Affected,Not Affected,Medium,Medium,Medium,Medium,Medium,Medium,639735.5318,527268.0265
1199,1191,Ocoee MS,300 S Bluford Ave,Ocoee,34761,Orange,-81.54342098,28.56672501,"-81.54342098, 28.56672501",17R MM 46851 60104,SHELTER,RISK,5,1999,2 Admin / Classroom,A, ,142,2849,0,0,0,0,142,2849,0, ,No,No,No,No,Yes, , , , ,,,SHELTER,,Risk Shelter Inventory,Critical Community and Emergency Facilities,Regionally Significant,RSI_PT_1199,Ocoee,St. Johns River Water Management District,FDEM,Risk Shelter Inventory - General - FDEM,,,,East Central Florida,Central District,Northeast,5,39,15,Not Affected,Not Affected,Not Affected,Not Affected,Not Affected,Not Affected,Not Affected,Not Affected,Not Affected,Not Affected,Not Affected,Not Affected,Not Affected,Not Affected,Not Affected,Not Affected,Not Affected,Not Affected,Not Affected,Not Affected,Not Affected,639850.6288,509123.264
1200,1192,Blankner School,2500 S Mills Ave,Orlando,32806,Orange,-81.36493397,28.51495201,"-81.36493397, 28.51495201",17R MM 64290 54302,SHELTER,RISK,5,2001,2 Gym,A, ,0,0,606,12110,0,0,606,12110,0, ,No,No,No,Yes,Yes, , , , ,,,SHELTER,,Risk Shelter Inventory,Critical Community and Emergency Facilities,Regionally Significant,RSI_PT_1200,Orlando,St. Johns River Water Management District,FDEM,Risk Shelter Inventory - General - FDEM,,,,East Central Florida,Central District,Northeast,5,42,17,Not Affected,Not Affected,Not Affected,Not Affected,Not Affected,Not Affected,Not Affected,Not Affected,Not Affected,Not Affected,Not Affected,Not Affected,Not Affected,Not Affected,Not Affected,Not Affected,Not Affected,Not Affected,Not Affected,Not Affected,Not Affected,657397.6838,503734.6549
1201,1193,Meadow Woods Park Recreation Center,1751 Rhode Island Woods Cir,Orlando,32824,Orange,-81.34386203,28.373642,"-81.34386203, 28.37364200",17R MM 66307 38641,SHELTER,RISK,5,2009,Gym & Rec Center,R, ,0,0,0,0,1130,22600,1130,22600,0, , , , ,No,Yes, , , , ,,,SHELTER,,Risk Shelter Inventory,Critical Community and Emergency Facilities,Regionally Significant,RSI_PT_1201,,South Florida Water Management District,FDEM,Risk Shelter Inventory - General - FDEM,,,,East Central Florida,Central District,Northeast,5,44,25,Not Affected,Not Affected,Not Affected,Not Affected,Not Affected,Not Affected,Not Affected,Not Affected,Not Affected,Not Affected,Not Affected,Not Affected,Not Affected,Not Affected,Not Affected,Not Affected,Not Affected,Not Affected,Not Affected,Not Affected,Not Affected,659793.7114,488089.065
1202,1194,Lake Nona HS,12500 Narcoossee Rd,Orlando,32832,Orange,-81.24547299,28.38071,"-81.24547299, 28.38071000",17R MM 75949 39401,SHELTER,RISK,5,2009,7 Cafeteria,A, ,0,0,458,9158,0,0,458,9158,458, ,No,No,No,Yes,Yes, , , ,Yes,,,SHELTER,,Risk Shelter Inventory,Critical Community and Emergency Facilities,Regionally Significant,RSI_PT_1202,Orlando,South Florida Water Management District,FDEM,Risk Shelter Inventory - General - FDEM,,,,East Central Florida,Central District,Northeast,5,35,17,Not Affected,Not Affected,Not Affected,Not Affected,Not Affected,Not Affected,Not Affected,Not Affected,Not Affected,Not Affected,Not Affected,Not Affected,Not Affected,Not Affected,Not Affected,Not Affected,Not Affected,Not Affected,Not Affected,Not Affected,Not Affected,669397.9229,489084.9385
1203,1195,West Orange HS,1627 Beaulah Rd,Winter Garden,32787,Orange,-81.56952387,28.54347909,"-81.56952387, 28.54347909",17R MM 44285 57541,SHELTER,RISK,5,2008,6 Classroom,A,335 kW,93,1854,0,0,0,0,93,1854,0, ,No,No,No,No,Yes, , , , ,,,SHELTER,,Risk Shelter Inventory,Critical Community and Emergency Facilities,Regionally Significant,RSI_PT_1203,,St. Johns River Water Management District,FDEM,Risk Shelter Inventory - General - FDEM,,,,East Central Florida,Central District,Northeast,5,45,13,Not Affected,Not Affected,Not Affected,Not Affected,Not Affected,Not Affected,Not Affected,Not Affected,Not Affected,Not Affected,Not Affected,Not Affected,Not Affected,Not Affected,Not Affected,Not Affected,Not Affected,Not Affected,Not Affected,Not Affected,Not Affected,637353.2568,506491.6718
1204,1196,Timber Creek HS,1001 Avalon Park S Blvd,Orlando,32828,Orange,-81.1498982,28.53166213,"-81.14989820, 28.53166213",17R MM 85334 56108,SHELTER,RISK,5,1999,7 Cafeteria,A,300 kW,0,0,384,7679,0,0,384,7679,384, ,No,No,No,Yes,Yes, , , , ,,,SHELTER,,Risk Shelter Inventory,Critical Community and Emergency Facilities,Regionally Significant,RSI_PT_1204,,St. Johns River Water Management District,FDEM,Risk Shelter Inventory - General - FDEM,,,,East Central Florida,Central District,Northeast,5,35,17,Not Affected,Not Affected,Not Affected,Not Affected,Not Affected,Not Affected,Not Affected,Not Affected,Not Affected,Not Affected,Not Affected,Not Affected,Not Affected,Not Affected,Not Affected,Not Affected,Not Affected,Not Affected,Not Affected,Not Affected,Not Affected,678356.2529,506057.0796
1205,1197,Dr. Phillips HS,6500 Turkey Lake Rd,Orlando,32819,Orange,-81.478291,28.47276899,"-81.47829100, 28.47276899",17R MM 53179 49668,SHELTER,RISK,5,1986,600 Gym,R, ,0,0,710,14190,0,0,710,14190,710, ,No,No,No,Yes,Yes, ,Yes, ,Yes,,,SHELTER,,Risk Shelter Inventory,Critical Community and Emergency Facilities,Regionally Significant,RSI_PT_1205,Orlando,South Florida Water Management District,FDEM,Risk Shelter Inventory - General - FDEM,,,,East Central Florida,Central District,Northeast,5,44,15,Not Affected,Not Affected,Not Affected,Not Affected,Not Affected,Not Affected,Not Affected,Not Affected,Not Affected,Not Affected,Not Affected,Not Affected,Not Affected,Not Affected,Not Affected,Not Affected,Not Affected,Not Affected,Not Affected,Not Affected,Not Affected,646422.1494,498819.424
1206,1198,Wolf Lake MS,1725 W Ponkan Rd,Apopka,32712,Orange,-81.54089401,28.73009899,"-81.54089401, 28.73009899",17R MM 47180 78203,SHELTER,RISK,5,2006,4 Cafeteria,A, ,0,0,454,9084,0,0,454,9084,454, ,No,No,No,Yes,Yes, , , ,Yes,,,SHELTER,,Risk Shelter Inventory,Critical Community and Emergency Facilities,Regionally Significant,RSI_PT_1198,Apopka,St. Johns River Water Management District,FDEM,Risk Shelter Inventory - General - FDEM,,,,East Central Florida,Central District,Northeast,5,39,15,Not Affected,Not Affected,Not Affected,Not Affected,Not Affected,Not Affected,Not Affected,Not Affected,Not Affected,Not Affected,Not Affected,Not Affected,Not Affected,Not Affected,Not Affected,Medium,Medium,Medium,Medium,Medium,Medium,639735.5318,527268.0265
1207,1199,Wekiva HS,2501 Hiawassee Rd,Apopka,32703,Orange,-81.47342002,28.638378,"-81.47342002, 28.63837800",17R MM 53729 68013,SHELTER,RISK,5,2007,7 Cafeteria,A,300 kW,0,0,468,9355,0,0,468,9355,468, ,No,No,A,Yes,Yes, , , , ,,,SHELTER,,Risk Shelter Inventory,Critical Community and Emergency Facilities,Regionally Significant,RSI_PT_1194,,St. Johns River Water Management District,FDEM,Risk Shelter Inventory - General - FDEM,,,,East Central Florida,Central District,Northeast,5,39,15,Not Affected,Not Affected,Not Affected,Not Affected,Not Affected,Not Affected,Not Affected,Not Affected,Not Affected,Not Affected,Not Affected,Not Affected,Not Affected,Not Affected,Not Affected,Low,Low,Low,Low,Low,Low,646521.2737,517217.13
1208,1200,Edgewater HS,3100 Edgewater Dr,Orlando,32804,Orange,-81.391371,28.58019402,"-81.39137100, 28.58019402",17R MM 61727 61538,SHELTER,RISK,5,2010,6 Gym,A, ,0,0,737,14731,0,0,737,14731,566, ,No,No,No,Yes,Yes, ,Yes, , ,,,SHELTER,,Risk Shelter Inventory,Critical Community and Emergency Facilities,Regionally Significant,RSI_PT_1195,Orlando,St. Johns River Water Management District,FDEM,Risk Shelter Inventory - General - FDEM,,,,East Central Florida,Central District,Northeast,5,40,15,Not Affected,Not Affected,Not Affected,Not Affected,Not Affected,Not Affected,Not Affected,Not Affected,Not Affected,Not Affected,Not Affected,Not Affected,Not Affected,Not Affected,Not Affected,Not Affected,Not Affected,Not Affected,Not Affected,Not Affected,Not Affected,654662.3958,510923.6308
1209,1201,Oak Ridge HS,700 W Oak Ridge Rd,Orlando,32809,Orange,-81.38599401,28.470052,"-81.38599401, 28.47005200",17R MM 62213 49334,SHELTER,RISK,5,2011,7 Gym,A, ,0,0,759,15170,0,0,759,15170,468, ,No,No,No,Yes,Yes, ,Yes, ,Yes,,,SHELTER,,Risk Shelter Inventory,Critical Community and Emergency Facilities,Regionally Significant,RSI_PT_1209,,St. Johns River Water Management District,FDEM,Risk Shelter Inventory - General - FDEM,,,,East Central Florida,Central District,Northeast,5,42,15,Not Affected,Not Affected,Not Affected,Not Affected,Not Affected,Not Affected,Not Affected,Not Affected,Not Affected,Not Affected,Not Affected,Not Affected,Not Affected,Not Affected,Not Affected,Not Affected,Not Affected,Not Affected,Low,Low,Low,655446.5073,498705.5665
1210,1202,Meadowbrook MS,6000 N Ln,Orlando,32808,Orange,-81.45152,28.57878,"-81.45152000, 28.57878000",17R MM 55844 61402,SHELTER,RISK,5,2005,4 Cafeteria,A,150 kW,0,0,462,9246,0,0,462,9246,368, ,No,No,No,Yes,Yes, , , , ,,,SHELTER,,Risk Shelter Inventory,Critical Community and Emergency Facilities,Regionally Significant,RSI_PT_1192,,St. Johns River Water Management District,FDEM,Risk Shelter Inventory - General - FDEM,,,,East Central Florida,Central District,Northeast,5,40,15,Not Affected,Not Affected,Not Affected,Not Affected,Not Affected,Not Affected,Not Affected,Not Affected,Not Affected,Not Affected,Not Affected,Not Affected,Not Affected,Not Affected,Not Affected,Not Affected,Not Affected,Not Affected,Not Affected,Not Affected,Not Affected,648794.5557,510643.8453
1211,1203,Evans HS,4949 Silver Star Rd,Orlando,32808,Orange,-81.44907101,28.58116799,"-81.44907101, 28.58116799",17R MM 56085 61666,SHELTER,RISK,5,2011,400 Gym,A,400 kW,0,0,756,15126,0,0,756,15126,0, ,No,No,No,Yes,Yes, ,Yes, , ,,,SHELTER,,Risk Shelter Inventory,Critical Community and Emergency Facilities,Regionally Significant,RSI_PT_1211,,St. Johns River Water Management District,FDEM,Risk Shelter Inventory - General - FDEM,,,,East Central Florida,Central District,Northeast,5,40,15,Not Affected,Not Affected,Not Affected,Not Affected,Not Affected,Not Affected,Not Affected,Not Affected,Not Affected,Not Affected,Not Affected,Not Affected,Not Affected,Not Affected,Not Affected,Not Affected,Not Affected,Low,Low,Low,Low,649028.1178,510913.9318
1212,1204,Lakeview MS,1200 W ay St,Winter Garden,34787,Orange,-81.58512,28.560925,"-81.58512000, 28.56092500",17R MM 42769 59481,SHELTER,RISK,5,2004,2 Gym,A, ,0,0,604,12083,0,0,604,12083,0, ,No,No,No,Yes,Yes, , , , ,,,SHELTER,,Risk Shelter Inventory,Critical Community and Emergency Facilities,Regionally Significant,RSI_PT_1212,Winter Garden,St. Johns River Water Management District,FDEM,Risk Shelter Inventory - General - FDEM,,,,East Central Florida,Central District,Northeast,5,39,15,Not Affected,Not Affected,Not Affected,Not Affected,Not Affected,Not Affected,Not Affected,Not Affected,Not Affected,Not Affected,Not Affected,Not Affected,Not Affected,Not Affected,Not Affected,Not Affected,Low,Not Affected,Medium,Medium,Not Affected,635792.4402,508398.8459
1213,1205,Timber Creek HS,1001 Avalon Park S Blvd,Orlando,32828,Orange,-81.1498982,28.53166213,"-81.14989820, 28.53166213",17R MM 85334 56108,SHELTER,RISK,5,1999,5 Classroom,A,300 kW,164,3284,0,0,0,0,164,3284,0, ,No,No,No,No,Yes, , , , ,,,SHELTER,,Risk Shelter Inventory,Critical Community and Emergency Facilities,Regionally Significant,RSI_PT_1204,,St. Johns River Water Management District,FDEM,Risk Shelter Inventory - General - FDEM,,,,East Central Florida,Central District,Northeast,5,35,17,Not Affected,Not Affected,Not Affected,Not Affected,Not Affected,Not Affected,Not Affected,Not Affected,Not Affected,Not Affected,Not Affected,Not Affected,Not Affected,Not Affected,Not Affected,Not Affected,Not Affected,Not Affected,Not Affected,Not Affected,Not Affected,678356.2529,506057.0796
1214,1206,Freedom MS,2850 W Taft Vineland Rd,Orlando,32837,Orange,-81.41742204,28.41505799,"-81.41742204, 28.41505799",17R MM 59116 43252,SHELTER,RISK,5,2005,4 Cafeteria,A,150 kW,0,0,451,9029,0,0,451,9029,451, ,No,No,No,Yes,Yes, , , , ,,,SHELTER,,Risk Shelter Inventory,Critical Community and Emergency Facilities,Regionally Significant,RSI_PT_1193,,South Florida Water Management District,FDEM,Risk Shelter Inventory - General - FDEM,,,,East Central Florida,Central District,Northeast,5,44,25,Not Affected,Not Affected,Not Affected,Not Affected,Not Affected,Not Affected,Not Affected,Not Affected,Not Affected,Not Affected,Not Affected,Not Affected,Not Affected,Not Affected,Not Affected,Not Affected,Not Affected,Not Affected,Not Affected,Not Affected,Not Affected,652503.6407,492534.7522
1215,1207,Ocoee MS,300 S Bluford Ave,Ocoee,34761,Orange,-81.54342098,28.56672501,"-81.54342098, 28.56672501",17R MM 46851 60104,SHELTER,RISK,5,1999,1 Classroom,A, ,307,6144,0,0,0,0,307,6144,0, ,No,No,No,No,Yes, , , , ,,,SHELTER,,Risk Shelter Inventory,Critical Community and Emergency Facilities,Regionally Significant,RSI_PT_1199,Ocoee,St. Johns River Water Management District,FDEM,Risk Shelter Inventory - General - FDEM,,,,East Central Florida,Central District,Northeast,5,39,15,Not Affected,Not Affected,Not Affected,Not Affected,Not Affected,Not Affected,Not Affected,Not Affected,Not Affected,Not Affected,Not Affected,Not Affected,Not Affected,Not Affected,Not Affected,Not Affected,Not Affected,Not Affected,Not Affected,Not Affected,Not Affected,639850.6288,509123.264
1216,1208,Silver Star Community Park,2801 N Apopka Vineland Rd,Orlando,32818,Orange,-81.49101699,28.581686,"-81.49101699, 28.58168600",17R MM 51983 61739,SHELTER,RISK,5,2009,Gym & Rec Center,R, ,0,0,0,0,1130,22600,1130,22600,0, , , , ,No,Yes, , , , ,,,SHELTER,,Risk Shelter Inventory,Critical Community and Emergency Facilities,Regionally Significant,RSI_PT_1216,,St. Johns River Water Management District,FDEM,Risk Shelter Inventory - General - FDEM,,,,East Central Florida,Central District,Northeast,5,40,15,Not Affected,Not Affected,Not Affected,Not Affected,Not Affected,Not Affected,Not Affected,Not Affected,Not Affected,Not Affected,Not Affected,Not Affected,Not Affected,Not Affected,Not Affected,Not Affected,Not Affected,Not Affected,Not Affected,Not Affected,Not Affected,644932.6452,510887.4352
1217,1209,Bridgewater MS,5600 Tiny Rd,Winter Garden,34787,Orange,-81.61376602,28.48017398,"-81.61376602, 28.48017398",17R MM 39921 50549,SHELTER,RISK,5,2007,3 Gym,A, ,0,0,613,12251,0,0,613,12251,613,L,No,No,No,Yes,Yes, , , ,Yes,,,SHELTER,,Risk Shelter Inventory,Critical Community and Emergency Facilities,Regionally Significant,RSI_PT_1217,,South Florida Water Management District,FDEM,Risk Shelter Inventory - General - FDEM,,,,East Central Florida,Central District,Northeast,5,45,13,Not Affected,Not Affected,Not Affected,Not Affected,Not Affected,Not Affected,Not Affected,Not Affected,Not Affected,Not Affected,Not Affected,Not Affected,Not Affected,Not Affected,Not Affected,Not Affected,Not Affected,Not Affected,Not Affected,Not Affected,Not Affected,633169.2767,499378.1894
1218,1210,Evans HS,4949 Silver Star Rd,Orlando,32808,Orange,-81.44907101,28.58116799,"-81.44907101, 28.58116799",17R MM 56085 61666,SHELTER,RISK,5,2011,300 Cafeteria,A,400 kW,0,0,596,11919,0,0,596,11919,0, ,No,No,No,Yes,Yes, , , ,Yes,,,SHELTER,,Risk Shelter Inventory,Critical Community and Emergency Facilities,Regionally Significant,RSI_PT_1211,,St. Johns River Water Management District,FDEM,Risk Shelter Inventory - General - FDEM,,,,East Central Florida,Central District,Northeast,5,40,15,Not Affected,Not Affected,Not Affected,Not Affected,Not Affected,Not Affected,Not Affected,Not Affected,Not Affected,Not Affected,Not Affected,Not Affected,Not Affected,Not Affected,Not Affected,Not Affected,Not Affected,Low,Low,Low,Low,649028.1178,510913.9318
1219,1211,Legacy MS,11398 Lake Underhill Rd,Orlando,32825,Orange,-81.21884896,28.54493399,"-81.21884896, 28.54493399",17R MM 78591 57589,SHELTER,RISK,5,2005,3 Gym,A,150 kW,0,0,603,12053,0,0,603,12053,603, ,No,No,No,Yes,Yes, , , , ,,,SHELTER,,Risk Shelter Inventory,Critical Community and Emergency Facilities,Regionally Significant,RSI_PT_1179,,St. Johns River Water Management District,FDEM,Risk Shelter Inventory - General - FDEM,,,,East Central Florida,Central District,Northeast,5,35,17,Not Affected,Not Affected,Not Affected,Not Affected,Not Affected,Not Affected,Not Affected,Not Affected,Not Affected,Not Affected,Not Affected,Not Affected,Not Affected,Not Affected,Not Affected,Not Affected,Not Affected,Not Affected,Not Affected,Not Affected,Not Affected,671590.068,507376.8639
1220,1212,West Orange HS,1625 Beaulah Rd,Winter Garden,32787,Orange,-81.56790896,28.54056002,"-81.56790896, 28.54056002",17R MM 44442 57216,SHELTER,RISK,5,2008,3 Gym,A,335 kW,0,0,906,18122,0,0,906,18122,0,L,No,No,No,Yes,Yes, ,Yes, , ,,,SHELTER,,Risk Shelter Inventory,Critical Community and Emergency Facilities,Regionally Significant,RSI_PT_1173,,St. Johns River Water Management District,FDEM,Risk Shelter Inventory - General - FDEM,,,,East Central Florida,Central District,Northeast,5,45,13,Not Affected,Not Affected,Not Affected,Not Affected,Not Affected,Not Affected,Not Affected,Not Affected,Not Affected,Not Affected,Not Affected,Not Affected,Not Affected,Not Affected,Not Affected,Not Affected,Not Affected,Not Affected,Not Affected,Not Affected,Not Affected,637517.3368,506170.6641
1221,1213,South Econ Community Park,3850 S Econlockhatchee Trail,Orlando,32829,Orange,-81.25862797,28.49691,"-81.25862797, 28.49691000",17R MM 74688 52276,SHELTER,RISK,5,2009,Gym & Rec Center,R, ,0,0,0,0,1130,22600,1130,22600,0, , , , ,No,Yes, , , , ,,,SHELTER,,Risk Shelter Inventory,Critical Community and Emergency Facilities,Regionally Significant,RSI_PT_1221,,St. Johns River Water Management District,FDEM,Risk Shelter Inventory - General - FDEM,,,,East Central Florida,Central District,Northeast,5,43,17,Not Affected,Not Affected,Not Affected,Not Affected,Not Affected,Not Affected,Not Affected,Not Affected,Not Affected,Not Affected,Not Affected,Not Affected,Not Affected,Not Affected,Not Affected,Not Affected,Not Affected,Not Affected,Not Affected,Not Affected,Not Affected,667824.695,501957.8456
1222,1214,Bridgewater MS,5600 Tiny Rd,Winter Garden,34787,Orange,-81.61376602,28.48017398,"-81.61376602, 28.48017398",17R MM 39921 50549,SHELTER,RISK,5,2007,4 Cafeteria,A, ,0,0,448,8954,0,0,448,8954,448,L,No,No,No,Yes,Yes, , , ,Yes,,,SHELTER,,Risk Shelter Inventory,Critical Community and Emergency Facilities,Regionally Significant,RSI_PT_1217,,South Florida Water Management District,FDEM,Risk Shelter Inventory - General - FDEM,,,,East Central Florida,Central District,Northeast,5,45,13,Not Affected,Not Affected,Not Affected,Not Affected,Not Affected,Not Affected,Not Affected,Not Affected,Not Affected,Not Affected,Not Affected,Not Affected,Not Affected,Not Affected,Not Affected,Not Affected,Not Affected,Not Affected,Not Affected,Not Affected,Not Affected,633169.2767,499378.1894
1223,1215,South Creek MS,3801 E Wetherbee Rd,Orlando,32824,Orange,-81.34502703,28.39431999,"-81.34502703, 28.39431999",17R MM 66200 40932,SHELTER,RISK,5,2006,4 Cafeteria,A, ,0,0,470,9391,0,0,470,9391,470, ,No,No,No,Yes,Yes, , , ,Yes,,,SHELTER,,Risk Shelter Inventory,Critical Community and Emergency Facilities,Regionally Significant,RSI_PT_1177,,South Florida Water Management District,FDEM,Risk Shelter Inventory - General - FDEM,,,,East Central Florida,Central District,Northeast,5,44,25,Not Affected,Not Affected,Not Affected,Not Affected,Not Affected,Not Affected,Not Affected,Not Affected,Not Affected,Not Affected,Not Affected,Not Affected,Not Affected,Not Affected,Not Affected,Not Affected,Not Affected,Not Affected,Not Affected,Not Affected,Not Affected,659630.3431,490382.5089
1224,1216,Avalon MS,13914 Mailer Blvd,Orlando,32828,Orange,-81.15177002,28.50014801,"-81.15177002, 28.50014801",17R MM 85147 52617,SHELTER,RISK,5,2006,3 Gym,A,150 kW,0,0,615,12295,0,0,615,12295,0, ,No,No,No,Yes,Yes, , , , ,,,SHELTER,,Risk Shelter Inventory,Critical Community and Emergency Facilities,Regionally Significant,RSI_PT_1171,,St. Johns River Water Management District,FDEM,Risk Shelter Inventory - General - FDEM,,,,East Central Florida,Central District,Northeast,5,35,17,Not Affected,Not Affected,Not Affected,Not Affected,Not Affected,Not Affected,Not Affected,Not Affected,Not Affected,Not Affected,Not Affected,Not Affected,Not Affected,Not Affected,Not Affected,Not Affected,Not Affected,Not Affected,Not Affected,Not Affected,Not Affected,678254.3031,502553.9566
1225,1217,Timber Creek HS,1001 Avalon Park S Blvd,Orlando,32828,Orange,-81.1498982,28.53166213,"-81.14989820, 28.53166213",17R MM 85334 56108,SHELTER,RISK,5,1999,6 Classroom,A,300 kW,58,1162,0,0,0,0,58,1162,0, ,No,No,No,No,Yes, , , , ,,,SHELTER,,Risk Shelter Inventory,Critical Community and Emergency Facilities,Regionally Significant,RSI_PT_1204,,St. Johns River Water Management District,FDEM,Risk Shelter Inventory - General - FDEM,,,,East Central Florida,Central District,Northeast,5,35,17,Not Affected,Not Affected,Not Affected,Not Affected,Not Affected,Not Affected,Not Affected,Not Affected,Not Affected,Not Affected,Not Affected,Not Affected,Not Affected,Not Affected,Not Affected,Not Affected,Not Affected,Not Affected,Not Affected,Not Affected,Not Affected,678356.2529,506057.0796
1226,1218,Stonewall Jackson MS,6000 Stonewall Jackson Rd,Orlando,32807,Orange,-81.30378799,28.531152,"-81.30378799, 28.53115200",17R MM 70278 56080,SHELTER,RISK,5,2006,8 Cafeteria,A, ,0,0,485,9709,0,0,485,9709,485, ,No,No,No,Yes,Yes, , , ,Yes,,,SHELTER,,Risk Shelter Inventory,Critical Community and Emergency Facilities,Regionally Significant,RSI_PT_1226,Orlando,St. Johns River Water Management District,FDEM,Risk Shelter Inventory - General - FDEM,,,,East Central Florida,Central District,Northeast,5,43,17,Not Affected,Not Affected,Not Affected,Not Affected,Not Affected,Not Affected,Not Affected,Not Affected,Not Affected,Not Affected,Not Affected,Not Affected,Not Affected,Not Affected,Not Affected,Not Affected,Not Affected,Not Affected,Not Affected,Not Affected,Not Affected,663330.2518,505662.4441
1227,1219,Oak Ridge HS,700 W Oak Ridge Rd,Orlando,32809,Orange,-81.38599401,28.470052,"-81.38599401, 28.47005200",17R MM 62213 49334,SHELTER,RISK,5,2011,3 Cafeteria,A, ,0,0,605,12093,0,0,605,12093,0, ,No,No,No,Yes,Yes, , , , ,,,SHELTER,,Risk Shelter Inventory,Critical Community and Emergency Facilities,Regionally Significant,RSI_PT_1209,,St. Johns River Water Management District,FDEM,Risk Shelter Inventory - General - FDEM,,,,East Central Florida,Central District,Northeast,5,42,15,Not Affected,Not Affected,Not Affected,Not Affected,Not Affected,Not Affected,Not Affected,Not Affected,Not Affected,Not Affected,Not Affected,Not Affected,Not Affected,Not Affected,Not Affected,Not Affected,Not Affected,Not Affected,Low,Low,Low,655446.5073,498705.5665
1228,1220,West Orange HS,1626 Beaulah Rd,Winter Garden,32787,Orange,-81.56939855,28.54096358,"-81.56939855, 28.54096358",17R MM 44296 57262,SHELTER,RISK,5,2008,5 Classroom,A,335 kW,283,5668,0,0,0,0,283,5668,0, ,No,No,No,No,Yes, , , , ,,,SHELTER,,Risk Shelter Inventory,Critical Community and Emergency Facilities,Regionally Significant,RSI_PT_1228,,St. Johns River Water Management District,FDEM,Risk Shelter Inventory - General - FDEM,,,,East Central Florida,Central District,Northeast,5,45,13,Not Affected,Not Affected,Not Affected,Not Affected,Not Affected,Not Affected,Not Affected,Not Affected,Not Affected,Not Affected,Not Affected,Not Affected,Not Affected,Not Affected,Not Affected,Low,Low,Medium,Not Affected,Not Affected,Medium,637370.9997,506212.6052
1229,1221,Ocoee HS,1925 Ocoee Crown Point Pkwy,Ocoee,34761,Orange,-81.55753502,28.60022501,"-81.55753502, 28.60022501",17R MM 45488 63822,SHELTER,RISK,5,2005,7 Cafeteria,A, ,0,0,419,8388,0,0,419,8388,419, ,No,No,AE,Yes,Yes, , , , ,,,SHELTER,,Risk Shelter Inventory,Critical Community and Emergency Facilities,Regionally Significant,RSI_PT_1175,Ocoee,St. Johns River Water Management District,FDEM,Risk Shelter Inventory - General - FDEM,,,,East Central Florida,Central District,Northeast,5,39,15,Not Affected,Not Affected,Not Affected,Not Affected,Not Affected,Not Affected,Not Affected,Not Affected,Not Affected,Not Affected,Not Affected,Not Affected,Not Affected,Not Affected,Not Affected,Not Affected,Not Affected,Not Affected,Not Affected,Not Affected,Not Affected,638399.0875,512815.5185
1230,1222,Walker MS,150 Amidon Ln,Orlando,32809,Orange,-81.37768301,28.46154,"-81.37768301, 28.46154000",17R MM 63024 48389,SHELTER,RISK,5,2010,8 Cafeteria,A, ,0,0,413,8260,0,0,413,8260,186, ,No,No,No,Yes,Yes, , , ,Yes,,,SHELTER,,Risk Shelter Inventory,Critical Community and Emergency Facilities,Regionally Significant,RSI_PT_1230,,St. Johns River Water Management District,FDEM,Risk Shelter Inventory - General - FDEM,,,,East Central Florida,Central District,Northeast,5,44,15,Not Affected,Not Affected,Not Affected,Not Affected,Not Affected,Not Affected,Not Affected,Not Affected,Not Affected,Not Affected,Not Affected,Not Affected,Not Affected,Not Affected,Not Affected,Not Affected,Not Affected,Not Affected,Not Affected,Not Affected,Not Affected,656278.6546,497777.7129
1231,1223,Timber Creek HS,1001 Avalon Park S Blvd,Orlando,32828,Orange,-81.1498982,28.53166213,"-81.14989820, 28.53166213",17R MM 85334 56108,SHELTER,RISK,5,1999,3 Gym,A,300 kW,0,0,959,19185,0,0,959,19185,752, ,No,No,No,Yes,Yes, ,Yes, , ,,,SHELTER,,Risk Shelter Inventory,Critical Community and Emergency Facilities,Regionally Significant,RSI_PT_1204,,St. Johns River Water Management District,FDEM,Risk Shelter Inventory - General - FDEM,,,,East Central Florida,Central District,Northeast,5,35,17,Not Affected,Not Affected,Not Affected,Not Affected,Not Affected,Not Affected,Not Affected,Not Affected,Not Affected,Not Affected,Not Affected,Not Affected,Not Affected,Not Affected,Not Affected,Not Affected,Not Affected,Not Affected,Not Affected,Not Affected,Not Affected,678356.2529,506057.0796
1232,1224,Goldenrod Recreation Center,4863 N Goldenrod Rd,Winter Park,32792,Orange,-81.28408901,28.610017,"-81.28408901, 28.61001700",17R MM 72226 64813,SHELTER,RISK,5,2009,Gym & Rec Center,R, ,0,0,0,0,1130,22600,1130,22600,0, , , , ,No,Yes, , , , ,,,SHELTER,,Risk Shelter Inventory,Critical Community and Emergency Facilities,Regionally Significant,RSI_PT_1232,,St. Johns River Water Management District,FDEM,Risk Shelter Inventory - General - FDEM,,,,East Central Florida,Central District,Northeast,5,37,17,Not Affected,Not Affected,Not Affected,Not Affected,Not Affected,Not Affected,Not Affected,Not Affected,Not Affected,Not Affected,Not Affected,Not Affected,Not Affected,Not Affected,Not Affected,Not Affected,Not Affected,Not Affected,Not Affected,Not Affected,Not Affected,665060.9955,514460.9371
1233,1225,Blankner School,2500 S Mills Ave,Orlando,32806,Orange,-81.36493397,28.51495201,"-81.36493397, 28.51495201",17R MM 64290 54302,SHELTER,RISK,5,2001,1 Cafeteria,A, ,0,0,606,12110,0,0,606,12110,134, ,No,No,No,Yes,Yes, , , , ,,,SHELTER,,Risk Shelter Inventory,Critical Community and Emergency Facilities,Regionally Significant,RSI_PT_1200,Orlando,St. Johns River Water Management District,FDEM,Risk Shelter Inventory - General - FDEM,,,,East Central Florida,Central District,Northeast,5,42,17,Not Affected,Not Affected,Not Affected,Not Affected,Not Affected,Not Affected,Not Affected,Not Affected,Not Affected,Not Affected,Not Affected,Not Affected,Not Affected,Not Affected,Not Affected,Not Affected,Not Affected,Not Affected,Not Affected,Not Affected,Not Affected,657397.6838,503734.6549
1234,1226,Lake Nona HS,12500 Narcoossee Rd,Orlando,32832,Orange,-81.24547299,28.38071,"-81.24547299, 28.38071000",17R MM 75949 39401,SHELTER,RISK,5,2009,3 Gym,A, ,0,0,950,18999,0,0,950,18999,950, ,No,No,No,Yes,Yes, ,Yes, ,Yes,,,SHELTER,,Risk Shelter Inventory,Critical Community and Emergency Facilities,Regionally Significant,RSI_PT_1202,Orlando,South Florida Water Management District,FDEM,Risk Shelter Inventory - General - FDEM,,,,East Central Florida,Central District,Northeast,5,35,17,Not Affected,Not Affected,Not Affected,Not Affected,Not Affected,Not Affected,Not Affected,Not Affected,Not Affected,Not Affected,Not Affected,Not Affected,Not Affected,Not Affected,Not Affected,Not Affected,Not Affected,Not Affected,Not Affected,Not Affected,Not Affected,669397.9229,489084.9385
1235,1227,Kissimmee ES,3700 Donegan Ave,Kissimmee,34741,Osceola,-81.44048199,28.31674301,"-81.44048199, 28.31674301",17R MM 56817 32369,SHELTER,RISK,5,1999,5 Classroom,R, ,0,0,0,0,347,6937,347,6937,232,HB7121,No,No,No,No,Yes, , , , ,,,SHELTER,,Risk Shelter Inventory,Critical Community and Emergency Facilities,Regionally Significant,RSI_PT_1235,Kissimmee,South Florida Water Management District,FDEM,Risk Shelter Inventory - General - FDEM,,,,East Central Florida,Central District,Northeast,5,46,25,Not Affected,Not Affected,Not Affected,Not Affected,Not Affected,Not Affected,Not Affected,Not Affected,Not Affected,Not Affected,Not Affected,Not Affected,Not Affected,Not Affected,Not Affected,Not Affected,Not Affected,Not Affected,Not Affected,Not Affected,Not Affected,650475.9588,481571.5507
1236,1228,Partin Settlement ES,2434 Remington Blvd,Kissimmee,34744,Osceola,-81.32948003,28.28060598,"-81.32948003, 28.28060598",17R MM 67688 28331,SHELTER,RISK,5,2001,1 Main / Cafeteria,R, ,0,0,2641,49227,0,0,2461,49227,2461, ,No,No,No,Yes,Yes, , , , ,,,SHELTER,,Risk Shelter Inventory,Critical Community and Emergency Facilities,Regionally Significant,RSI_PT_1236,,South Florida Water Management District,FDEM,Risk Shelter Inventory - General - FDEM,,,,East Central Florida,Central District,Northeast,5,47,25,Not Affected,Not Affected,Not Affected,Not Affected,Not Affected,Not Affected,Not Affected,Not Affected,Not Affected,Not Affected,Not Affected,Not Affected,Not Affected,Not Affected,Not Affected,Not Affected,Not Affected,Not Affected,Not Affected,Not Affected,Not Affected,661423.9194,477789.582
1237,1229,Celebration HS,1809 Celebration Blvd,Kissimmee,34747,Osceola,-81.568937,28.29838999,"-81.56893700, 28.29838999",17R MM 44215 30388,SHELTER,RISK,5,2001,5 Cafeteria,R, ,0,0,0,0,296,5910,296,5910,368,HB7121,No,No,A,No,Yes, , , , ,,,SHELTER,,Risk Shelter Inventory,Critical Community and Emergency Facilities,Regionally Significant,RSI_PT_1237,,South Florida Water Management District,FDEM,Risk Shelter Inventory - General - FDEM,,,,East Central Florida,Central District,Northeast,5,45,25,Not Affected,Not Affected,Not Affected,Not Affected,Not Affected,Not Affected,Not Affected,Not Affected,Not Affected,Not Affected,Not Affected,Not Affected,Not Affected,Not Affected,Not Affected,Not Affected,Not Affected,Not Affected,Not Affected,Not Affected,Not Affected,637947.126,479279.3473
1238,1230,Harmony HS,3601 Arthur J Gallagher Blvd,St. Cloud,34771,Osceola,-81.15285698,28.18822102,"-81.15285698, 28.18822102",17R MM 84996 18062,SHELTER,RISK,5,2002,4 Auditorium / Music / Classroom,R, ,0,0,0,0,722,14438,722,14438,722,S-1496-2009,No,No,No,No,Yes, , , , ,,,SHELTER,,Risk Shelter Inventory,Critical Community and Emergency Facilities,Regionally Significant,RSI_PT_1238,,South Florida Water Management District,FDEM,Risk Shelter Inventory - General - FDEM,,,,East Central Florida,Central District,Northeast,5,35,25,Not Affected,Not Affected,Not Affected,Not Affected,Not Affected,Not Affected,Not Affected,Not Affected,Not Affected,Not Affected,Not Affected,Not Affected,Not Affected,Not Affected,Not Affected,Not Affected,Not Affected,Not Affected,Not Affected,Not Affected,Not Affected,678947.8827,467919.1559
1239,1231,Poinciana ES,4201 Rhododendron Ave,Kissimmee,34758,Osceola,-81.50251201,28.16559902,"-81.50251201, 28.16559902",17R MM 50667 15648,SHELTER,RISK,5,2001,5 Classroom,A, ,0,0,0,0,0,0,342,6835,434, ,No,No,No,No,Yes, , , , ,,,SHELTER,,Risk Shelter Inventory,Critical Community and Emergency Facilities,Regionally Significant,RSI_PT_1239,,South Florida Water Management District,FDEM,Risk Shelter Inventory - General - FDEM,,,,East Central Florida,Central District,Northeast,5,46,25,Not Affected,Not Affected,Not Affected,Not Affected,Not Affected,Not Affected,Not Affected,Not Affected,Not Affected,Not Affected,Not Affected,Not Affected,Not Affected,Not Affected,Not Affected,Not Affected,Not Affected,Not Affected,Not Affected,Not Affected,Not Affected,644746.4389,464664.9582
1240,1232,Discovery Intermediate School,5350 San Miguel Rd,Poinciana,34758,Osceola,-81.49800599,28.16940499,"-81.49800599, 28.16940499",17R MM 51111 16068,SHELTER,RISK,5,1998,2 Cafeteria / Gym,R, ,0,0,749,14971,0,0,749,14971,749,S-1508-2005,No,No,No,Yes,Yes, , , , ,,,SHELTER,,Risk Shelter Inventory,Critical Community and Emergency Facilities,Regionally Significant,RSI_PT_1240,,South Florida Water Management District,FDEM,Risk Shelter Inventory - General - FDEM,,,,East Central Florida,Central District,Northeast,5,46,25,Not Affected,Not Affected,Not Affected,Not Affected,Not Affected,Not Affected,Not Affected,Not Affected,Not Affected,Not Affected,Not Affected,Not Affected,Not Affected,Not Affected,Not Affected,Not Affected,Not Affected,Not Affected,Not Affected,Not Affected,Not Affected,645179.3804,465096.5007
1241,1233,Harmony HS,3601 Arthur J Gallagher Blvd,St. Cloud,34771,Osceola,-81.15285698,28.18822102,"-81.15285698, 28.18822102",17R MM 84996 18062,SHELTER,RISK,5,2002,8 Classroom,R, ,0,0,0,0,376,7513,376,7513,393,S-1496-2009,No,No,No,No,Yes, , , , ,,,SHELTER,,Risk Shelter Inventory,Critical Community and Emergency Facilities,Regionally Significant,RSI_PT_1238,,South Florida Water Management District,FDEM,Risk Shelter Inventory - General - FDEM,,,,East Central Florida,Central District,Northeast,5,35,25,Not Affected,Not Affected,Not Affected,Not Affected,Not Affected,Not Affected,Not Affected,Not Affected,Not Affected,Not Affected,Not Affected,Not Affected,Not Affected,Not Affected,Not Affected,Not Affected,Not Affected,Not Affected,Not Affected,Not Affected,Not Affected,678947.8827,467919.1559
1242,1234,St. Cloud MS,1975 Michigan Ave,St. Cloud,34769,Osceola,-81.27537501,28.239781,"-81.27537501, 28.23978100",17R MM 72984 23795,SHELTER,RISK,5,2001,4 Gym,A, ,342,6838,0,0,0,0,342,6838,0, ,No,No,No,No,Yes, , , , ,,,SHELTER,,Risk Shelter Inventory,Critical Community and Emergency Facilities,Regionally Significant,RSI_PT_1242,St. Cloud,South Florida Water Management District,FDEM,Risk Shelter Inventory - General - FDEM,,,,East Central Florida,Central District,Northeast,5,47,25,Not Affected,Not Affected,Not Affected,Not Affected,Not Affected,Not Affected,Not Affected,Not Affected,Not Affected,Not Affected,Not Affected,Not Affected,Not Affected,Not Affected,Not Affected,Not Affected,Not Affected,Not Affected,Not Affected,Not Affected,Not Affected,666819.7102,473372.6581
1243,1235,KOA ES,500 KOA St,Kissimmee,34758,Osceola,-81.4765593,28.15722581,"-81.47655930, 28.15722581",17R MM 53211 14711,SHELTER,RISK,5,2008,1 Cafeteria / Classroom,A, ,0,0,0,0,2157,43137,2157,43137,2157,L,No,No,No,No,Yes, , , , ,,,SHELTER,,Risk Shelter Inventory,Critical Community and Emergency Facilities,Regionally Significant,RSI_PT_1243,,South Florida Water Management District,FDEM,Risk Shelter Inventory - General - FDEM,,,,East Central Florida,Central District,Northeast,5,46,25,Not Affected,Not Affected,Not Affected,Not Affected,Not Affected,Not Affected,Not Affected,Not Affected,Not Affected,Not Affected,Not Affected,Not Affected,Not Affected,Not Affected,Not Affected,Not Affected,Not Affected,Not Affected,Low,Low,Low,647308.4027,463787.0297
1244,1236,Celebration HS,1809 Celebration Blvd,Kissimmee,34747,Osceola,-81.568937,28.29838999,"-81.56893700, 28.29838999",17R MM 44215 30388,SHELTER,RISK,5,2001,2 Gym,R, ,0,0,1063,21264,0,0,1063,21264,1063,S-1508-2005,No,No,A,Yes,Yes, , , , ,,,SHELTER,,Risk Shelter Inventory,Critical Community and Emergency Facilities,Regionally Significant,RSI_PT_1237,,South Florida Water Management District,FDEM,Risk Shelter Inventory - General - FDEM,,,,East Central Florida,Central District,Northeast,5,45,25,Not Affected,Not Affected,Not Affected,Not Affected,Not Affected,Not Affected,Not Affected,Not Affected,Not Affected,Not Affected,Not Affected,Not Affected,Not Affected,Not Affected,Not Affected,Not Affected,Not Affected,Not Affected,Not Affected,Not Affected,Not Affected,637947.126,479279.3473
1245,1237,Neptune MS,2727 Neptune Rd,Kissimmee,34744,Osceola,-81.33425998,28.25855298,"-81.33425998, 28.25855298",17R MM 67213 25889,SHELTER,RISK,5,2001,11 Gym,A, ,342,6838,0,0,0,0,342,6838,0, ,No,No,No,No,Yes, , , , ,,,SHELTER,,Risk Shelter Inventory,Critical Community and Emergency Facilities,Regionally Significant,RSI_PT_1245,,South Florida Water Management District,FDEM,Risk Shelter Inventory - General - FDEM,,,,East Central Florida,Central District,Northeast,5,47,25,Not Affected,Not Affected,Not Affected,Not Affected,Not Affected,Not Affected,Not Affected,Not Affected,Not Affected,Not Affected,Not Affected,Not Affected,Not Affected,Not Affected,Not Affected,Not Affected,Not Affected,Not Affected,Not Affected,Not Affected,Not Affected,661009.0111,475330.8934
1246,1238,Celebration HS,1809 Celebration Blvd,Kissimmee,34747,Osceola,-81.568937,28.29838999,"-81.56893700, 28.29838999",17R MM 44215 30388,SHELTER,RISK,5,2001,8 Classroom,R, ,0,0,0,0,375,7509,375,7509,394,S-1496-2009,No,No,A,No,Yes, , , , ,,,SHELTER,,Risk Shelter Inventory,Critical Community and Emergency Facilities,Regionally Significant,RSI_PT_1237,,South Florida Water Management District,FDEM,Risk Shelter Inventory - General - FDEM,,,,East Central Florida,Central District,Northeast,5,45,25,Not Affected,Not Affected,Not Affected,Not Affected,Not Affected,Not Affected,Not Affected,Not Affected,Not Affected,Not Affected,Not Affected,Not Affected,Not Affected,Not Affected,Not Affected,Not Affected,Not Affected,Not Affected,Not Affected,Not Affected,Not Affected,637947.126,479279.3473
1247,1239,Reedy Creek ES,5100 Eagles Tr,Kissimmee,34758,Osceola,-81.48945896,28.22851798,"-81.48945896, 28.22851798",17R MM 51976 22613,SHELTER,RISK,5,1998,1 Main 1998 Addition,R,"Yes, unknown kW",0,0,0,0,433,18720,433,8663,433,S-1467-2004,No,No,A,No,Yes, , , , ,,,SHELTER,,Risk Shelter Inventory,Critical Community and Emergency Facilities,Regionally Significant,RSI_PT_1247,,South Florida Water Management District,FDEM,Risk Shelter Inventory - General - FDEM,,,,East Central Florida,Central District,Northeast,5,46,25,Not Affected,Not Affected,Not Affected,Not Affected,Not Affected,Not Affected,Not Affected,Not Affected,Not Affected,Not Affected,Not Affected,Not Affected,Not Affected,Not Affected,Not Affected,Not Affected,Not Affected,Not Affected,Not Affected,Not Affected,Not Affected,645883.1742,471677.0577
1248,1240,Kissimmee ES,3700 Donegan Ave,Kissimmee,34741,Osceola,-81.44048199,28.31674301,"-81.44048199, 28.31674301",17R MM 56817 32369,SHELTER,RISK,5,1999,4 Cafeteria,R, ,0,0,259,5172,0,0,259,5172,301,S-1508-2005,No,No,No,Yes,Yes, , , , ,,,SHELTER,,Risk Shelter Inventory,Critical Community and Emergency Facilities,Regionally Significant,RSI_PT_1235,Kissimmee,South Florida Water Management District,FDEM,Risk Shelter Inventory - General - FDEM,,,,East Central Florida,Central District,Northeast,5,46,25,Not Affected,Not Affected,Not Affected,Not Affected,Not Affected,Not Affected,Not Affected,Not Affected,Not Affected,Not Affected,Not Affected,Not Affected,Not Affected,Not Affected,Not Affected,Not Affected,Not Affected,Not Affected,Not Affected,Not Affected,Not Affected,650475.9588,481571.5507
1249,1241,Discovery Intermediate School,5350 San Miguel Rd,Kissimmee,34758,Osceola,-81.49800599,28.16940499,"-81.49800599, 28.16940499",17R MM 51111 16068,SHELTER,RISK,5,1998,3 Classroom,R, ,0,0,0,0,721,14426,721,14426,794,HB7121,No,No,No,No,Yes, , , , ,,,SHELTER,,Risk Shelter Inventory,Critical Community and Emergency Facilities,Regionally Significant,RSI_PT_1240,,South Florida Water Management District,FDEM,Risk Shelter Inventory - General - FDEM,,,,East Central Florida,Central District,Northeast,5,46,25,Not Affected,Not Affected,Not Affected,Not Affected,Not Affected,Not Affected,Not Affected,Not Affected,Not Affected,Not Affected,Not Affected,Not Affected,Not Affected,Not Affected,Not Affected,Not Affected,Not Affected,Not Affected,Not Affected,Not Affected,Not Affected,645179.3804,465096.5007
1250,1242,Narcoossee MS,2700 N Narcoossee Rd,Kissimmee,34771,Osceola,-81.23503802,28.32706498,"-81.23503802, 28.32706498",17R MM 76960 33456,SHELTER,RISK,5,1998,4 Classroom,R, ,0,0,0,0,277,5533,277,5533,277, ,No,No,No,No,Yes, , , , ,,,SHELTER,,Risk Shelter Inventory,Critical Community and Emergency Facilities,Regionally Significant,RSI_PT_1250,,South Florida Water Management District,FDEM,Risk Shelter Inventory - General - FDEM,,,,East Central Florida,Central District,Northeast,5,35,25,Not Affected,Not Affected,Not Affected,Not Affected,Not Affected,Not Affected,Not Affected,Not Affected,Not Affected,Not Affected,Not Affected,Not Affected,Not Affected,Not Affected,Not Affected,Medium,Medium,Medium,Medium,Medium,Medium,670551.883,483151.6312
1251,1243,Harmony HS,3601 Arthur J Gallagher Blvd,St. Cloud,34771,Osceola,-81.15285698,28.18822102,"-81.15285698, 28.18822102",17R MM 84996 18062,SHELTER,RISK,5,2002,7 Classroom,R, ,0,0,0,0,1451,29010,1451,29010,502,HB7121,No,No,No,No,Yes, , , , ,,,SHELTER,,Risk Shelter Inventory,Critical Community and Emergency Facilities,Regionally Significant,RSI_PT_1238,,South Florida Water Management District,FDEM,Risk Shelter Inventory - General - FDEM,,,,East Central Florida,Central District,Northeast,5,35,25,Not Affected,Not Affected,Not Affected,Not Affected,Not Affected,Not Affected,Not Affected,Not Affected,Not Affected,Not Affected,Not Affected,Not Affected,Not Affected,Not Affected,Not Affected,Not Affected,Not Affected,Not Affected,Not Affected,Not Affected,Not Affected,678947.8827,467919.1559
1252,1244,Discovery Intermediate School,5350 San Miguel Rd,Kissimmee,34758,Osceola,-81.49800599,28.16940499,"-81.49800599, 28.16940499",17R MM 51111 16068,SHELTER,RISK,5,1998,1 Admin / Music,R, ,0,0,0,0,172,3443,172,3443,350,HB7121,No,No,No,No,Yes, , , , ,,,SHELTER,,Risk Shelter Inventory,Critical Community and Emergency Facilities,Regionally Significant,RSI_PT_1240,,South Florida Water Management District,FDEM,Risk Shelter Inventory - General - FDEM,,,,East Central Florida,Central District,Northeast,5,46,25,Not Affected,Not Affected,Not Affected,Not Affected,Not Affected,Not Affected,Not Affected,Not Affected,Not Affected,Not Affected,Not Affected,Not Affected,Not Affected,Not Affected,Not Affected,Not Affected,Not Affected,Not Affected,Not Affected,Not Affected,Not Affected,645179.3804,465096.5007
1253,1245,Poinciana ES,4201 Rhododendron Ave,Kissimmee,34758,Osceola,-81.50251201,28.16559902,"-81.50251201, 28.16559902",17R MM 50667 15648,SHELTER,RISK,5,2001,4 Cafeteria,A, ,0,0,0,0,0,0,246,4927,301, ,No,No,No,No,Yes, , , , ,,,SHELTER,,Risk Shelter Inventory,Critical Community and Emergency Facilities,Regionally Significant,RSI_PT_1239,,South Florida Water Management District,FDEM,Risk Shelter Inventory - General - FDEM,,,,East Central Florida,Central District,Northeast,5,46,25,Not Affected,Not Affected,Not Affected,Not Affected,Not Affected,Not Affected,Not Affected,Not Affected,Not Affected,Not Affected,Not Affected,Not Affected,Not Affected,Not Affected,Not Affected,Not Affected,Not Affected,Not Affected,Not Affected,Not Affected,Not Affected,644746.4389,464664.9582
1254,1246,Narcoossee MS,2700 N Narcoossee Rd,Kissimmee,34771,Osceola,-81.23503802,28.32706498,"-81.23503802, 28.32706498",17R MM 76960 33456,SHELTER,RISK,5,1998,3 Classroom,R, ,0,0,0,0,648,12955,648,12955,648,HB7121,No,No,No,No,Yes, , , , ,,,SHELTER,,Risk Shelter Inventory,Critical Community and Emergency Facilities,Regionally Significant,RSI_PT_1250,,South Florida Water Management District,FDEM,Risk Shelter Inventory - General - FDEM,,,,East Central Florida,Central District,Northeast,5,35,25,Not Affected,Not Affected,Not Affected,Not Affected,Not Affected,Not Affected,Not Affected,Not Affected,Not Affected,Not Affected,Not Affected,Not Affected,Not Affected,Not Affected,Not Affected,Medium,Medium,Medium,Medium,Medium,Medium,670551.883,483151.6312
1255,1247,Kenansville Comm Center,1176 S Canoe Creek Rd,Kenansville,34739,Osceola,-80.997529,27.87549699,"-80.99752900, 27.87549699",17R NL 00243 83410,SHELTER,RISK,5,1998,Main,R, ,0,0,0,0,75,1508,75,1508,75,S-1508-2005,No,No,No,No,Yes, , , , ,,,SHELTER,,Risk Shelter Inventory,Critical Community and Emergency Facilities,Regionally Significant,RSI_PT_1255,,South Florida Water Management District,FDEM,Risk Shelter Inventory - General - FDEM,,,,East Central Florida,Central District,Northeast,5,35,25,Not Affected,Not Affected,Not Affected,Not Affected,Not Affected,Not Affected,Not Affected,Not Affected,Not Affected,Not Affected,Not Affected,Not Affected,Not Affected,Not Affected,Not Affected,Not Affected,Not Affected,Not Affected,Not Affected,Not Affected,Not Affected,695008.6794,433560.6522
1256,1248,Bellalago Charter Academy K-8,3651 Pleasant Hill Rd,Kissimmee,34746,Osceola,-81.43661399,28.18591399,"-81.43661399, 28.18591399",17R MM 57144 17874,SHELTER,RISK,5,2006,5 Gym,A, ,0,0,0,0,395,7898,395,7898,395,L,No,No,A,No,Yes, , , , ,,,SHELTER,,Risk Shelter Inventory,Critical Community and Emergency Facilities,Regionally Significant,RSI_PT_1256,,South Florida Water Management District,FDEM,Risk Shelter Inventory - General - FDEM,,,,East Central Florida,Central District,Northeast,5,46,25,Not Affected,Not Affected,Not Affected,Not Affected,Not Affected,Not Affected,Not Affected,Not Affected,Not Affected,Not Affected,Not Affected,Not Affected,Not Affected,Not Affected,Not Affected,Not Affected,Not Affected,Not Affected,Not Affected,Not Affected,Not Affected,651156.4366,467053.098
1257,1249,Discovery Intermediate School,5350 San Miguel Rd,Kissimmee,34758,Osceola,-81.49800599,28.16940499,"-81.49800599, 28.16940499",17R MM 51111 16068,SHELTER,RISK,5,1998,4 Classroom,R, ,0,0,0,0,235,4709,235,4709,235,S-1496-2009,No,No,No,No,Yes, , , , ,,,SHELTER,,Risk Shelter Inventory,Critical Community and Emergency Facilities,Regionally Significant,RSI_PT_1240,,South Florida Water Management District,FDEM,Risk Shelter Inventory - General - FDEM,,,,East Central Florida,Central District,Northeast,5,46,25,Not Affected,Not Affected,Not Affected,Not Affected,Not Affected,Not Affected,Not Affected,Not Affected,Not Affected,Not Affected,Not Affected,Not Affected,Not Affected,Not Affected,Not Affected,Not Affected,Not Affected,Not Affected,Not Affected,Not Affected,Not Affected,645179.3804,465096.5007
1258,1250,Kissimmee ES,3700 Donegan Ave,Kissimmee,34741,Osceola,-81.44048199,28.31674301,"-81.44048199, 28.31674301",17R MM 56817 32369,SHELTER,RISK,5,1999,6 Classroom,R, ,0,0,0,0,303,6057,303,6057,490,HB7121,No,No,No,No,Yes, , , , ,,,SHELTER,,Risk Shelter Inventory,Critical Community and Emergency Facilities,Regionally Significant,RSI_PT_1235,Kissimmee,South Florida Water Management District,FDEM,Risk Shelter Inventory - General - FDEM,,,,East Central Florida,Central District,Northeast,5,46,25,Not Affected,Not Affected,Not Affected,Not Affected,Not Affected,Not Affected,Not Affected,Not Affected,Not Affected,Not Affected,Not Affected,Not Affected,Not Affected,Not Affected,Not Affected,Not Affected,Not Affected,Not Affected,Not Affected,Not Affected,Not Affected,650475.9588,481571.5507
1259,1251,Celebration HS,1809 Celebration Blvd,Kissimmee,34747,Osceola,-81.568937,28.29838999,"-81.56893700, 28.29838999",17R MM 44215 30388,SHELTER,RISK,5,2001,7 Classroom,R, ,0,0,0,0,1428,28554,1428,28554,1183,S-1496-2009,No,No,A,No,Yes, , , , ,,,SHELTER,,Risk Shelter Inventory,Critical Community and Emergency Facilities,Regionally Significant,RSI_PT_1237,,South Florida Water Management District,FDEM,Risk Shelter Inventory - General - FDEM,,,,East Central Florida,Central District,Northeast,5,45,25,Not Affected,Not Affected,Not Affected,Not Affected,Not Affected,Not Affected,Not Affected,Not Affected,Not Affected,Not Affected,Not Affected,Not Affected,Not Affected,Not Affected,Not Affected,Not Affected,Not Affected,Not Affected,Not Affected,Not Affected,Not Affected,637947.126,479279.3473
1260,1252,Harmony HS,3601 Arthur J Gallagher Blvd,St. Cloud,34771,Osceola,-81.15285698,28.18822102,"-81.15285698, 28.18822102",17R MM 84996 18062,SHELTER,RISK,5,2002,5 Cafeteria,R, ,0,0,0,0,285,5702,285,5702,446,HB7121,No,No,No,No,Yes, , , , ,,,SHELTER,,Risk Shelter Inventory,Critical Community and Emergency Facilities,Regionally Significant,RSI_PT_1238,,South Florida Water Management District,FDEM,Risk Shelter Inventory - General - FDEM,,,,East Central Florida,Central District,Northeast,5,35,25,Not Affected,Not Affected,Not Affected,Not Affected,Not Affected,Not Affected,Not Affected,Not Affected,Not Affected,Not Affected,Not Affected,Not Affected,Not Affected,Not Affected,Not Affected,Not Affected,Not Affected,Not Affected,Not Affected,Not Affected,Not Affected,678947.8827,467919.1559
1261,1253,Reedy Creek ES,5100 Eagles Tr,Kissimmee,34758,Osceola,-81.48945896,28.22851798,"-81.48945896, 28.22851798",17R MM 51976 22613,SHELTER,RISK,5,1981,1 Main,R,"Yes, unknown kW",0,0,1362,28200,0,0,1362,27243,1362,S-1118A,No,No,A,Yes,Yes, , , , ,,,SHELTER,,Risk Shelter Inventory,Critical Community and Emergency Facilities,Regionally Significant,RSI_PT_1247,,South Florida Water Management District,FDEM,Risk Shelter Inventory - General - FDEM,,,,East Central Florida,Central District,Northeast,5,46,25,Not Affected,Not Affected,Not Affected,Not Affected,Not Affected,Not Affected,Not Affected,Not Affected,Not Affected,Not Affected,Not Affected,Not Affected,Not Affected,Not Affected,Not Affected,Not Affected,Not Affected,Not Affected,Not Affected,Not Affected,Not Affected,645883.1742,471677.0577
1262,1254,Poinciana ES,4201 Rhododendron Ave,Kissimmee,34758,Osceola,-81.50251201,28.16559902,"-81.50251201, 28.16559902",17R MM 50667 15648,SHELTER,RISK,5,2001,3 Classroom,A, ,0,0,0,0,0,0,311,6225,316, ,No,No,No,No,Yes, , , , ,,,SHELTER,,Risk Shelter Inventory,Critical Community and Emergency Facilities,Regionally Significant,RSI_PT_1239,,South Florida Water Management District,FDEM,Risk Shelter Inventory - General - FDEM,,,,East Central Florida,Central District,Northeast,5,46,25,Not Affected,Not Affected,Not Affected,Not Affected,Not Affected,Not Affected,Not Affected,Not Affected,Not Affected,Not Affected,Not Affected,Not Affected,Not Affected,Not Affected,Not Affected,Not Affected,Not Affected,Not Affected,Not Affected,Not Affected,Not Affected,644746.4389,464664.9582
1263,1255,Narcoossee MS,2700 N Narcoossee Rd,Kissimmee,34771,Osceola,-81.23503802,28.32706498,"-81.23503802, 28.32706498",17R MM 76960 33456,SHELTER,RISK,5,1998,2 Cafeteria / Gym,R, ,0,0,712,14231,0,0,712,14231,712,S-1508-2005,No,No,No,Yes,Yes, , , , ,,,SHELTER,,Risk Shelter Inventory,Critical Community and Emergency Facilities,Regionally Significant,RSI_PT_1250,,South Florida Water Management District,FDEM,Risk Shelter Inventory - General - FDEM,,,,East Central Florida,Central District,Northeast,5,35,25,Not Affected,Not Affected,Not Affected,Not Affected,Not Affected,Not Affected,Not Affected,Not Affected,Not Affected,Not Affected,Not Affected,Not Affected,Not Affected,Not Affected,Not Affected,Medium,Medium,Medium,Medium,Medium,Medium,670551.883,483151.6312
1264,1256,Flora Ridge ES,2900 Dyer Blvd,Kissimmee,34741,Osceola,-81.43623798,28.33305498,"-81.43623798, 28.33305498",17R MM 57240 34174,SHELTER,RISK,5,2007,1 Main,A, ,0,0,0,0,2780,55592,2780,55592,2780,L,No,No,No,No,Yes, , , , ,,,SHELTER,,Risk Shelter Inventory,Critical Community and Emergency Facilities,Regionally Significant,RSI_PT_1264,Kissimmee,South Florida Water Management District,FDEM,Risk Shelter Inventory - General - FDEM,,,,East Central Florida,Central District,Northeast,5,46,25,Not Affected,Not Affected,Not Affected,Not Affected,Not Affected,Not Affected,Not Affected,Not Affected,Not Affected,Not Affected,Not Affected,Not Affected,Not Affected,Not Affected,Not Affected,Not Affected,Not Affected,Not Affected,Not Affected,Not Affected,Not Affected,650853.5599,483391.344
1265,1257,Horizon MS,2020 Ham Brown Rd,Kissimmee,34746,Osceola,-81.46392802,28.24360398,"-81.46392802, 28.24360398",17R MM 54488 24275,SHELTER,RISK,5,1995,2 Gym / Cafeteria,R, ,0,0,837,16741,0,0,837,16741,837,S-1118A,No,No,No,Yes,Yes, , , , ,,,SHELTER,,Risk Shelter Inventory,Critical Community and Emergency Facilities,Regionally Significant,RSI_PT_1265,,South Florida Water Management District,FDEM,Risk Shelter Inventory - General - FDEM,,,,East Central Florida,Central District,Northeast,5,46,25,Not Affected,Not Affected,Not Affected,Not Affected,Not Affected,Not Affected,Not Affected,Not Affected,Not Affected,Not Affected,Not Affected,Not Affected,Not Affected,Not Affected,Not Affected,Not Affected,Not Affected,Not Affected,Not Affected,Not Affected,Not Affected,648348.8782,473403.2729
1266,1258,Celebration K-8,510 Campus St,Celebration,34747,Osceola,-81.54478103,28.31969201,"-81.54478103, 28.31969201",17R MM 46594 32737,SHELTER,RISK,5,1996,7 Gymnasium,A, ,0,0,0,0,0,0,392,7844,0, , , , ,No,Yes, , , , ,,,SHELTER,,Risk Shelter Inventory,Critical Community and Emergency Facilities,Regionally Significant,RSI_PT_1266,,South Florida Water Management District,FDEM,Risk Shelter Inventory - General - FDEM,,,,East Central Florida,Central District,Northeast,5,45,25,Not Affected,Not Affected,Not Affected,Not Affected,Not Affected,Not Affected,Not Affected,Not Affected,Not Affected,Not Affected,Not Affected,Not Affected,Not Affected,Not Affected,Not Affected,Not Affected,Not Affected,Not Affected,Not Affected,Not Affected,Not Affected,640264.0497,481691.4569
1267,1259,Ventura ES,275 Waters Edge Dr,Kissimmee,34743,Osceola,-81.34392297,28.33457999,"-81.34392297, 28.33457999",17R MM 66289 34314,SHELTER,RISK,5,1988,3 Cafeteria,R, ,0,0,0,0,211,4210,211,4210,211,S-1588-2006,No,No,No,No,Yes, , , , ,,,SHELTER,,Risk Shelter Inventory,Critical Community and Emergency Facilities,Regionally Significant,RSI_PT_1267,,South Florida Water Management District,FDEM,Risk Shelter Inventory - General - FDEM,,,,East Central Florida,Central District,Northeast,5,47,25,Not Affected,Not Affected,Not Affected,Not Affected,Not Affected,Not Affected,Not Affected,Not Affected,Not Affected,Not Affected,Not Affected,Not Affected,Not Affected,Not Affected,Not Affected,Not Affected,Not Affected,Not Affected,Not Affected,Not Affected,Not Affected,659881.1836,483751.84
1268,1260,Harmony HS,3601 Arthur J Gallagher Blvd,St. Cloud,34771,Osceola,-81.15285698,28.18822102,"-81.15285698, 28.18822102",17R MM 84996 18062,SHELTER,RISK,5,2002,2 Gym,R, ,0,0,1076,21517,0,0,1076,21517,1076,S-1508-2005,No,No,No,Yes,Yes, ,Yes, , ,,,SHELTER,,Risk Shelter Inventory,Critical Community and Emergency Facilities,Regionally Significant,RSI_PT_1238,,South Florida Water Management District,FDEM,Risk Shelter Inventory - General - FDEM,,,,East Central Florida,Central District,Northeast,5,35,25,Not Affected,Not Affected,Not Affected,Not Affected,Not Affected,Not Affected,Not Affected,Not Affected,Not Affected,Not Affected,Not Affected,Not Affected,Not Affected,Not Affected,Not Affected,Not Affected,Not Affected,Not Affected,Not Affected,Not Affected,Not Affected,678947.8827,467919.1559
1269,1261,Sunrise ES,1925 Ham Brown Rd,Kissimmee,34746,Osceola,-81.46106702,28.24772499,"-81.46106702, 28.24772499",17R MM 54770 24730,SHELTER,RISK,5,2009,1 Main,A, ,0,0,2394,47885,0,0,2394,47885,2394,L,No,No,No,Yes,Yes, , , , ,,,SHELTER,,Risk Shelter Inventory,Critical Community and Emergency Facilities,Regionally Significant,RSI_PT_1269,,South Florida Water Management District,FDEM,Risk Shelter Inventory - General - FDEM,,,,East Central Florida,Central District,Northeast,5,46,25,Not Affected,Not Affected,Not Affected,Not Affected,Not Affected,Not Affected,Not Affected,Not Affected,Not Affected,Not Affected,Not Affected,Not Affected,Not Affected,Not Affected,Not Affected,Not Affected,Not Affected,Not Affected,Not Affected,Not Affected,Not Affected,648619.5838,473866.6068
1270,1262,Discovery Intermediate School,5350 San Miguel Rd,Kissimmee,34758,Osceola,-81.49800599,28.16940499,"-81.49800599, 28.16940499",17R MM 51111 16068,SHELTER,RISK,5,1998,5 Classroom,R, ,0,0,0,0,681,13620,681,13620,681,S-1496-2009,No,No,No,No,Yes, , , , ,,,SHELTER,,Risk Shelter Inventory,Critical Community and Emergency Facilities,Regionally Significant,RSI_PT_1240,,South Florida Water Management District,FDEM,Risk Shelter Inventory - General - FDEM,,,,East Central Florida,Central District,Northeast,5,46,25,Not Affected,Not Affected,Not Affected,Not Affected,Not Affected,Not Affected,Not Affected,Not Affected,Not Affected,Not Affected,Not Affected,Not Affected,Not Affected,Not Affected,Not Affected,Not Affected,Not Affected,Not Affected,Not Affected,Not Affected,Not Affected,645179.3804,465096.5007
1271,1263,Westside K-8,2551 Westside Blvd,Kissimmee,34747,Osceola,-81.64700404,28.31888399,"-81.64700404, 28.31888399",17R MM 36572 32697,SHELTER,RISK,5,2008,2 Gymnasium,A, ,0,0,0,0,0,0,901,18012,495, ,No,No,No,No,Yes, , , , ,,,SHELTER,,Risk Shelter Inventory,Critical Community and Emergency Facilities,Regionally Significant,RSI_PT_1271,,South Florida Water Management District,FDEM,Risk Shelter Inventory - General - FDEM,,,,East Central Florida,Central District,Northeast,5,45,25,Not Affected,Not Affected,Not Affected,Not Affected,Not Affected,Not Affected,Not Affected,Not Affected,Not Affected,Not Affected,Not Affected,Not Affected,Not Affected,Not Affected,Not Affected,Medium,Medium,Medium,Medium,Medium,Medium,630263.6119,481406.7136
1272,1264,Neptune ES,1200 Betsy Ross Ln,St. Cloud,34769,Osceola,-81.32686102,28.24753401,"-81.32686102, 28.24753401",17R MM 67935 24666,SHELTER,RISK,5,2007,1 Cafeteria,A, ,0,0,0,0,2714,54271,2714,54271,2714,L,No,No,No,No,Yes, , , , ,,,SHELTER,,Risk Shelter Inventory,Critical Community and Emergency Facilities,Regionally Significant,RSI_PT_1272,St. Cloud,South Florida Water Management District,FDEM,Risk Shelter Inventory - General - FDEM,,,,East Central Florida,Central District,Northeast,5,47,25,Not Affected,Not Affected,Not Affected,Not Affected,Not Affected,Not Affected,Not Affected,Not Affected,Not Affected,Not Affected,Not Affected,Not Affected,Not Affected,Not Affected,Not Affected,Not Affected,Not Affected,Not Affected,Not Affected,Not Affected,Not Affected,661759.8727,474123.1307
1273,1265,Poinciana ES,4201 Rhododendron Ave,Kissimmee,34758,Osceola,-81.50251201,28.16559902,"-81.50251201, 28.16559902",17R MM 50667 15648,SHELTER,RISK,5,2001,2 Classroom,A, ,0,0,0,0,0,0,300,6008,356, ,No,No,No,No,Yes, , , , ,,,SHELTER,,Risk Shelter Inventory,Critical Community and Emergency Facilities,Regionally Significant,RSI_PT_1239,,South Florida Water Management District,FDEM,Risk Shelter Inventory - General - FDEM,,,,East Central Florida,Central District,Northeast,5,46,25,Not Affected,Not Affected,Not Affected,Not Affected,Not Affected,Not Affected,Not Affected,Not Affected,Not Affected,Not Affected,Not Affected,Not Affected,Not Affected,Not Affected,Not Affected,Not Affected,Not Affected,Not Affected,Not Affected,Not Affected,Not Affected,644746.4389,464664.9582
1274,1266,Poinciana ES,4201 Rhododendron Ave,Kissimmee,34758,Osceola,-81.50251201,28.16559902,"-81.50251201, 28.16559902",17R MM 50667 15648,SHELTER,RISK,5,2001,6 Classroom,A, ,0,0,0,0,0,0,299,5988,474, ,No,No,No,No,Yes, , , , ,,,SHELTER,,Risk Shelter Inventory,Critical Community and Emergency Facilities,Regionally Significant,RSI_PT_1239,,South Florida Water Management District,FDEM,Risk Shelter Inventory - General - FDEM,,,,East Central Florida,Central District,Northeast,5,46,25,Not Affected,Not Affected,Not Affected,Not Affected,Not Affected,Not Affected,Not Affected,Not Affected,Not Affected,Not Affected,Not Affected,Not Affected,Not Affected,Not Affected,Not Affected,Not Affected,Not Affected,Not Affected,Not Affected,Not Affected,Not Affected,644746.4389,464664.9582
1275,1267,Narcoossee ES,2690 N Narcossee Rd,Kissimmee,34771,Osceola,-81.23391602,28.32632302,"-81.23391602, 28.32632302",17R MM 77070 33373,SHELTER,RISK,5,2008,1 Main / Cafeteria,A, ,0,0,0,0,2394,47881,2394,47881,2394,L,No,No,No,No,Yes, , , , ,,,SHELTER,,Risk Shelter Inventory,Critical Community and Emergency Facilities,Regionally Significant,RSI_PT_1275,,South Florida Water Management District,FDEM,Risk Shelter Inventory - General - FDEM,,,,East Central Florida,Central District,Northeast,5,35,25,Not Affected,Not Affected,Not Affected,Not Affected,Not Affected,Not Affected,Not Affected,Not Affected,Not Affected,Not Affected,Not Affected,Not Affected,Not Affected,Not Affected,Not Affected,Not Affected,Not Affected,Not Affected,Not Affected,Not Affected,Not Affected,670663.5008,483071.7138
1276,1268,Liberty HS,4250 Pleasant Hill Rd,Kissimmee,34746,Osceola,-81.443014,28.163532,"-81.44301400, 28.16353200",17R MM 56507 15397,SHELTER,RISK,5,2007,4 Gym,A, ,0,0,0,0,1080,21604,1080,21604,892,L,No,No,No,No,Yes, ,Yes, , ,,,SHELTER,,Risk Shelter Inventory,Critical Community and Emergency Facilities,Regionally Significant,RSI_PT_1276,,South Florida Water Management District,FDEM,Risk Shelter Inventory - General - FDEM,,,,East Central Florida,Central District,Northeast,5,46,25,Not Affected,Not Affected,Not Affected,Not Affected,Not Affected,Not Affected,Not Affected,Not Affected,Not Affected,Not Affected,Not Affected,Not Affected,Not Affected,Not Affected,Not Affected,Not Affected,Not Affected,Not Affected,Not Affected,Not Affected,Not Affected,650581.0024,464554.9456
1277,1269,Harmony K-8,3365 Schoolhouse Rd,St. Cloud,34773,Osceola,-81.153952,28.201498,"-81.15395200, 28.20149800",17R MM 84891 19533,SHELTER,RISK,5,2007,1 Main,A, ,0,0,0,0,2308,46165,2308,46165,2308,L,No,No,No,No,Yes, , , , ,,,SHELTER,,Risk Shelter Inventory,Critical Community and Emergency Facilities,Regionally Significant,RSI_PT_1277,,South Florida Water Management District,FDEM,Risk Shelter Inventory - General - FDEM,,,,East Central Florida,Central District,Northeast,5,35,25,Not Affected,Not Affected,Not Affected,Not Affected,Not Affected,Not Affected,Not Affected,Not Affected,Not Affected,Not Affected,Not Affected,Not Affected,Not Affected,Not Affected,Not Affected,Not Affected,Not Affected,Not Affected,Not Affected,Not Affected,Not Affected,678806.5905,469390.7838
1278,1270,Denn John MS,2001 Denn John Ln,Kissimmee,34744,Osceola,-81.37779499,28.31069102,"-81.37779499, 28.31069102",17R MM 62961 31677,SHELTER,RISK,5,2001,5 Gym,A, ,349,6987,0,0,0,0,349,6987,349, ,No,No,No,No,Yes, , , , ,,,SHELTER,,Risk Shelter Inventory,Critical Community and Emergency Facilities,Regionally Significant,RSI_PT_1278,Kissimmee,South Florida Water Management District,FDEM,Risk Shelter Inventory - General - FDEM,,,,East Central Florida,Central District,Northeast,5,47,25,Not Affected,Not Affected,Not Affected,Not Affected,Not Affected,Not Affected,Not Affected,Not Affected,Not Affected,Not Affected,Not Affected,Not Affected,Not Affected,Not Affected,Not Affected,Not Affected,Not Affected,Not Affected,Not Affected,Not Affected,Not Affected,656623.923,481028.4768
1279,1271,Parkway MS,857 Florida Pkwy,Kissimmee,34743,Osceola,-81.36844699,28.32805602,"-81.36844699, 28.32805602",17R MM 63883 33598,SHELTER,RISK,5,1995,12 Gym,A, ,309,6182,0,0,0,0,309,6182,0, ,No,No,No,No,Yes, , , , ,,,SHELTER,,Risk Shelter Inventory,Critical Community and Emergency Facilities,Regionally Significant,RSI_PT_1279,,South Florida Water Management District,FDEM,Risk Shelter Inventory - General - FDEM,,,,East Central Florida,Central District,Northeast,5,47,25,Not Affected,Not Affected,Not Affected,Not Affected,Not Affected,Not Affected,Not Affected,Not Affected,Not Affected,Not Affected,Not Affected,Not Affected,Not Affected,Not Affected,Not Affected,Not Affected,Not Affected,Not Affected,Not Affected,Not Affected,Not Affected,657497.4817,482976.0283
1280,1272,Westgate ES,1545 Loxahatchee Dr,W Palm Beach,33409,Palm Beach,-80.09148701,26.70014801,"-80.09148701, 26.70014801",17R NK 90378 53546,SHELTER,RISK,9,2001,1 Cafeteria,R, ,0,0,2222,44436,0,0,2222,44436,2222,"S, L",No,No,No,Yes,Yes, , , , ,,,SHELTER,,Risk Shelter Inventory,Critical Community and Emergency Facilities,Regionally Significant,RSI_PT_1280,,South Florida Water Management District,FDEM,Risk Shelter Inventory - General - FDEM,,,,Treasure Coast,Southeast District,Southeast,4,88,24,Not Affected,Not Affected,Not Affected,Not Affected,Not Affected,Not Affected,Not Affected,Not Affected,Not Affected,Not Affected,Not Affected,Not Affected,Not Affected,Not Affected,Not Affected,Not Affected,Not Affected,Not Affected,Not Affected,Low,Low,788141.5856,305612.2678
1281,1273,Park Vista Community HS,7900 S Jog Rd,Lake Worth,33467,Palm Beach,-80.14396996,26.55899702,"-80.14396996, 26.55899702",17R NK 85261 37876,SHELTER,RISK,9,2002,2 Cafeteria,A, ,0,0,391,7821,0,0,391,7821,391,L,No,No,No,Yes,Yes, , , , ,,,SHELTER,,Risk Shelter Inventory,Critical Community and Emergency Facilities,Regionally Significant,RSI_PT_1127,,South Florida Water Management District,FDEM,Risk Shelter Inventory - General - FDEM,,,,Treasure Coast,Southeast District,Southeast,4,92,26,Not Affected,Not Affected,Not Affected,Not Affected,Not Affected,Not Affected,Not Affected,Not Affected,Not Affected,Not Affected,Not Affected,Not Affected,Not Affected,Not Affected,Not Affected,Not Affected,Not Affected,Not Affected,Not Affected,Not Affected,Not Affected,783421.2837,289786.5573
1282,1274,Forest Hill Community HS,6901 Parker Ave,W. Palm Beach,33405,Palm Beach,-80.06712199,26.65448198,"-80.06712199, 26.65448198",17R NK 92839 48505,SHELTER,RISK,9,2003,7 Guidance / Music / Auditorium,A, ,0,0,688,13754,0,0,688,13754,688, ,No,No,No,Yes,Yes, , , , ,,,SHELTER,,Risk Shelter Inventory,Critical Community and Emergency Facilities,Regionally Significant,RSI_PT_1282,West Palm Beach,South Florida Water Management District,FDEM,Risk Shelter Inventory - General - FDEM,,,,Treasure Coast,Southeast District,Southeast,4,89,24,Not Affected,Not Affected,Not Affected,Not Affected,Not Affected,Not Affected,Not Affected,Not Affected,Not Affected,Not Affected,Not Affected,Not Affected,Not Affected,Not Affected,Not Affected,High,High,High,High,High,High,790722.0337,300622.2336
1283,1275,Omni MS,5775 Jog Rd,Boca Raton,33496,Palm Beach,-80.14754401,26.39945302,"-80.14754401, 26.39945302",17R NK 85023 20203,SHELTER,RISK,9,1989,7 Classroom,R, ,0,0,233,4650,0,0,233,4650,233, ,No,No,No,Yes,Yes, , , , ,,,SHELTER,,Risk Shelter Inventory,Critical Community and Emergency Facilities,Regionally Significant,RSI_PT_1283,Boca Raton,South Florida Water Management District,FDEM,Risk Shelter Inventory - General - FDEM,,,,Treasure Coast,Southeast District,Southeast,4,91,26,Not Affected,Not Affected,Not Affected,Not Affected,Not Affected,Not Affected,Not Affected,Not Affected,Not Affected,Not Affected,Not Affected,Not Affected,Not Affected,Not Affected,Not Affected,Not Affected,Not Affected,Not Affected,Not Affected,Not Affected,Not Affected,783619.1954,272074.3593
1284,1276,Boca Raton Community HS,1501 NW 15th Ct,Boca Raton,33486,Palm Beach,-80.11704997,26.36474,"-80.11704997, 26.36474000",17R NK 88091 16378,SHELTER,RISK,9,2002,3 Cafeteria,A, ,0,0,341,6819,0,0,341,6819,341, ,E,No,No,Yes,Yes, , , , ,,,SHELTER,,Risk Shelter Inventory,Critical Community and Emergency Facilities,Regionally Significant,RSI_PT_1128,Boca Raton,South Florida Water Management District,FDEM,Risk Shelter Inventory - General - FDEM,,,,Treasure Coast,Southeast District,Southeast,4,91,30,Not Affected,Not Affected,Not Affected,Not Affected,Not Affected,Not Affected,Not Affected,Not Affected,Not Affected,Not Affected,Not Affected,Not Affected,Not Affected,Low,Medium,Medium,Medium,Medium,Medium,Medium,Medium,786776.0298,268318.4924
1285,1277,Wellington Landings MS,1100 Aero Club Dr,Wellington,33414,Palm Beach,-80.28631287,26.66625788,"-80.28631287, 26.66625788",17R NK 71017 49669,SHELTER,RISK,9,1987,2 Science,R, ,0,0,249,4987,0,0,249,4987,249, ,No,No,No,Yes,Yes, , , , ,,,SHELTER,,Risk Shelter Inventory,Critical Community and Emergency Facilities,Regionally Significant,RSI_PT_1285,Wellington,South Florida Water Management District,FDEM,Risk Shelter Inventory - General - FDEM,,,,Treasure Coast,Southeast District,Southeast,4,93,26,Not Affected,Not Affected,Not Affected,Not Affected,Not Affected,Not Affected,Not Affected,Not Affected,Not Affected,Not Affected,Not Affected,Not Affected,Not Affected,Not Affected,Not Affected,Not Affected,Not Affected,Not Affected,Not Affected,Not Affected,Not Affected,768913.3587,301253.754
1286,1278,John I. Leonard HS,4701 10th Ave,Greenacres,33463,Palm Beach,-80.116364,26.63014399,"-80.11636400, 26.63014399",17R NK 87957 45775,SHELTER,RISK,9,2004,3 Classroom,A, ,0,0,343,6864,0,0,343,6864,343,L,No,No,No,Yes,Yes, , , , ,,,SHELTER,,Risk Shelter Inventory,Critical Community and Emergency Facilities,Regionally Significant,RSI_PT_1286,Greenacres,South Florida Water Management District,FDEM,Risk Shelter Inventory - General - FDEM,,,,Treasure Coast,Southeast District,Southeast,4,89,24,Not Affected,Not Affected,Not Affected,Not Affected,Not Affected,Not Affected,Not Affected,Not Affected,Not Affected,Not Affected,Not Affected,Not Affected,Not Affected,Not Affected,Not Affected,Not Affected,Not Affected,Not Affected,Not Affected,Not Affected,Not Affected,785916.6616,297766.7294
1287,1279,Atlantic Community HS,2455 W Atlantic Ave,Delray,33445,Palm Beach,-80.09823503,26.46261699,"-80.09823503, 26.46261699",17R NK 89892 27232,SHELTER,RISK,9,2003,2 Auditorium,A, ,0,0,742,14846,0,0,742,14846,742,L,No,No,No,Yes,Yes, , , , ,,,SHELTER,,Risk Shelter Inventory,Critical Community and Emergency Facilities,Regionally Significant,RSI_PT_1126,Delray Beach,South Florida Water Management District,FDEM,Risk Shelter Inventory - General - FDEM,,,,Treasure Coast,Southeast District,Southeast,4,90,26,Not Affected,Not Affected,Not Affected,Not Affected,Not Affected,Not Affected,Not Affected,Not Affected,Not Affected,Not Affected,Not Affected,Not Affected,Not Affected,Not Affected,Not Affected,Not Affected,Not Affected,Not Affected,Medium,Medium,Medium,788305.8463,279236.3832
1288,1280,Seminole Ridge HS,4601 Seminole Pratt Whitney Rd,Loxahatchee,33470,Palm Beach,-80.31068401,26.74666401,"-80.31068401, 26.74666401",17R NK 68544 58562,SHELTER,RISK,9,2003,2 Gym,A, ,0,0,1223,24455,0,0,1223,24455,1223,L,No,No,No,Yes,Yes, , , , ,,,SHELTER,,Risk Shelter Inventory,Critical Community and Emergency Facilities,Regionally Significant,RSI_PT_1124,Westlake,South Florida Water Management District,FDEM,Risk Shelter Inventory - General - FDEM,,,,Treasure Coast,Southeast District,Southeast,4,94,31,Not Affected,Not Affected,Not Affected,Not Affected,Not Affected,Not Affected,Not Affected,Not Affected,Not Affected,Not Affected,Not Affected,Not Affected,Not Affected,Not Affected,Not Affected,Medium,Medium,Medium,Medium,Medium,Medium,766226.0666,310103.3704
1289,1281,West Boca Community HS,12811 Glades Rd,Boca Raton,33498,Palm Beach,-80.24721003,26.36195599,"-80.24721003, 26.36195599",17R NK 75106 15988,SHELTER,RISK,9,2003,6 Classroom,A, ,0,0,628,12550,0,0,628,12550,628, ,No,No,No,Yes,Yes, , , , ,,,SHELTER,,Risk Shelter Inventory,Critical Community and Emergency Facilities,Regionally Significant,RSI_PT_1125,,South Florida Water Management District,FDEM,Risk Shelter Inventory - General - FDEM,,,,Treasure Coast,Southeast District,Southeast,4,92,26,Not Affected,Not Affected,Not Affected,Not Affected,Not Affected,Not Affected,Not Affected,Not Affected,Not Affected,Not Affected,Not Affected,Not Affected,Not Affected,Not Affected,Not Affected,Not Affected,Not Affected,Not Affected,Not Affected,Not Affected,Not Affected,773824.4161,267608.2172
1290,1282,John I. Leonard HS,4701 10th Ave,Greenacres,33463,Palm Beach,-80.116364,26.63014399,"-80.11636400, 26.63014399",17R NK 87957 45775,SHELTER,RISK,9,2004,11 Classroom / P.E.,A, ,0,0,1101,22020,0,0,1101,22020,1101,L,No,No,No,Yes,Yes, , , , ,,,SHELTER,,Risk Shelter Inventory,Critical Community and Emergency Facilities,Regionally Significant,RSI_PT_1286,Greenacres,South Florida Water Management District,FDEM,Risk Shelter Inventory - General - FDEM,,,,Treasure Coast,Southeast District,Southeast,4,89,24,Not Affected,Not Affected,Not Affected,Not Affected,Not Affected,Not Affected,Not Affected,Not Affected,Not Affected,Not Affected,Not Affected,Not Affected,Not Affected,Not Affected,Not Affected,Not Affected,Not Affected,Not Affected,Not Affected,Not Affected,Not Affected,785916.6616,297766.7294
1291,1283,Seminole Ridge HS,4601 Seminole Pratt Whitney Rd,Loxahatchee,33470,Palm Beach,-80.31068401,26.74666401,"-80.31068401, 26.74666401",17R NK 68544 58562,SHELTER,RISK,9,2003,9 Storage,A, ,0,0,43,854,0,0,43,854,43, ,No,No,No,Yes,Yes, , , , ,,,SHELTER,,Risk Shelter Inventory,Critical Community and Emergency Facilities,Regionally Significant,RSI_PT_1124,Westlake,South Florida Water Management District,FDEM,Risk Shelter Inventory - General - FDEM,,,,Treasure Coast,Southeast District,Southeast,4,94,31,Not Affected,Not Affected,Not Affected,Not Affected,Not Affected,Not Affected,Not Affected,Not Affected,Not Affected,Not Affected,Not Affected,Not Affected,Not Affected,Not Affected,Not Affected,Medium,Medium,Medium,Medium,Medium,Medium,766226.0666,310103.3704
1292,1284,Carver MS,101 Barwick Rd,Delray Beach,33445,Palm Beach,-80.112827,26.46019298,"-80.11282700, 26.46019298",17R NK 88439 26954,SHELTER,RISK,9,1992,2 Classroom,R, ,0,0,235,4699,0,0,235,4699,235,S-1118A,No,No,No,Yes,Yes, , , , ,,,SHELTER,,Risk Shelter Inventory,Critical Community and Emergency Facilities,Regionally Significant,RSI_PT_1130,Delray Beach,South Florida Water Management District,FDEM,Risk Shelter Inventory - General - FDEM,,,,Treasure Coast,Southeast District,Southeast,4,90,26,Not Affected,Not Affected,Not Affected,Not Affected,Not Affected,Not Affected,Not Affected,Not Affected,Not Affected,Not Affected,Not Affected,Not Affected,Not Affected,Not Affected,Not Affected,Not Affected,Not Affected,Not Affected,Not Affected,Not Affected,Not Affected,786862.6073,278921.5866
1293,1285,Bear Lakes MS,3505 Shenandoah Rd,W Palm Beach,33409,Palm Beach,-80.10815602,26.73383002,"-80.10815602, 26.73383002",17R NK 88693 57265,SHELTER,RISK,9,1986,2 Art,R, ,0,0,170,3392,0,0,170,3392,170,S-1118A,No,No,No,Yes,Yes, , , , ,,,SHELTER,,Risk Shelter Inventory,Critical Community and Emergency Facilities,Regionally Significant,RSI_PT_1293,West Palm Beach,South Florida Water Management District,FDEM,Risk Shelter Inventory - General - FDEM,,,,Treasure Coast,Southeast District,Southeast,4,88,24,Not Affected,Not Affected,Not Affected,Not Affected,Not Affected,Not Affected,Not Affected,Not Affected,Not Affected,Not Affected,Not Affected,Not Affected,Not Affected,Not Affected,Not Affected,Not Affected,Not Affected,Not Affected,Not Affected,Low,Low,786368.8006,309297.2753
1294,1286,Lakeshore MS,425 W Canal N St,Belle Grade,33430,Palm Beach,-80.672758,26.689978,"-80.67275800, 26.68997800",17R NK 32556 52139,SHELTER,RISK,9,1999,2 ESE,A, ,0,0,414,8274,0,0,414,8274,414,L,No,No,No,Yes,Yes, , , , ,,,SHELTER,,Risk Shelter Inventory,Critical Community and Emergency Facilities,Regionally Significant,RSI_PT_1294,Belle Glade,South Florida Water Management District,FDEM,Risk Shelter Inventory - General - FDEM,,,,Treasure Coast,Southeast District,Southeast,4,94,26,Not Affected,Not Affected,Not Affected,Not Affected,Not Affected,Not Affected,Not Affected,Not Affected,Not Affected,Not Affected,Not Affected,Not Affected,Not Affected,Not Affected,Not Affected,Not Affected,Not Affected,Not Affected,Not Affected,Not Affected,Not Affected,730463.1654,302790.0755
1295,1287,Palm Beach Central HS,8499 Forest Hill Blvd,W Palm Beach,33411,Palm Beach,-80.1795783,26.65251118,"-80.17957830, 26.65251118",17R NK 81648 48210,SHELTER,RISK,9,2002,6 Classroom,A, ,0,0,830,16600,0,0,830,16600,830, ,No,No,No,Yes,Yes, , , , ,,,SHELTER,,Risk Shelter Inventory,Critical Community and Emergency Facilities,Regionally Significant,RSI_PT_1129,Wellington,South Florida Water Management District,FDEM,Risk Shelter Inventory - General - FDEM,,,,Treasure Coast,Southeast District,Southeast,4,93,26,Not Affected,Not Affected,Not Affected,Not Affected,Not Affected,Not Affected,Not Affected,Not Affected,Not Affected,Not Affected,Not Affected,Not Affected,Not Affected,Not Affected,Not Affected,Not Affected,Not Affected,Not Affected,Not Affected,Not Affected,Not Affected,779560.1726,300052.331
1296,1288,Odyssey MS,6161 Woolbright Rd,Boynton Beach,33437,Palm Beach,-80.14058803,26.51411201,"-80.14058803, 26.51411201",17R NK 85632 32907,SHELTER,RISK,9,2000,4 Gym,A, ,0,0,1003,20061,0,0,1003,20061,1003, ,No,No,No,Yes,Yes, , , , ,,,SHELTER,,Risk Shelter Inventory,Critical Community and Emergency Facilities,Regionally Significant,RSI_PT_1296,,South Florida Water Management District,FDEM,Risk Shelter Inventory - General - FDEM,,,,Treasure Coast,Southeast District,Southeast,4,92,26,Not Affected,Not Affected,Not Affected,Not Affected,Not Affected,Not Affected,Not Affected,Not Affected,Not Affected,Not Affected,Not Affected,Not Affected,Not Affected,Not Affected,Not Affected,Not Affected,Not Affected,Not Affected,Not Affected,Not Affected,Not Affected,783913.3665,284817.0308
1297,1289,Christa McCauliffe MS,6500 Le Chalet Blvd,Boynton Beach,33472,Palm Beach,-80.14611598,26.55171201,"-80.14611598, 26.55171201",17R NK 85053 37068,SHELTER,RISK,9,1985,4 Classroom,R, ,0,0,223,4456,0,0,223,4456,223,S-1543,No,No,No,Yes,Yes, , , , ,,,SHELTER,,Risk Shelter Inventory,Critical Community and Emergency Facilities,Regionally Significant,RSI_PT_1297,,South Florida Water Management District,FDEM,Risk Shelter Inventory - General - FDEM,,,,Treasure Coast,Southeast District,Southeast,4,92,26,Not Affected,Not Affected,Not Affected,Not Affected,Not Affected,Not Affected,Not Affected,Not Affected,Not Affected,Not Affected,Not Affected,Not Affected,Not Affected,Not Affected,Not Affected,Not Affected,Not Affected,Not Affected,Not Affected,Not Affected,Not Affected,783233.2348,288971.5972
1298,1290,Independence MS,4001 Greenway Dr,Jupiter,33458,Palm Beach,-80.12169899,26.89839,"-80.12169899, 26.89839000",17R NK 87221 75483,SHELTER,RISK,9,2001,4 Gym,A, ,0,0,1085,21694,0,0,1085,21694,1085,L,No,No,No,Yes,Yes, , , , ,,,SHELTER,,Risk Shelter Inventory,Critical Community and Emergency Facilities,Regionally Significant,RSI_PT_1298,Jupiter,South Florida Water Management District,FDEM,Risk Shelter Inventory - General - FDEM,,,,Treasure Coast,Southeast District,Southeast,4,87,31,Not Affected,Not Affected,Not Affected,Not Affected,Not Affected,Not Affected,Not Affected,Not Affected,Not Affected,Not Affected,Not Affected,Not Affected,Not Affected,Not Affected,Not Affected,Not Affected,Not Affected,Not Affected,Not Affected,Not Affected,Not Affected,784450.2539,327515.4063
1299,1291,North Grade ES,824 N K St,Lake Worth,33460,Palm Beach,-80.05462902,26.62571801,"-80.05462902, 26.62571801",17R NK 94106 45329,SHELTER,RISK,9,2004,50 Classroom,A, ,0,0,253,5060,0,0,253,5060,253, ,No,No,No,Yes,Yes, , , , ,,,SHELTER,,Risk Shelter Inventory,Critical Community and Emergency Facilities,Regionally Significant,RSI_PT_1299,Lake Worth Beach,South Florida Water Management District,FDEM,Risk Shelter Inventory - General - FDEM,,,,Treasure Coast,Southeast District,Southeast,4,87,24,Not Affected,Not Affected,Not Affected,Not Affected,Not Affected,Not Affected,Not Affected,Not Affected,Not Affected,Not Affected,Not Affected,Not Affected,Not Affected,Not Affected,Not Affected,Not Affected,Not Affected,Not Affected,Not Affected,Not Affected,Not Affected,792064.9028,297470.3863
1300,1292,Christa McCauliffe MS,6500 Le Chalet Blvd,Boynton Beach,33472,Palm Beach,-80.14611598,26.55171201,"-80.14611598, 26.55171201",17R NK 85053 37068,SHELTER,RISK,9,1985,2 Classroom,R, ,0,0,221,4415,0,0,221,4415,221,S-1543,No,No,No,Yes,Yes, , , , ,,,SHELTER,,Risk Shelter Inventory,Critical Community and Emergency Facilities,Regionally Significant,RSI_PT_1297,,South Florida Water Management District,FDEM,Risk Shelter Inventory - General - FDEM,,,,Treasure Coast,Southeast District,Southeast,4,92,26,Not Affected,Not Affected,Not Affected,Not Affected,Not Affected,Not Affected,Not Affected,Not Affected,Not Affected,Not Affected,Not Affected,Not Affected,Not Affected,Not Affected,Not Affected,Not Affected,Not Affected,Not Affected,Not Affected,Not Affected,Not Affected,783233.2348,288971.5972
1301,1293,Watson B. Duncan MS,5150 117th Ct N,Palm Bch Gardens,33418,Palm Beach,-80.11500403,26.84747999,"-80.11500403, 26.84747999",17R NK 87925 69849,SHELTER,RISK,9,1989,6 Classroom,R, ,0,0,257,5131,0,0,257,5131,257, ,No,No,No,Yes,Yes, , , , ,,,SHELTER,,Risk Shelter Inventory,Critical Community and Emergency Facilities,Regionally Significant,RSI_PT_1301,Palm Beach Gardens,South Florida Water Management District,FDEM,Risk Shelter Inventory - General - FDEM,,,,Treasure Coast,Southeast District,Southeast,4,87,31,Not Affected,Not Affected,Not Affected,Not Affected,Not Affected,Not Affected,Not Affected,Not Affected,Not Affected,Not Affected,Not Affected,Not Affected,Not Affected,Not Affected,Not Affected,Not Affected,Not Affected,Not Affected,Not Affected,Not Affected,Not Affected,785291.7378,321886.9092
1302,1294,West Boca Community HS,12811 Glades Rd,Boca Raton,33498,Palm Beach,-80.24721003,26.36195599,"-80.24721003, 26.36195599",17R NK 75106 15988,SHELTER,RISK,9,2003,4 Classroom,A, ,0,0,235,4696,0,0,235,4696,235, ,No,No,No,Yes,Yes, , , , ,,,SHELTER,,Risk Shelter Inventory,Critical Community and Emergency Facilities,Regionally Significant,RSI_PT_1125,,South Florida Water Management District,FDEM,Risk Shelter Inventory - General - FDEM,,,,Treasure Coast,Southeast District,Southeast,4,92,26,Not Affected,Not Affected,Not Affected,Not Affected,Not Affected,Not Affected,Not Affected,Not Affected,Not Affected,Not Affected,Not Affected,Not Affected,Not Affected,Not Affected,Not Affected,Not Affected,Not Affected,Not Affected,Not Affected,Not Affected,Not Affected,773824.4161,267608.2172
1303,1295,Boynton Beach HS,4975 Park Ridge Blvd,Boynton Beach,33426,Palm Beach,-80.08349797,26.541169,"-80.08349797, 26.54116900",17R NK 91299 35943,SHELTER,RISK,9,1999,3 Cafeteria,A, ,0,0,383,7658,0,0,383,7658,383,L,No,No,No,Yes,Yes, , , , ,,,SHELTER,,Risk Shelter Inventory,Critical Community and Emergency Facilities,Regionally Significant,RSI_PT_1303,Boynton Beach,South Florida Water Management District,FDEM,Risk Shelter Inventory - General - FDEM,,,,Treasure Coast,Southeast District,Southeast,4,90,26,Not Affected,Not Affected,Not Affected,Not Affected,Not Affected,Not Affected,Not Affected,Not Affected,Not Affected,Not Affected,Not Affected,Not Affected,Not Affected,Not Affected,Not Affected,Not Affected,Not Affected,Not Affected,Medium,Medium,Medium,789495.1059,287998.0315
1304,1296,Atlantic Community HS,2455 W Atlantic Ave,Delray,33445,Palm Beach,-80.09823503,26.46261699,"-80.09823503, 26.46261699",17R NK 89892 27232,SHELTER,RISK,9,2003,7 Gym,A, ,0,0,899,17978,0,0,899,17978,899,L,No,No,No,Yes,Yes, , , , ,,,SHELTER,,Risk Shelter Inventory,Critical Community and Emergency Facilities,Regionally Significant,RSI_PT_1126,Delray Beach,South Florida Water Management District,FDEM,Risk Shelter Inventory - General - FDEM,,,,Treasure Coast,Southeast District,Southeast,4,90,26,Not Affected,Not Affected,Not Affected,Not Affected,Not Affected,Not Affected,Not Affected,Not Affected,Not Affected,Not Affected,Not Affected,Not Affected,Not Affected,Not Affected,Not Affected,Not Affected,Not Affected,Not Affected,Medium,Medium,Medium,788305.8463,279236.3832
1305,1297,Forest Hill Community HS,6901 Parker Ave,W. Palm Beach,33405,Palm Beach,-80.06712199,26.65448198,"-80.06712199, 26.65448198",17R NK 92839 48505,SHELTER,RISK,9,2002,3 Cafeteria / Gym,A, ,0,0,1119,22372,0,0,1119,22372,1119, ,No,No,No,Yes,Yes, , , , ,,,SHELTER,,Risk Shelter Inventory,Critical Community and Emergency Facilities,Regionally Significant,RSI_PT_1282,West Palm Beach,South Florida Water Management District,FDEM,Risk Shelter Inventory - General - FDEM,,,,Treasure Coast,Southeast District,Southeast,4,89,24,Not Affected,Not Affected,Not Affected,Not Affected,Not Affected,Not Affected,Not Affected,Not Affected,Not Affected,Not Affected,Not Affected,Not Affected,Not Affected,Not Affected,Not Affected,High,High,High,High,High,High,790722.0337,300622.2336
1306,1298,West Boca Community HS,12811 Glades Rd,Boca Raton,33498,Palm Beach,-80.24721003,26.36195599,"-80.24721003, 26.36195599",17R NK 75106 15988,SHELTER,RISK,9,2003,3 Classroom,A, ,0,0,824,16483,0,0,824,16483,824, ,No,No,No,Yes,Yes, , , , ,,,SHELTER,,Risk Shelter Inventory,Critical Community and Emergency Facilities,Regionally Significant,RSI_PT_1125,,South Florida Water Management District,FDEM,Risk Shelter Inventory - General - FDEM,,,,Treasure Coast,Southeast District,Southeast,4,92,26,Not Affected,Not Affected,Not Affected,Not Affected,Not Affected,Not Affected,Not Affected,Not Affected,Not Affected,Not Affected,Not Affected,Not Affected,Not Affected,Not Affected,Not Affected,Not Affected,Not Affected,Not Affected,Not Affected,Not Affected,Not Affected,773824.4161,267608.2172
1307,1299,Palm Beach Gardens Community HS,4245 Holly Dr,Palm Bch Gardens,33410,Palm Beach,-80.10165703,26.82475301,"-80.10165703, 26.82475301",17R NK 89269 67341,SHELTER,RISK,9,2005,3 Classroom,A, ,0,0,2153,43067,0,0,2153,43067,2153, ,No,No,No,Yes,Yes, , , , ,,,SHELTER,,Risk Shelter Inventory,Critical Community and Emergency Facilities,Regionally Significant,RSI_PT_1307,Palm Beach Gardens,South Florida Water Management District,FDEM,Risk Shelter Inventory - General - FDEM,,,,Treasure Coast,Southeast District,Southeast,4,87,24,Not Affected,Not Affected,Not Affected,Not Affected,Not Affected,Not Affected,Not Affected,Not Affected,Not Affected,Not Affected,Not Affected,Not Affected,Not Affected,Not Affected,Not Affected,Low,Medium,Medium,Medium,Medium,Medium,786694.7298,319406.7604
1308,1300,West Boca Community HS,12811 Glades Rd,Boca Raton,33498,Palm Beach,-80.24721003,26.36195599,"-80.24721003, 26.36195599",17R NK 75106 15988,SHELTER,RISK,9,2003,9 Cafeteria,A, ,0,0,333,6653,0,0,333,6653,333, ,No,No,No,Yes,Yes, , , , ,,,SHELTER,,Risk Shelter Inventory,Critical Community and Emergency Facilities,Regionally Significant,RSI_PT_1125,,South Florida Water Management District,FDEM,Risk Shelter Inventory - General - FDEM,,,,Treasure Coast,Southeast District,Southeast,4,92,26,Not Affected,Not Affected,Not Affected,Not Affected,Not Affected,Not Affected,Not Affected,Not Affected,Not Affected,Not Affected,Not Affected,Not Affected,Not Affected,Not Affected,Not Affected,Not Affected,Not Affected,Not Affected,Not Affected,Not Affected,Not Affected,773824.4161,267608.2172
1309,1301,Omni MS,5775 Jog Rd,Boca Raton,33496,Palm Beach,-80.14754401,26.39945302,"-80.14754401, 26.39945302",17R NK 85023 20203,SHELTER,RISK,9,1989,4 Classroom,R, ,0,0,260,5203,0,0,260,5203,260, ,No,No,No,Yes,Yes, , , , ,,,SHELTER,,Risk Shelter Inventory,Critical Community and Emergency Facilities,Regionally Significant,RSI_PT_1283,Boca Raton,South Florida Water Management District,FDEM,Risk Shelter Inventory - General - FDEM,,,,Treasure Coast,Southeast District,Southeast,4,91,26,Not Affected,Not Affected,Not Affected,Not Affected,Not Affected,Not Affected,Not Affected,Not Affected,Not Affected,Not Affected,Not Affected,Not Affected,Not Affected,Not Affected,Not Affected,Not Affected,Not Affected,Not Affected,Not Affected,Not Affected,Not Affected,783619.1954,272074.3593
1310,1302,John I. Leonard HS,4701 10th Ave,Greenacres,33463,Palm Beach,-80.116364,26.63014399,"-80.11636400, 26.63014399",17R NK 87957 45775,SHELTER,RISK,9,2004,9 Music,A, ,0,0,229,4588,0,0,229,4588,229,L,No,No,No,Yes,Yes, , , , ,,,SHELTER,,Risk Shelter Inventory,Critical Community and Emergency Facilities,Regionally Significant,RSI_PT_1286,Greenacres,South Florida Water Management District,FDEM,Risk Shelter Inventory - General - FDEM,,,,Treasure Coast,Southeast District,Southeast,4,89,24,Not Affected,Not Affected,Not Affected,Not Affected,Not Affected,Not Affected,Not Affected,Not Affected,Not Affected,Not Affected,Not Affected,Not Affected,Not Affected,Not Affected,Not Affected,Not Affected,Not Affected,Not Affected,Not Affected,Not Affected,Not Affected,785916.6616,297766.7294
1311,1303,Palm Beach Gardens Community HS,4245 Holly Dr,Palm Bch Gardens,33410,Palm Beach,-80.10165703,26.82475301,"-80.10165703, 26.82475301",17R NK 89269 67341,SHELTER,RISK,9,2005,4 Classroom,A, ,0,0,706,14125,0,0,706,14125,706, ,No,No,No,Yes,Yes, , , , ,,,SHELTER,,Risk Shelter Inventory,Critical Community and Emergency Facilities,Regionally Significant,RSI_PT_1307,Palm Beach Gardens,South Florida Water Management District,FDEM,Risk Shelter Inventory - General - FDEM,,,,Treasure Coast,Southeast District,Southeast,4,87,24,Not Affected,Not Affected,Not Affected,Not Affected,Not Affected,Not Affected,Not Affected,Not Affected,Not Affected,Not Affected,Not Affected,Not Affected,Not Affected,Not Affected,Not Affected,Low,Medium,Medium,Medium,Medium,Medium,786694.7298,319406.7604
1312,1304,Watson B. Duncan MS,5150 117th Ct N,Palm Bch Gardens,33418,Palm Beach,-80.11500403,26.84747999,"-80.11500403, 26.84747999",17R NK 87925 69849,SHELTER,RISK,9,1989,7 Classroom,R, ,0,0,238,4757,0,0,238,4757,238, ,No,No,No,Yes,Yes, , , , ,,,SHELTER,,Risk Shelter Inventory,Critical Community and Emergency Facilities,Regionally Significant,RSI_PT_1301,Palm Beach Gardens,South Florida Water Management District,FDEM,Risk Shelter Inventory - General - FDEM,,,,Treasure Coast,Southeast District,Southeast,4,87,31,Not Affected,Not Affected,Not Affected,Not Affected,Not Affected,Not Affected,Not Affected,Not Affected,Not Affected,Not Affected,Not Affected,Not Affected,Not Affected,Not Affected,Not Affected,Not Affected,Not Affected,Not Affected,Not Affected,Not Affected,Not Affected,785291.7378,321886.9092
1313,1305,Park Vista Community HS,7900 S Jog Rd,Lake Worth,33467,Palm Beach,-80.14396996,26.55899702,"-80.14396996, 26.55899702",17R NK 85261 37876,SHELTER,RISK,9,2002,9 Auditorium,A, ,0,0,716,14316,0,0,716,14316,716,L,No,No,No,Yes,Yes, , , , ,,,SHELTER,,Risk Shelter Inventory,Critical Community and Emergency Facilities,Regionally Significant,RSI_PT_1127,,South Florida Water Management District,FDEM,Risk Shelter Inventory - General - FDEM,,,,Treasure Coast,Southeast District,Southeast,4,92,26,Not Affected,Not Affected,Not Affected,Not Affected,Not Affected,Not Affected,Not Affected,Not Affected,Not Affected,Not Affected,Not Affected,Not Affected,Not Affected,Not Affected,Not Affected,Not Affected,Not Affected,Not Affected,Not Affected,Not Affected,Not Affected,783421.2837,289786.5573
1314,1306,Wm. T. Dwyer HS,13601 N Military Tr,Palm Bch Gardens,33418,Palm Beach,-80.10635399,26.87695802,"-80.10635399, 26.87695802",17R NK 88761 73120,SHELTER,RISK,9,1990,1 Clinic / Classroom,R, ,0,0,995,19905,0,0,995,19905,995,S-1118A,No,No,No,Yes,Yes, , , , ,,,SHELTER,,Risk Shelter Inventory,Critical Community and Emergency Facilities,Regionally Significant,RSI_PT_1314,Palm Beach Gardens,South Florida Water Management District,FDEM,Risk Shelter Inventory - General - FDEM,,,,Treasure Coast,Southeast District,Southeast,4,87,31,Not Affected,Not Affected,Not Affected,Not Affected,Not Affected,Not Affected,Not Affected,Not Affected,Not Affected,Not Affected,Not Affected,Not Affected,Not Affected,Not Affected,Not Affected,Not Affected,Not Affected,Not Affected,Not Affected,Not Affected,Not Affected,786045.9956,325185.0648
1315,1307,Palm Beach Central HS,8499 Forest Hill Blvd,W Palm Beach,33411,Palm Beach,-80.1795783,26.65251118,"-80.17957830, 26.65251118",17R NK 81648 48210,SHELTER,RISK,9,2002,7 Classroom,A, ,0,0,1026,20514,0,0,1026,20514,1026, ,No,No,No,Yes,Yes, , , , ,,,SHELTER,,Risk Shelter Inventory,Critical Community and Emergency Facilities,Regionally Significant,RSI_PT_1129,Wellington,South Florida Water Management District,FDEM,Risk Shelter Inventory - General - FDEM,,,,Treasure Coast,Southeast District,Southeast,4,93,26,Not Affected,Not Affected,Not Affected,Not Affected,Not Affected,Not Affected,Not Affected,Not Affected,Not Affected,Not Affected,Not Affected,Not Affected,Not Affected,Not Affected,Not Affected,Not Affected,Not Affected,Not Affected,Not Affected,Not Affected,Not Affected,779560.1726,300052.331
1316,1308,Christa McCauliffe MS,6500 Le Chalet Blvd,Boynton Beach,33472,Palm Beach,-80.14611598,26.55171201,"-80.14611598, 26.55171201",17R NK 85053 37068,SHELTER,RISK,9,1985,3 Classroom,R, ,0,0,303,6052,0,0,303,6052,303,S-1543,No,No,No,Yes,Yes, , , , ,,,SHELTER,,Risk Shelter Inventory,Critical Community and Emergency Facilities,Regionally Significant,RSI_PT_1297,,South Florida Water Management District,FDEM,Risk Shelter Inventory - General - FDEM,,,,Treasure Coast,Southeast District,Southeast,4,92,26,Not Affected,Not Affected,Not Affected,Not Affected,Not Affected,Not Affected,Not Affected,Not Affected,Not Affected,Not Affected,Not Affected,Not Affected,Not Affected,Not Affected,Not Affected,Not Affected,Not Affected,Not Affected,Not Affected,Not Affected,Not Affected,783233.2348,288971.5972
1317,1309,Seminole Ridge HS,4601 Seminole Pratt Whitney Rd,Loxahatchee,33470,Palm Beach,-80.31068401,26.74666401,"-80.31068401, 26.74666401",17R NK 68544 58562,SHELTER,RISK,9,2003,10 Cafeteria,A, ,0,0,326,6512,0,0,326,6512,326, ,No,No,No,Yes,Yes, , , , ,,,SHELTER,,Risk Shelter Inventory,Critical Community and Emergency Facilities,Regionally Significant,RSI_PT_1124,Westlake,South Florida Water Management District,FDEM,Risk Shelter Inventory - General - FDEM,,,,Treasure Coast,Southeast District,Southeast,4,94,31,Not Affected,Not Affected,Not Affected,Not Affected,Not Affected,Not Affected,Not Affected,Not Affected,Not Affected,Not Affected,Not Affected,Not Affected,Not Affected,Not Affected,Not Affected,Medium,Medium,Medium,Medium,Medium,Medium,766226.0666,310103.3704
1318,1310,Bear Lakes MS,3505 Shenandoah Rd,W Palm Beach,33409,Palm Beach,-80.10815602,26.73383002,"-80.10815602, 26.73383002",17R NK 88693 57265,SHELTER,RISK,9,1986,1 Admin,R, ,0,0,17,335,0,0,17,335,17,S-1118A,No,No,No,Yes,Yes, , , , ,,,SHELTER,,Risk Shelter Inventory,Critical Community and Emergency Facilities,Regionally Significant,RSI_PT_1293,West Palm Beach,South Florida Water Management District,FDEM,Risk Shelter Inventory - General - FDEM,,,,Treasure Coast,Southeast District,Southeast,4,88,24,Not Affected,Not Affected,Not Affected,Not Affected,Not Affected,Not Affected,Not Affected,Not Affected,Not Affected,Not Affected,Not Affected,Not Affected,Not Affected,Not Affected,Not Affected,Not Affected,Not Affected,Not Affected,Not Affected,Low,Low,786368.8006,309297.2753
1319,1311,Boca Raton Community HS,1501 NW 15th Ct,Boca Raton,33486,Palm Beach,-80.11704997,26.36474,"-80.11704997, 26.36474000",17R NK 88091 16378,SHELTER,RISK,9,2002,4 Classroom,A, ,0,0,1578,31567,0,0,1578,31567,1578, ,E,No,No,Yes,Yes, , , , ,,,SHELTER,,Risk Shelter Inventory,Critical Community and Emergency Facilities,Regionally Significant,RSI_PT_1128,Boca Raton,South Florida Water Management District,FDEM,Risk Shelter Inventory - General - FDEM,,,,Treasure Coast,Southeast District,Southeast,4,91,30,Not Affected,Not Affected,Not Affected,Not Affected,Not Affected,Not Affected,Not Affected,Not Affected,Not Affected,Not Affected,Not Affected,Not Affected,Not Affected,Low,Medium,Medium,Medium,Medium,Medium,Medium,Medium,786776.0298,268318.4924
1320,1312,Lakeshore MS,425 W Canal N St,Belle Grade,33430,Palm Beach,-80.672758,26.689978,"-80.67275800, 26.68997800",17R NK 32556 52139,SHELTER,RISK,9,1999,3 Cafeteria,A, ,0,0,497,9930,0,0,497,9930,497,L,No,No,No,Yes,Yes, , , , ,,,SHELTER,,Risk Shelter Inventory,Critical Community and Emergency Facilities,Regionally Significant,RSI_PT_1294,Belle Glade,South Florida Water Management District,FDEM,Risk Shelter Inventory - General - FDEM,,,,Treasure Coast,Southeast District,Southeast,4,94,26,Not Affected,Not Affected,Not Affected,Not Affected,Not Affected,Not Affected,Not Affected,Not Affected,Not Affected,Not Affected,Not Affected,Not Affected,Not Affected,Not Affected,Not Affected,Not Affected,Not Affected,Not Affected,Not Affected,Not Affected,Not Affected,730463.1654,302790.0755
1321,1313,John I. Leonard HS,4701 10th Ave,Greenacres,33463,Palm Beach,-80.116364,26.63014399,"-80.11636400, 26.63014399",17R NK 87957 45775,SHELTER,RISK,9,2004,10 Auditorium,A, ,0,0,613,12254,0,0,613,12254,613,L,No,No,No,Yes,Yes, , , , ,,,SHELTER,,Risk Shelter Inventory,Critical Community and Emergency Facilities,Regionally Significant,RSI_PT_1286,Greenacres,South Florida Water Management District,FDEM,Risk Shelter Inventory - General - FDEM,,,,Treasure Coast,Southeast District,Southeast,4,89,24,Not Affected,Not Affected,Not Affected,Not Affected,Not Affected,Not Affected,Not Affected,Not Affected,Not Affected,Not Affected,Not Affected,Not Affected,Not Affected,Not Affected,Not Affected,Not Affected,Not Affected,Not Affected,Not Affected,Not Affected,Not Affected,785916.6616,297766.7294
1322,1314,Frontier ES,6701 180th Ave N,Loxahatchee,33470,Palm Beach,-80.32899997,26.77624601,"-80.32899997, 26.77624601",17R NK 66705 61828,SHELTER,RISK,9,2000,1 Classroom,A, ,0,0,2249,44983,0,0,2249,44983,2249, ,No,No,No,Yes,Yes, , , , ,,,SHELTER,,Risk Shelter Inventory,Critical Community and Emergency Facilities,Regionally Significant,RSI_PT_1322,,South Florida Water Management District,FDEM,Risk Shelter Inventory - General - FDEM,,,,Treasure Coast,Southeast District,Southeast,4,94,31,Not Affected,Not Affected,Not Affected,Not Affected,Not Affected,Not Affected,Not Affected,Not Affected,Not Affected,Not Affected,Not Affected,Not Affected,Not Affected,Not Affected,Not Affected,Not Affected,Not Affected,Not Affected,Not Affected,Not Affected,Not Affected,764310.6881,313331.7825
1323,1315,West Boca Community HS,12811 Glades Rd,Boca Raton,33498,Palm Beach,-80.24721003,26.36195599,"-80.24721003, 26.36195599",17R NK 75106 15988,SHELTER,RISK,9,2003,5 Science,A, ,0,0,1061,21211,0,0,1061,21211,1061, ,No,No,No,Yes,Yes, , , , ,,,SHELTER,,Risk Shelter Inventory,Critical Community and Emergency Facilities,Regionally Significant,RSI_PT_1125,,South Florida Water Management District,FDEM,Risk Shelter Inventory - General - FDEM,,,,Treasure Coast,Southeast District,Southeast,4,92,26,Not Affected,Not Affected,Not Affected,Not Affected,Not Affected,Not Affected,Not Affected,Not Affected,Not Affected,Not Affected,Not Affected,Not Affected,Not Affected,Not Affected,Not Affected,Not Affected,Not Affected,Not Affected,Not Affected,Not Affected,Not Affected,773824.4161,267608.2172
1324,1316,Wellington Landings MS,1100 Aero Club Dr,Wellington,33414,Palm Beach,-80.28631287,26.66625788,"-80.28631287, 26.66625788",17R NK 71017 49669,SHELTER,RISK,9,1987,4 Science / Classroom,R, ,0,0,239,4773,0,0,239,4773,239, ,No,No,No,Yes,Yes, , , , ,,,SHELTER,,Risk Shelter Inventory,Critical Community and Emergency Facilities,Regionally Significant,RSI_PT_1285,Wellington,South Florida Water Management District,FDEM,Risk Shelter Inventory - General - FDEM,,,,Treasure Coast,Southeast District,Southeast,4,93,26,Not Affected,Not Affected,Not Affected,Not Affected,Not Affected,Not Affected,Not Affected,Not Affected,Not Affected,Not Affected,Not Affected,Not Affected,Not Affected,Not Affected,Not Affected,Not Affected,Not Affected,Not Affected,Not Affected,Not Affected,Not Affected,768913.3587,301253.754
1325,1317,Olympic Heights Community HS,20101 Lyons Rd,Boca Raton,33434,Palm Beach,-80.18827201,26.37683999,"-80.18827201, 26.37683999",17R NK 80976 17672,SHELTER,RISK,9,1990,4 Gym,R, ,0,0,920,18397,0,0,920,18397,920, ,No,No,No,Yes,Yes, , , , ,,,SHELTER,,Risk Shelter Inventory,Critical Community and Emergency Facilities,Regionally Significant,RSI_PT_1325,,South Florida Water Management District,FDEM,Risk Shelter Inventory - General - FDEM,,,,Treasure Coast,Southeast District,Southeast,4,92,26,Not Affected,Not Affected,Not Affected,Not Affected,Not Affected,Not Affected,Not Affected,Not Affected,Not Affected,Not Affected,Not Affected,Not Affected,Not Affected,Not Affected,Not Affected,Not Affected,Not Affected,Not Affected,Not Affected,Not Affected,Not Affected,779642.4604,269439.556
1326,1318,Watson B. Duncan MS,5150 117th Ct N,Palm Bch Gardens,33418,Palm Beach,-80.11500403,26.84747999,"-80.11500403, 26.84747999",17R NK 87925 69849,SHELTER,RISK,9,1989,3 Classroom,R, ,0,0,290,5797,0,0,290,5797,290, ,No,No,No,Yes,Yes, , , , ,,,SHELTER,,Risk Shelter Inventory,Critical Community and Emergency Facilities,Regionally Significant,RSI_PT_1301,Palm Beach Gardens,South Florida Water Management District,FDEM,Risk Shelter Inventory - General - FDEM,,,,Treasure Coast,Southeast District,Southeast,4,87,31,Not Affected,Not Affected,Not Affected,Not Affected,Not Affected,Not Affected,Not Affected,Not Affected,Not Affected,Not Affected,Not Affected,Not Affected,Not Affected,Not Affected,Not Affected,Not Affected,Not Affected,Not Affected,Not Affected,Not Affected,Not Affected,785291.7378,321886.9092
1327,1319,Boca Raton Community HS,1501 NW 15th Ct,Boca Raton,33486,Palm Beach,-80.11704997,26.36474,"-80.11704997, 26.36474000",17R NK 88091 16378,SHELTER,RISK,9,2002,5 Classroom,A, ,0,0,1312,26230,0,0,1312,26230,1312, ,E,No,No,Yes,Yes, , , , ,,,SHELTER,,Risk Shelter Inventory,Critical Community and Emergency Facilities,Regionally Significant,RSI_PT_1128,Boca Raton,South Florida Water Management District,FDEM,Risk Shelter Inventory - General - FDEM,,,,Treasure Coast,Southeast District,Southeast,4,91,30,Not Affected,Not Affected,Not Affected,Not Affected,Not Affected,Not Affected,Not Affected,Not Affected,Not Affected,Not Affected,Not Affected,Not Affected,Not Affected,Low,Medium,Medium,Medium,Medium,Medium,Medium,Medium,786776.0298,268318.4924
1328,1320,Atlantic Community HS,2455 W Atlantic Ave,Delray,33445,Palm Beach,-80.09823503,26.46261699,"-80.09823503, 26.46261699",17R NK 89892 27232,SHELTER,RISK,9,2003,4 Classroom,A, ,0,0,1418,28350,0,0,1418,28350,1418,L,No,No,No,Yes,Yes, , , , ,,,SHELTER,,Risk Shelter Inventory,Critical Community and Emergency Facilities,Regionally Significant,RSI_PT_1126,Delray Beach,South Florida Water Management District,FDEM,Risk Shelter Inventory - General - FDEM,,,,Treasure Coast,Southeast District,Southeast,4,90,26,Not Affected,Not Affected,Not Affected,Not Affected,Not Affected,Not Affected,Not Affected,Not Affected,Not Affected,Not Affected,Not Affected,Not Affected,Not Affected,Not Affected,Not Affected,Not Affected,Not Affected,Not Affected,Medium,Medium,Medium,788305.8463,279236.3832
1329,1321,Boynton Beach HS,4975 Park Ridge Blvd,Boynton Beach,33426,Palm Beach,-80.08349797,26.541169,"-80.08349797, 26.54116900",17R NK 91299 35943,SHELTER,RISK,9,1999,1 Admin / Clinic,A, ,0,0,102,2043,0,0,102,2043,102,L,E,No,No,Yes,Yes, , , , ,,,SHELTER,,Risk Shelter Inventory,Critical Community and Emergency Facilities,Regionally Significant,RSI_PT_1303,Boynton Beach,South Florida Water Management District,FDEM,Risk Shelter Inventory - General - FDEM,,,,Treasure Coast,Southeast District,Southeast,4,90,26,Not Affected,Not Affected,Not Affected,Not Affected,Not Affected,Not Affected,Not Affected,Not Affected,Not Affected,Not Affected,Not Affected,Not Affected,Not Affected,Not Affected,Not Affected,Not Affected,Not Affected,Not Affected,Medium,Medium,Medium,789495.1059,287998.0315
1330,1322,Hertiage ES,5100 Melaleuca Ln,Greenacres,33463,Palm Beach,-80.12410502,26.60669101,"-80.12410502, 26.60669101",17R NK 87204 43172,SHELTER,RISK,9,2000,1 Admin / Cafeteria,A, ,0,0,2230,44602,0,0,2230,44602,2230, ,No,No,No,Yes,Yes, , , , ,,,SHELTER,,Risk Shelter Inventory,Critical Community and Emergency Facilities,Regionally Significant,RSI_PT_1330,Greenacres,South Florida Water Management District,FDEM,Risk Shelter Inventory - General - FDEM,,,,Treasure Coast,Southeast District,Southeast,4,89,24,Not Affected,Not Affected,Not Affected,Not Affected,Not Affected,Not Affected,Not Affected,Not Affected,Not Affected,Not Affected,Not Affected,Not Affected,Not Affected,Not Affected,Not Affected,Not Affected,Not Affected,Not Affected,Not Affected,Not Affected,Not Affected,785229.508,295140.2929
1331,1323,Bear Lakes MS,3505 Shenandoah Rd,W Palm Beach,33409,Palm Beach,-80.10815602,26.73383002,"-80.10815602, 26.73383002",17R NK 88693 57265,SHELTER,RISK,9,1986,4 Classroom,R, ,0,0,224,4479,0,0,224,4479,224,S-1118A,No,No,No,Yes,Yes, , , , ,,,SHELTER,,Risk Shelter Inventory,Critical Community and Emergency Facilities,Regionally Significant,RSI_PT_1293,West Palm Beach,South Florida Water Management District,FDEM,Risk Shelter Inventory - General - FDEM,,,,Treasure Coast,Southeast District,Southeast,4,88,24,Not Affected,Not Affected,Not Affected,Not Affected,Not Affected,Not Affected,Not Affected,Not Affected,Not Affected,Not Affected,Not Affected,Not Affected,Not Affected,Not Affected,Not Affected,Not Affected,Not Affected,Not Affected,Not Affected,Low,Low,786368.8006,309297.2753
1332,1324,Palm Beach Central HS,8499 Forest Hill Blvd,W Palm Beach,33411,Palm Beach,-80.1795783,26.65251118,"-80.17957830, 26.65251118",17R NK 81648 48210,SHELTER,RISK,9,2002,3 Cafeteria,A, ,0,0,364,7279,0,0,364,7279,364, ,No,No,No,Yes,Yes, , , , ,,,SHELTER,,Risk Shelter Inventory,Critical Community and Emergency Facilities,Regionally Significant,RSI_PT_1129,Wellington,South Florida Water Management District,FDEM,Risk Shelter Inventory - General - FDEM,,,,Treasure Coast,Southeast District,Southeast,4,93,26,Not Affected,Not Affected,Not Affected,Not Affected,Not Affected,Not Affected,Not Affected,Not Affected,Not Affected,Not Affected,Not Affected,Not Affected,Not Affected,Not Affected,Not Affected,Not Affected,Not Affected,Not Affected,Not Affected,Not Affected,Not Affected,779560.1726,300052.331
1333,1325,North Grade ES,824 N K St,Lake Worth,33460,Palm Beach,-80.05462902,26.62571801,"-80.05462902, 26.62571801",17R NK 94106 45329,SHELTER,RISK,9,1999,1 Cafeteria / Clinic,A, ,0,0,1966,39314,0,0,1966,39314,1966, ,No,No,No,Yes,Yes, , , , ,,,SHELTER,,Risk Shelter Inventory,Critical Community and Emergency Facilities,Regionally Significant,RSI_PT_1299,Lake Worth Beach,South Florida Water Management District,FDEM,Risk Shelter Inventory - General - FDEM,,,,Treasure Coast,Southeast District,Southeast,4,87,24,Not Affected,Not Affected,Not Affected,Not Affected,Not Affected,Not Affected,Not Affected,Not Affected,Not Affected,Not Affected,Not Affected,Not Affected,Not Affected,Not Affected,Not Affected,Not Affected,Not Affected,Not Affected,Not Affected,Not Affected,Not Affected,792064.9028,297470.3863
1334,1326,Seminole Ridge HS,4601 Seminole Pratt Whitney Rd,Loxahatchee,33470,Palm Beach,-80.31068401,26.74666401,"-80.31068401, 26.74666401",17R NK 68544 58562,SHELTER,RISK,9,2003,6 Classroom,A, ,0,0,540,10795,0,0,540,10795,540, ,No,No,No,Yes,Yes, , , , ,,,SHELTER,,Risk Shelter Inventory,Critical Community and Emergency Facilities,Regionally Significant,RSI_PT_1124,Westlake,South Florida Water Management District,FDEM,Risk Shelter Inventory - General - FDEM,,,,Treasure Coast,Southeast District,Southeast,4,94,31,Not Affected,Not Affected,Not Affected,Not Affected,Not Affected,Not Affected,Not Affected,Not Affected,Not Affected,Not Affected,Not Affected,Not Affected,Not Affected,Not Affected,Not Affected,Medium,Medium,Medium,Medium,Medium,Medium,766226.0666,310103.3704
1335,1327,Lake Worth MS,1300 Barnett Dr,Lake Worth,33461,Palm Beach,-80.07066997,26.63278601,"-80.07066997, 26.63278601",17R NK 92503 46100,SHELTER,RISK,9,1989,2 Classroom / Art,R, ,0,0,272,5446,0,0,272,5446,272,S-1118A,No,No,No,Yes,Yes, , , , ,,,SHELTER,,Risk Shelter Inventory,Critical Community and Emergency Facilities,Regionally Significant,RSI_PT_1335,Lake Worth Beach,South Florida Water Management District,FDEM,Risk Shelter Inventory - General - FDEM,,,,Treasure Coast,Southeast District,Southeast,4,89,24,Not Affected,Not Affected,Not Affected,Not Affected,Not Affected,Not Affected,Not Affected,Not Affected,Not Affected,Not Affected,Not Affected,Not Affected,Not Affected,Not Affected,Not Affected,Not Affected,Not Affected,Not Affected,Not Affected,Not Affected,Not Affected,790446.4025,298203.7154
1336,1328,Glades Central Community HS,1001 SW Ave M,Belle Glade,33430,Palm Beach,-80.68122992,26.66757594,"-80.68122992, 26.66757594",17R NK 31719 49656,SHELTER,RISK,9,1993,4 Gym,R, ,0,0,894,17887,0,0,894,17877,894,S-1118A,No,No,No,Yes,Yes, , , , ,,,SHELTER,,Risk Shelter Inventory,Critical Community and Emergency Facilities,Regionally Significant,RSI_PT_1336,Belle Glade,South Florida Water Management District,FDEM,Risk Shelter Inventory - General - FDEM,,,,Treasure Coast,Southeast District,Southeast,4,94,26,Not Affected,Not Affected,Not Affected,Not Affected,Not Affected,Not Affected,Not Affected,Not Affected,Not Affected,Not Affected,Not Affected,Not Affected,Not Affected,Not Affected,Not Affected,Not Affected,Not Affected,Low,Low,Medium,Medium,729688.8563,300281.3713
1337,1329,Lakeshore MS,425 W Canal N St,Belle Grade,33430,Palm Beach,-80.672758,26.689978,"-80.67275800, 26.68997800",17R NK 32556 52139,SHELTER,RISK,9,1999,4 Classroom,A, ,0,0,745,14895,0,0,745,14895,745,L,No,No,No,Yes,Yes, , , , ,,,SHELTER,,Risk Shelter Inventory,Critical Community and Emergency Facilities,Regionally Significant,RSI_PT_1294,Belle Glade,South Florida Water Management District,FDEM,Risk Shelter Inventory - General - FDEM,,,,Treasure Coast,Southeast District,Southeast,4,94,26,Not Affected,Not Affected,Not Affected,Not Affected,Not Affected,Not Affected,Not Affected,Not Affected,Not Affected,Not Affected,Not Affected,Not Affected,Not Affected,Not Affected,Not Affected,Not Affected,Not Affected,Not Affected,Not Affected,Not Affected,Not Affected,730463.1654,302790.0755
1338,1330,Carver MS,101 Barwick Rd,Delray Beach,33445,Palm Beach,-80.112827,26.46019298,"-80.11282700, 26.46019298",17R NK 88439 26954,SHELTER,RISK,9,1992,6 Classroom,R, ,0,0,267,5331,0,0,267,5331,267,S-1118A,No,No,No,Yes,Yes, , , , ,,,SHELTER,,Risk Shelter Inventory,Critical Community and Emergency Facilities,Regionally Significant,RSI_PT_1130,Delray Beach,South Florida Water Management District,FDEM,Risk Shelter Inventory - General - FDEM,,,,Treasure Coast,Southeast District,Southeast,4,90,26,Not Affected,Not Affected,Not Affected,Not Affected,Not Affected,Not Affected,Not Affected,Not Affected,Not Affected,Not Affected,Not Affected,Not Affected,Not Affected,Not Affected,Not Affected,Not Affected,Not Affected,Not Affected,Not Affected,Not Affected,Not Affected,786862.6073,278921.5866
1339,1331,Palm Beach Gardens Community HS,4245 Holly Dr,Palm Bch Gardens,33410,Palm Beach,-80.10165703,26.82475301,"-80.10165703, 26.82475301",17R NK 89269 67341,SHELTER,RISK,9,2005,1 Admin / Clinic / Classroom,A, ,0,0,1213,24262,0,0,1213,24262,1213, ,No,No,No,Yes,Yes, , , , ,,,SHELTER,,Risk Shelter Inventory,Critical Community and Emergency Facilities,Regionally Significant,RSI_PT_1307,Palm Beach Gardens,South Florida Water Management District,FDEM,Risk Shelter Inventory - General - FDEM,,,,Treasure Coast,Southeast District,Southeast,4,87,24,Not Affected,Not Affected,Not Affected,Not Affected,Not Affected,Not Affected,Not Affected,Not Affected,Not Affected,Not Affected,Not Affected,Not Affected,Not Affected,Not Affected,Not Affected,Low,Medium,Medium,Medium,Medium,Medium,786694.7298,319406.7604
1340,1332,Park Vista Community HS,7900 S Jog Rd,Lake Worth,33467,Palm Beach,-80.14396996,26.55899702,"-80.14396996, 26.55899702",17R NK 85261 37876,SHELTER,RISK,9,2002,6 Classroom,A, ,0,0,859,17189,0,0,859,17189,859,L,No,No,No,Yes,Yes, , , , ,,,SHELTER,,Risk Shelter Inventory,Critical Community and Emergency Facilities,Regionally Significant,RSI_PT_1127,,South Florida Water Management District,FDEM,Risk Shelter Inventory - General - FDEM,,,,Treasure Coast,Southeast District,Southeast,4,92,26,Not Affected,Not Affected,Not Affected,Not Affected,Not Affected,Not Affected,Not Affected,Not Affected,Not Affected,Not Affected,Not Affected,Not Affected,Not Affected,Not Affected,Not Affected,Not Affected,Not Affected,Not Affected,Not Affected,Not Affected,Not Affected,783421.2837,289786.5573
1341,1333,John I. Leonard HS,4701 10th Ave,Greenacres,33463,Palm Beach,-80.116364,26.63014399,"-80.11636400, 26.63014399",17R NK 87957 45775,SHELTER,RISK,9,2004,6 Classroom,A, ,0,0,663,13256,0,0,663,13256,663,L,No,No,No,Yes,Yes, , , , ,,,SHELTER,,Risk Shelter Inventory,Critical Community and Emergency Facilities,Regionally Significant,RSI_PT_1286,Greenacres,South Florida Water Management District,FDEM,Risk Shelter Inventory - General - FDEM,,,,Treasure Coast,Southeast District,Southeast,4,89,24,Not Affected,Not Affected,Not Affected,Not Affected,Not Affected,Not Affected,Not Affected,Not Affected,Not Affected,Not Affected,Not Affected,Not Affected,Not Affected,Not Affected,Not Affected,Not Affected,Not Affected,Not Affected,Not Affected,Not Affected,Not Affected,785916.6616,297766.7294
1342,1334,Wm. T. Dwyer HS,13601 N Military Tr,Palm Bch Gardens,33418,Palm Beach,-80.10635399,26.87695802,"-80.10635399, 26.87695802",17R NK 88761 73120,SHELTER,RISK,9,1990,2 Classroom,R, ,0,0,1634,32681,0,0,1634,32681,1634,S-1118A,No,No,No,Yes,Yes, , , , ,,,SHELTER,,Risk Shelter Inventory,Critical Community and Emergency Facilities,Regionally Significant,RSI_PT_1314,Palm Beach Gardens,South Florida Water Management District,FDEM,Risk Shelter Inventory - General - FDEM,,,,Treasure Coast,Southeast District,Southeast,4,87,31,Not Affected,Not Affected,Not Affected,Not Affected,Not Affected,Not Affected,Not Affected,Not Affected,Not Affected,Not Affected,Not Affected,Not Affected,Not Affected,Not Affected,Not Affected,Not Affected,Not Affected,Not Affected,Not Affected,Not Affected,Not Affected,786045.9956,325185.0648
1343,1335,Lake Worth MS,1300 Barnett Dr,Lake Worth,33461,Palm Beach,-80.07066997,26.63278601,"-80.07066997, 26.63278601",17R NK 92503 46100,SHELTER,RISK,9,1989,3 Classroom,R, ,0,0,304,6071,0,0,304,6071,304,S-1118A,No,No,No,Yes,Yes, , , , ,,,SHELTER,,Risk Shelter Inventory,Critical Community and Emergency Facilities,Regionally Significant,RSI_PT_1335,Lake Worth Beach,South Florida Water Management District,FDEM,Risk Shelter Inventory - General - FDEM,,,,Treasure Coast,Southeast District,Southeast,4,89,24,Not Affected,Not Affected,Not Affected,Not Affected,Not Affected,Not Affected,Not Affected,Not Affected,Not Affected,Not Affected,Not Affected,Not Affected,Not Affected,Not Affected,Not Affected,Not Affected,Not Affected,Not Affected,Not Affected,Not Affected,Not Affected,790446.4025,298203.7154
1344,1336,Dr. Mary McLeod Bethune ES,1501 Ave U,W Palm Beach,33404,Palm Beach,-80.08383903,26.77582901,"-80.08383903, 26.77582901",17R NK 91078 61934,SHELTER,RISK,9,2000,1 Cafeteria,R, ,0,0,2355,47108,0,0,2355,47108,2355, ,No,No,No,Yes,Yes, , , , ,,,SHELTER,,Risk Shelter Inventory,Critical Community and Emergency Facilities,Regionally Significant,RSI_PT_1344,Riviera Beach,South Florida Water Management District,FDEM,Risk Shelter Inventory - General - FDEM,,,,Treasure Coast,Southeast District,Southeast,4,88,24,Not Affected,Not Affected,Not Affected,Not Affected,Not Affected,Not Affected,Not Affected,Not Affected,Not Affected,Not Affected,Not Affected,Not Affected,Not Affected,Not Affected,Not Affected,Not Affected,Not Affected,Not Affected,Not Affected,Not Affected,Not Affected,788634.0498,314033.9731
1345,1337,Forest Hill Community HS,6901 Parker Ave,W. Palm Beach,33405,Palm Beach,-80.06712199,26.65448198,"-80.06712199, 26.65448198",17R NK 92839 48505,SHELTER,RISK,9,2002,4 Classroom,A, ,0,0,1355,27091,0,0,1355,27091,1355, ,No,No,No,Yes,Yes, , , , ,,,SHELTER,,Risk Shelter Inventory,Critical Community and Emergency Facilities,Regionally Significant,RSI_PT_1282,West Palm Beach,South Florida Water Management District,FDEM,Risk Shelter Inventory - General - FDEM,,,,Treasure Coast,Southeast District,Southeast,4,89,24,Not Affected,Not Affected,Not Affected,Not Affected,Not Affected,Not Affected,Not Affected,Not Affected,Not Affected,Not Affected,Not Affected,Not Affected,Not Affected,Not Affected,Not Affected,High,High,High,High,High,High,790722.0337,300622.2336
1346,1338,Olympic Heights Community HS,20101 Lyons Rd,Boca Raton,33434,Palm Beach,-80.18827201,26.37683999,"-80.18827201, 26.37683999",17R NK 80976 17672,SHELTER,RISK,9,1990,8 Classroom,R, ,0,0,889,17780,0,0,889,17780,889, ,No,No,No,Yes,Yes, , , , ,,,SHELTER,,Risk Shelter Inventory,Critical Community and Emergency Facilities,Regionally Significant,RSI_PT_1325,,South Florida Water Management District,FDEM,Risk Shelter Inventory - General - FDEM,,,,Treasure Coast,Southeast District,Southeast,4,92,26,Not Affected,Not Affected,Not Affected,Not Affected,Not Affected,Not Affected,Not Affected,Not Affected,Not Affected,Not Affected,Not Affected,Not Affected,Not Affected,Not Affected,Not Affected,Not Affected,Not Affected,Not Affected,Not Affected,Not Affected,Not Affected,779642.4604,269439.556
1347,1339,Olympic Heights Community HS,20101 Lyons Rd,Boca Raton,33434,Palm Beach,-80.18827201,26.37683999,"-80.18827201, 26.37683999",17R NK 80976 17672,SHELTER,RISK,9,1990,2 Classroom,R, ,0,0,1297,25937,0,0,1297,25937,1297, ,No,No,No,Yes,Yes, , , , ,,,SHELTER,,Risk Shelter Inventory,Critical Community and Emergency Facilities,Regionally Significant,RSI_PT_1325,,South Florida Water Management District,FDEM,Risk Shelter Inventory - General - FDEM,,,,Treasure Coast,Southeast District,Southeast,4,92,26,Not Affected,Not Affected,Not Affected,Not Affected,Not Affected,Not Affected,Not Affected,Not Affected,Not Affected,Not Affected,Not Affected,Not Affected,Not Affected,Not Affected,Not Affected,Not Affected,Not Affected,Not Affected,Not Affected,Not Affected,Not Affected,779642.4604,269439.556
1348,1340,John I. Leonard HS,4701 10th Ave,Greenacres,33463,Palm Beach,-80.116364,26.63014399,"-80.11636400, 26.63014399",17R NK 87957 45775,SHELTER,RISK,9,2004,4 Classroom,A, ,0,0,1293,25853,0,0,1293,25853,1293,L,No,No,No,Yes,Yes, , , , ,,,SHELTER,,Risk Shelter Inventory,Critical Community and Emergency Facilities,Regionally Significant,RSI_PT_1286,Greenacres,South Florida Water Management District,FDEM,Risk Shelter Inventory - General - FDEM,,,,Treasure Coast,Southeast District,Southeast,4,89,24,Not Affected,Not Affected,Not Affected,Not Affected,Not Affected,Not Affected,Not Affected,Not Affected,Not Affected,Not Affected,Not Affected,Not Affected,Not Affected,Not Affected,Not Affected,Not Affected,Not Affected,Not Affected,Not Affected,Not Affected,Not Affected,785916.6616,297766.7294
1349,1341,Discovery Key ES,3550 Lyons Rd,Lake Worth,33467,Palm Beach,-80.18759199,26.62341299,"-80.18759199, 26.62341299",17R NK 80871 44982,SHELTER,RISK,9,2000,1 Classroom,A, ,0,0,2320,46394,0,0,2320,46394,2320, ,No,No,No,Yes,Yes, , , , ,,,SHELTER,,Risk Shelter Inventory,Critical Community and Emergency Facilities,Regionally Significant,RSI_PT_1349,,South Florida Water Management District,FDEM,Risk Shelter Inventory - General - FDEM,,,,Treasure Coast,Southeast District,Southeast,4,93,26,Not Affected,Not Affected,Not Affected,Not Affected,Not Affected,Not Affected,Not Affected,Not Affected,Not Affected,Not Affected,Not Affected,Not Affected,Not Affected,Not Affected,Not Affected,Not Affected,Not Affected,Not Affected,Not Affected,Not Affected,Not Affected,778864.1145,296799.0064
1350,1342,John I. Leonard HS,4701 10th Ave,Greenacres,33463,Palm Beach,-80.116364,26.63014399,"-80.11636400, 26.63014399",17R NK 87957 45775,SHELTER,RISK,9,2004,7 Classroom,A, ,0,0,718,14351,0,0,718,14351,718,L,No,No,No,Yes,Yes, , , , ,,,SHELTER,,Risk Shelter Inventory,Critical Community and Emergency Facilities,Regionally Significant,RSI_PT_1286,Greenacres,South Florida Water Management District,FDEM,Risk Shelter Inventory - General - FDEM,,,,Treasure Coast,Southeast District,Southeast,4,89,24,Not Affected,Not Affected,Not Affected,Not Affected,Not Affected,Not Affected,Not Affected,Not Affected,Not Affected,Not Affected,Not Affected,Not Affected,Not Affected,Not Affected,Not Affected,Not Affected,Not Affected,Not Affected,Not Affected,Not Affected,Not Affected,785916.6616,297766.7294
1351,1351,Christa McCauliffe MS,6500 Le Chalet Blvd,Boynton Beach,33472,Palm Beach,-80.14611598,26.55171201,"-80.14611598, 26.55171201",17R NK 85053 37068,SHELTER,RISK,9,1985,1 Classroom,R, ,0,0,289,5783,0,0,289,5783,289,S-1543,No,No,No,Yes,Yes, , , , ,,,SHELTER,,Risk Shelter Inventory,Critical Community and Emergency Facilities,Regionally Significant,RSI_PT_1297,,South Florida Water Management District,FDEM,Risk Shelter Inventory - General - FDEM,,,,Treasure Coast,Southeast District,Southeast,4,92,26,Not Affected,Not Affected,Not Affected,Not Affected,Not Affected,Not Affected,Not Affected,Not Affected,Not Affected,Not Affected,Not Affected,Not Affected,Not Affected,Not Affected,Not Affected,Not Affected,Not Affected,Not Affected,Not Affected,Not Affected,Not Affected,783233.2348,288971.5972
1352,1352,West Boca Community HS,12811 Glades Rd,Boca Raton,33498,Palm Beach,-80.24721003,26.36195599,"-80.24721003, 26.36195599",17R NK 75106 15988,SHELTER,RISK,9,2003,2 Auditorium / Gym,A, ,0,0,1227,24545,0,0,1227,24545,1227, ,No,No,No,Yes,Yes, , , , ,,,SHELTER,,Risk Shelter Inventory,Critical Community and Emergency Facilities,Regionally Significant,RSI_PT_1125,,South Florida Water Management District,FDEM,Risk Shelter Inventory - General - FDEM,,,,Treasure Coast,Southeast District,Southeast,4,92,26,Not Affected,Not Affected,Not Affected,Not Affected,Not Affected,Not Affected,Not Affected,Not Affected,Not Affected,Not Affected,Not Affected,Not Affected,Not Affected,Not Affected,Not Affected,Not Affected,Not Affected,Not Affected,Not Affected,Not Affected,Not Affected,773824.4161,267608.2172
1353,1353,John I. Leonard HS,4701 10th Ave,Greenacres,33463,Palm Beach,-80.116364,26.63014399,"-80.11636400, 26.63014399",17R NK 87957 45775,SHELTER,RISK,9,2004,8 Classroom,A, ,0,0,568,11352,0,0,568,11352,568,L,No,No,No,Yes,Yes, , , , ,,,SHELTER,,Risk Shelter Inventory,Critical Community and Emergency Facilities,Regionally Significant,RSI_PT_1286,Greenacres,South Florida Water Management District,FDEM,Risk Shelter Inventory - General - FDEM,,,,Treasure Coast,Southeast District,Southeast,4,89,24,Not Affected,Not Affected,Not Affected,Not Affected,Not Affected,Not Affected,Not Affected,Not Affected,Not Affected,Not Affected,Not Affected,Not Affected,Not Affected,Not Affected,Not Affected,Not Affected,Not Affected,Not Affected,Not Affected,Not Affected,Not Affected,785916.6616,297766.7294
1354,1354,Wellington Landings MS,1100 Aero Club Dr,Wellington,33414,Palm Beach,-80.28631287,26.66625788,"-80.28631287, 26.66625788",17R NK 71017 49669,SHELTER,RISK,9,1987,1 Admin / ESE,R, ,0,0,271,5423,0,0,271,5423,217, ,No,No,No,Yes,Yes, , , , ,,,SHELTER,,Risk Shelter Inventory,Critical Community and Emergency Facilities,Regionally Significant,RSI_PT_1285,Wellington,South Florida Water Management District,FDEM,Risk Shelter Inventory - General - FDEM,,,,Treasure Coast,Southeast District,Southeast,4,93,26,Not Affected,Not Affected,Not Affected,Not Affected,Not Affected,Not Affected,Not Affected,Not Affected,Not Affected,Not Affected,Not Affected,Not Affected,Not Affected,Not Affected,Not Affected,Not Affected,Not Affected,Not Affected,Not Affected,Not Affected,Not Affected,768913.3587,301253.754
1355,1355,Boca Raton Community HS,1501 NW 15th Ct,Boca Raton,33486,Palm Beach,-80.11704997,26.36474,"-80.11704997, 26.36474000",17R NK 88091 16378,SHELTER,RISK,9,2003,2 Guidance / Music / Auditorium,A, ,0,0,719,14389,0,0,719,14389,719, ,E,No,No,Yes,Yes, , , , ,,,SHELTER,,Risk Shelter Inventory,Critical Community and Emergency Facilities,Regionally Significant,RSI_PT_1128,Boca Raton,South Florida Water Management District,FDEM,Risk Shelter Inventory - General - FDEM,,,,Treasure Coast,Southeast District,Southeast,4,91,30,Not Affected,Not Affected,Not Affected,Not Affected,Not Affected,Not Affected,Not Affected,Not Affected,Not Affected,Not Affected,Not Affected,Not Affected,Not Affected,Low,Medium,Medium,Medium,Medium,Medium,Medium,Medium,786776.0298,268318.4924
1356,1356,Park Vista Community HS,7900 S Jog Rd,Lake Worth,33467,Palm Beach,-80.14396996,26.55899702,"-80.14396996, 26.55899702",17R NK 85261 37876,SHELTER,RISK,9,2002,8 Music,A, ,0,0,174,3471,0,0,174,3471,174,L,No,No,No,Yes,Yes, , , , ,,,SHELTER,,Risk Shelter Inventory,Critical Community and Emergency Facilities,Regionally Significant,RSI_PT_1127,,South Florida Water Management District,FDEM,Risk Shelter Inventory - General - FDEM,,,,Treasure Coast,Southeast District,Southeast,4,92,26,Not Affected,Not Affected,Not Affected,Not Affected,Not Affected,Not Affected,Not Affected,Not Affected,Not Affected,Not Affected,Not Affected,Not Affected,Not Affected,Not Affected,Not Affected,Not Affected,Not Affected,Not Affected,Not Affected,Not Affected,Not Affected,783421.2837,289786.5573
1357,1357,Atlantic Community HS,2455 W Atlantic Ave,Delray,33445,Palm Beach,-80.09823503,26.46261699,"-80.09823503, 26.46261699",17R NK 89892 27232,SHELTER,RISK,9,2003,6 Classroom,A, ,0,0,1256,25129,0,0,1256,25129,1256,L,No,No,No,Yes,Yes, , , , ,,,SHELTER,,Risk Shelter Inventory,Critical Community and Emergency Facilities,Regionally Significant,RSI_PT_1126,Delray Beach,South Florida Water Management District,FDEM,Risk Shelter Inventory - General - FDEM,,,,Treasure Coast,Southeast District,Southeast,4,90,26,Not Affected,Not Affected,Not Affected,Not Affected,Not Affected,Not Affected,Not Affected,Not Affected,Not Affected,Not Affected,Not Affected,Not Affected,Not Affected,Not Affected,Not Affected,Not Affected,Not Affected,Not Affected,Medium,Medium,Medium,788305.8463,279236.3832
1358,1358,North Grade ES,824 North K Street,Lake Worth,33460,Palm Beach,-80.05462902,26.62571801,"-80.05462902, 26.62571801",17R NK 94106 45329,SHELTER,RISK,9,2002,99 Classroom,A, ,0,0,138,2760,0,0,138,2760,138, ,No,No,No,Yes,Yes, , , , ,,,SHELTER,,Risk Shelter Inventory,Critical Community and Emergency Facilities,Regionally Significant,RSI_PT_1299,Lake Worth Beach,South Florida Water Management District,FDEM,Risk Shelter Inventory - General - FDEM,,,,Treasure Coast,Southeast District,Southeast,4,87,24,Not Affected,Not Affected,Not Affected,Not Affected,Not Affected,Not Affected,Not Affected,Not Affected,Not Affected,Not Affected,Not Affected,Not Affected,Not Affected,Not Affected,Not Affected,Not Affected,Not Affected,Not Affected,Not Affected,Not Affected,Not Affected,792064.9028,297470.3863
1359,1359,Palm Beach Gardens Community HS,4245 Holly Dr,Palm Bch Gardens,33410,Palm Beach,-80.10165703,26.82475301,"-80.10165703, 26.82475301",17R NK 89269 67341,SHELTER,RISK,9,2005,5 Cafeteria / Gym,A, ,0,0,1970,39397,0,0,1970,39397,1970, ,No,No,No,Yes,Yes, , , , ,,,SHELTER,,Risk Shelter Inventory,Critical Community and Emergency Facilities,Regionally Significant,RSI_PT_1307,Palm Beach Gardens,South Florida Water Management District,FDEM,Risk Shelter Inventory - General - FDEM,,,,Treasure Coast,Southeast District,Southeast,4,87,24,Not Affected,Not Affected,Not Affected,Not Affected,Not Affected,Not Affected,Not Affected,Not Affected,Not Affected,Not Affected,Not Affected,Not Affected,Not Affected,Not Affected,Not Affected,Low,Medium,Medium,Medium,Medium,Medium,786694.7298,319406.7604
1360,1360,Seminole Ridge HS,4601 Seminole Pratt Whitney Rd,Loxahatchee,33470,Palm Beach,-80.31068401,26.74666401,"-80.31068401, 26.74666401",17R NK 68544 58562,SHELTER,RISK,9,2003,8 Classroom,A, ,0,0,172,3435,0,0,172,3435,172, ,No,No,No,Yes,Yes, , , , ,,,SHELTER,,Risk Shelter Inventory,Critical Community and Emergency Facilities,Regionally Significant,RSI_PT_1124,Westlake,South Florida Water Management District,FDEM,Risk Shelter Inventory - General - FDEM,,,,Treasure Coast,Southeast District,Southeast,4,94,31,Not Affected,Not Affected,Not Affected,Not Affected,Not Affected,Not Affected,Not Affected,Not Affected,Not Affected,Not Affected,Not Affected,Not Affected,Not Affected,Not Affected,Not Affected,Medium,Medium,Medium,Medium,Medium,Medium,766226.0666,310103.3704
1361,1361,Palm Beach Central HS,8499 Forest Hill Blvd,W Palm Beach,33411,Palm Beach,-80.1795783,26.65251118,"-80.17957830, 26.65251118",17R NK 81648 48210,SHELTER,RISK,9,2002,5 Classroom / ESE,A, ,0,0,1123,22469,0,0,1123,22469,1123, ,No,No,No,Yes,Yes, , , , ,,,SHELTER,,Risk Shelter Inventory,Critical Community and Emergency Facilities,Regionally Significant,RSI_PT_1129,Wellington,South Florida Water Management District,FDEM,Risk Shelter Inventory - General - FDEM,,,,Treasure Coast,Southeast District,Southeast,4,93,26,Not Affected,Not Affected,Not Affected,Not Affected,Not Affected,Not Affected,Not Affected,Not Affected,Not Affected,Not Affected,Not Affected,Not Affected,Not Affected,Not Affected,Not Affected,Not Affected,Not Affected,Not Affected,Not Affected,Not Affected,Not Affected,779560.1726,300052.331
1362,1362,Forest Hill Community HS,6901 Parker Ave,W. Palm Beach,33405,Palm Beach,-80.06712199,26.65448198,"-80.06712199, 26.65448198",17R NK 92839 48505,SHELTER,RISK,9,2003,6 Classroom,A, ,0,0,1200,23998,0,0,1200,23998,1200, ,No,No,No,Yes,Yes, , , , ,,,SHELTER,,Risk Shelter Inventory,Critical Community and Emergency Facilities,Regionally Significant,RSI_PT_1282,West Palm Beach,South Florida Water Management District,FDEM,Risk Shelter Inventory - General - FDEM,,,,Treasure Coast,Southeast District,Southeast,4,89,24,Not Affected,Not Affected,Not Affected,Not Affected,Not Affected,Not Affected,Not Affected,Not Affected,Not Affected,Not Affected,Not Affected,Not Affected,Not Affected,Not Affected,Not Affected,High,High,High,High,High,High,790722.0337,300622.2336
1363,1363,Lake Worth MS,1300 Barnett Dr,Lake Worth,33461,Palm Beach,-80.07066997,26.63278601,"-80.07066997, 26.63278601",17R NK 92503 46100,SHELTER,RISK,9,1989,4 Classroom,R, ,0,0,297,5937,0,0,297,5937,297,S-1118A,No,No,No,Yes,Yes, , , , ,,,SHELTER,,Risk Shelter Inventory,Critical Community and Emergency Facilities,Regionally Significant,RSI_PT_1335,Lake Worth Beach,South Florida Water Management District,FDEM,Risk Shelter Inventory - General - FDEM,,,,Treasure Coast,Southeast District,Southeast,4,89,24,Not Affected,Not Affected,Not Affected,Not Affected,Not Affected,Not Affected,Not Affected,Not Affected,Not Affected,Not Affected,Not Affected,Not Affected,Not Affected,Not Affected,Not Affected,Not Affected,Not Affected,Not Affected,Not Affected,Not Affected,Not Affected,790446.4025,298203.7154
1364,1364,John I. Leonard HS,4701 10th Ave,Greenacres,33463,Palm Beach,-80.116364,26.63014399,"-80.11636400, 26.63014399",17R NK 87957 45775,SHELTER,RISK,9,2004,2 Cafeteria,A, ,0,0,354,7071,0,0,354,7071,354,L,No,No,No,Yes,Yes, , , , ,,,SHELTER,,Risk Shelter Inventory,Critical Community and Emergency Facilities,Regionally Significant,RSI_PT_1286,Greenacres,South Florida Water Management District,FDEM,Risk Shelter Inventory - General - FDEM,,,,Treasure Coast,Southeast District,Southeast,4,89,24,Not Affected,Not Affected,Not Affected,Not Affected,Not Affected,Not Affected,Not Affected,Not Affected,Not Affected,Not Affected,Not Affected,Not Affected,Not Affected,Not Affected,Not Affected,Not Affected,Not Affected,Not Affected,Not Affected,Not Affected,Not Affected,785916.6616,297766.7294
1365,1365,Boynton Beach HS,4975 Park Ridge Blvd,Boynton Beach,33426,Palm Beach,-80.08349797,26.541169,"-80.08349797, 26.54116900",17R NK 91299 35943,SHELTER,RISK,9,1999,6 Gym,A, ,0,0,963,19261,0,0,963,19261,963,L,No,No,No,Yes,Yes, , , , ,,,SHELTER,,Risk Shelter Inventory,Critical Community and Emergency Facilities,Regionally Significant,RSI_PT_1303,Boynton Beach,South Florida Water Management District,FDEM,Risk Shelter Inventory - General - FDEM,,,,Treasure Coast,Southeast District,Southeast,4,90,26,Not Affected,Not Affected,Not Affected,Not Affected,Not Affected,Not Affected,Not Affected,Not Affected,Not Affected,Not Affected,Not Affected,Not Affected,Not Affected,Not Affected,Not Affected,Not Affected,Not Affected,Not Affected,Medium,Medium,Medium,789495.1059,287998.0315
1366,1366,Omni MS,5775 Jog Rd,Boca Raton,33496,Palm Beach,-80.14754401,26.39945302,"-80.14754401, 26.39945302",17R NK 85023 20203,SHELTER,RISK,9,1989,3 Classroom / ESE,R, ,0,0,387,7738,0,0,387,7738,387, ,No,No,No,Yes,Yes, , , , ,,,SHELTER,,Risk Shelter Inventory,Critical Community and Emergency Facilities,Regionally Significant,RSI_PT_1283,Boca Raton,South Florida Water Management District,FDEM,Risk Shelter Inventory - General - FDEM,,,,Treasure Coast,Southeast District,Southeast,4,91,26,Not Affected,Not Affected,Not Affected,Not Affected,Not Affected,Not Affected,Not Affected,Not Affected,Not Affected,Not Affected,Not Affected,Not Affected,Not Affected,Not Affected,Not Affected,Not Affected,Not Affected,Not Affected,Not Affected,Not Affected,Not Affected,783619.1954,272074.3593
1367,1367,Park Vista Community HS,7900 S Jog Rd,Lake Worth,33467,Palm Beach,-80.14396996,26.55899702,"-80.14396996, 26.55899702",17R NK 85261 37876,SHELTER,RISK,9,2002,10 Gym,A, ,0,0,1017,20336,0,0,1017,20336,1017,L,No,No,No,Yes,Yes, , , , ,,,SHELTER,,Risk Shelter Inventory,Critical Community and Emergency Facilities,Regionally Significant,RSI_PT_1127,,South Florida Water Management District,FDEM,Risk Shelter Inventory - General - FDEM,,,,Treasure Coast,Southeast District,Southeast,4,92,26,Not Affected,Not Affected,Not Affected,Not Affected,Not Affected,Not Affected,Not Affected,Not Affected,Not Affected,Not Affected,Not Affected,Not Affected,Not Affected,Not Affected,Not Affected,Not Affected,Not Affected,Not Affected,Not Affected,Not Affected,Not Affected,783421.2837,289786.5573
1368,1368,Omni MS,5775 Jog Rd,Boca Raton,33496,Palm Beach,-80.14754401,26.39945302,"-80.14754401, 26.39945302",17R NK 85023 20203,SHELTER,RISK,9,1989,6 Classroom,R, ,0,0,233,4651,0,0,233,4651,233, ,No,No,No,Yes,Yes, , , , ,,,SHELTER,,Risk Shelter Inventory,Critical Community and Emergency Facilities,Regionally Significant,RSI_PT_1283,Boca Raton,South Florida Water Management District,FDEM,Risk Shelter Inventory - General - FDEM,,,,Treasure Coast,Southeast District,Southeast,4,91,26,Not Affected,Not Affected,Not Affected,Not Affected,Not Affected,Not Affected,Not Affected,Not Affected,Not Affected,Not Affected,Not Affected,Not Affected,Not Affected,Not Affected,Not Affected,Not Affected,Not Affected,Not Affected,Not Affected,Not Affected,Not Affected,783619.1954,272074.3593
1369,1369,Carver MS,101 Barwick Rd,Delray Beach,33445,Palm Beach,-80.112827,26.46019298,"-80.11282700, 26.46019298",17R NK 88439 26954,SHELTER,RISK,9,1992,4 Classroom,R, ,0,0,276,5518,0,0,276,5518,276,S-1118A,No,No,No,Yes,Yes, , , , ,,,SHELTER,,Risk Shelter Inventory,Critical Community and Emergency Facilities,Regionally Significant,RSI_PT_1130,Delray Beach,South Florida Water Management District,FDEM,Risk Shelter Inventory - General - FDEM,,,,Treasure Coast,Southeast District,Southeast,4,90,26,Not Affected,Not Affected,Not Affected,Not Affected,Not Affected,Not Affected,Not Affected,Not Affected,Not Affected,Not Affected,Not Affected,Not Affected,Not Affected,Not Affected,Not Affected,Not Affected,Not Affected,Not Affected,Not Affected,Not Affected,Not Affected,786862.6073,278921.5866
1370,1370,West Boca Community HS,12811 Glades Rd,Boca Raton,33498,Palm Beach,-80.24721003,26.36195599,"-80.24721003, 26.36195599",17R NK 75106 15988,SHELTER,RISK,9,2003,7 Mechanical,A, ,0,0,48,950,0,0,48,950,48, ,No,No,No,Yes,Yes, , , , ,,,SHELTER,,Risk Shelter Inventory,Critical Community and Emergency Facilities,Regionally Significant,RSI_PT_1125,,South Florida Water Management District,FDEM,Risk Shelter Inventory - General - FDEM,,,,Treasure Coast,Southeast District,Southeast,4,92,26,Not Affected,Not Affected,Not Affected,Not Affected,Not Affected,Not Affected,Not Affected,Not Affected,Not Affected,Not Affected,Not Affected,Not Affected,Not Affected,Not Affected,Not Affected,Not Affected,Not Affected,Not Affected,Not Affected,Not Affected,Not Affected,773824.4161,267608.2172
1371,1371,Bear Lakes MS,3505 Shenandoah Rd,W Palm Beach,33409,Palm Beach,-80.10815602,26.73383002,"-80.10815602, 26.73383002",17R NK 88693 57265,SHELTER,RISK,9,1986,3 Classroom,R, ,0,0,291,5810,0,0,291,5810,291,S-1118A,No,No,No,Yes,Yes, , , , ,,,SHELTER,,Risk Shelter Inventory,Critical Community and Emergency Facilities,Regionally Significant,RSI_PT_1293,West Palm Beach,South Florida Water Management District,FDEM,Risk Shelter Inventory - General - FDEM,,,,Treasure Coast,Southeast District,Southeast,4,88,24,Not Affected,Not Affected,Not Affected,Not Affected,Not Affected,Not Affected,Not Affected,Not Affected,Not Affected,Not Affected,Not Affected,Not Affected,Not Affected,Not Affected,Not Affected,Not Affected,Not Affected,Not Affected,Not Affected,Low,Low,786368.8006,309297.2753
1372,1372,Park Vista Community HS,7900 S Jog Rd,Lake Worth,33467,Palm Beach,-80.14396996,26.55899702,"-80.14396996, 26.55899702",17R NK 85261 37876,SHELTER,RISK,9,2002,5 Classroom,A, ,0,0,879,17578,0,0,879,17578,879,L,No,No,No,Yes,Yes, , , , ,,,SHELTER,,Risk Shelter Inventory,Critical Community and Emergency Facilities,Regionally Significant,RSI_PT_1127,,South Florida Water Management District,FDEM,Risk Shelter Inventory - General - FDEM,,,,Treasure Coast,Southeast District,Southeast,4,92,26,Not Affected,Not Affected,Not Affected,Not Affected,Not Affected,Not Affected,Not Affected,Not Affected,Not Affected,Not Affected,Not Affected,Not Affected,Not Affected,Not Affected,Not Affected,Not Affected,Not Affected,Not Affected,Not Affected,Not Affected,Not Affected,783421.2837,289786.5573
1373,1373,Atlantic Community HS,2455 W Atlantic Ave,Delray,33445,Palm Beach,-80.09823503,26.46261699,"-80.09823503, 26.46261699",17R NK 89892 27232,SHELTER,RISK,9,2003,3 Cafeteria,A, ,0,0,436,8718,0,0,436,8718,436,L,No,No,No,Yes,Yes, , , , ,,,SHELTER,,Risk Shelter Inventory,Critical Community and Emergency Facilities,Regionally Significant,RSI_PT_1126,Delray Beach,South Florida Water Management District,FDEM,Risk Shelter Inventory - General - FDEM,,,,Treasure Coast,Southeast District,Southeast,4,90,26,Not Affected,Not Affected,Not Affected,Not Affected,Not Affected,Not Affected,Not Affected,Not Affected,Not Affected,Not Affected,Not Affected,Not Affected,Not Affected,Not Affected,Not Affected,Not Affected,Not Affected,Not Affected,Medium,Medium,Medium,788305.8463,279236.3832
1374,1374,Palm Beach Central HS,8499 Forest Hill Blvd,W Palm Beach,33411,Palm Beach,-80.1795783,26.65251118,"-80.17957830, 26.65251118",17R NK 81648 48210,SHELTER,RISK,9,2002,2 Guidance / Music / Auditorium,A, ,0,0,718,14350,0,0,718,14350,718, ,No,No,No,Yes,Yes, , , , ,,,SHELTER,,Risk Shelter Inventory,Critical Community and Emergency Facilities,Regionally Significant,RSI_PT_1129,Wellington,South Florida Water Management District,FDEM,Risk Shelter Inventory - General - FDEM,,,,Treasure Coast,Southeast District,Southeast,4,93,26,Not Affected,Not Affected,Not Affected,Not Affected,Not Affected,Not Affected,Not Affected,Not Affected,Not Affected,Not Affected,Not Affected,Not Affected,Not Affected,Not Affected,Not Affected,Not Affected,Not Affected,Not Affected,Not Affected,Not Affected,Not Affected,779560.1726,300052.331
1375,1375,Lake Worth MS,1300 Barnett Dr,Lake Worth,33461,Palm Beach,-80.07066997,26.63278601,"-80.07066997, 26.63278601",17R NK 92503 46100,SHELTER,RISK,9,1989,1 Admin / Clinic,R, ,0,0,15,290,0,0,15,290,15,S-1118A,No,No,No,Yes,Yes, , , , ,,,SHELTER,,Risk Shelter Inventory,Critical Community and Emergency Facilities,Regionally Significant,RSI_PT_1335,Lake Worth Beach,South Florida Water Management District,FDEM,Risk Shelter Inventory - General - FDEM,,,,Treasure Coast,Southeast District,Southeast,4,89,24,Not Affected,Not Affected,Not Affected,Not Affected,Not Affected,Not Affected,Not Affected,Not Affected,Not Affected,Not Affected,Not Affected,Not Affected,Not Affected,Not Affected,Not Affected,Not Affected,Not Affected,Not Affected,Not Affected,Not Affected,Not Affected,790446.4025,298203.7154
1376,1376,Wm. T. Dwyer HS,13601 N Military Tr,Palm Bch Gardens,33418,Palm Beach,-80.10635399,26.87695802,"-80.10635399, 26.87695802",17R NK 88761 73120,SHELTER,RISK,9,1990,8 Classroom,R, ,0,0,801,16020,0,0,801,16020,801,S-1118A,No,No,No,Yes,Yes, , , , ,,,SHELTER,,Risk Shelter Inventory,Critical Community and Emergency Facilities,Regionally Significant,RSI_PT_1314,Palm Beach Gardens,South Florida Water Management District,FDEM,Risk Shelter Inventory - General - FDEM,,,,Treasure Coast,Southeast District,Southeast,4,87,31,Not Affected,Not Affected,Not Affected,Not Affected,Not Affected,Not Affected,Not Affected,Not Affected,Not Affected,Not Affected,Not Affected,Not Affected,Not Affected,Not Affected,Not Affected,Not Affected,Not Affected,Not Affected,Not Affected,Not Affected,Not Affected,786045.9956,325185.0648
1377,1377,Glades Central Community HS,1001 SW Ave M,Belle Glade,33430,Palm Beach,-80.68122992,26.66757594,"-80.68122992, 26.66757594",17R NK 31719 49656,SHELTER,RISK,9,1993,5 Cafeteria / Auditorium,R, ,0,0,649,12985,0,0,649,12985,649,S-1118A,No,No,No,Yes,Yes, , , , ,,,SHELTER,,Risk Shelter Inventory,Critical Community and Emergency Facilities,Regionally Significant,RSI_PT_1336,Belle Glade,South Florida Water Management District,FDEM,Risk Shelter Inventory - General - FDEM,,,,Treasure Coast,Southeast District,Southeast,4,94,26,Not Affected,Not Affected,Not Affected,Not Affected,Not Affected,Not Affected,Not Affected,Not Affected,Not Affected,Not Affected,Not Affected,Not Affected,Not Affected,Not Affected,Not Affected,Not Affected,Not Affected,Low,Low,Medium,Medium,729688.8563,300281.3713
1378,1378,Wellington Landings MS,1100 Aero Club Dr,Wellington,33414,Palm Beach,-80.28631287,26.66625788,"-80.28631287, 26.66625788",17R NK 71017 49669,SHELTER,RISK,9,1987,3 Classroom,R, ,0,0,304,6082,0,0,304,6082,304, ,No,No,No,Yes,Yes, , , , ,,,SHELTER,,Risk Shelter Inventory,Critical Community and Emergency Facilities,Regionally Significant,RSI_PT_1285,Wellington,South Florida Water Management District,FDEM,Risk Shelter Inventory - General - FDEM,,,,Treasure Coast,Southeast District,Southeast,4,93,26,Not Affected,Not Affected,Not Affected,Not Affected,Not Affected,Not Affected,Not Affected,Not Affected,Not Affected,Not Affected,Not Affected,Not Affected,Not Affected,Not Affected,Not Affected,Not Affected,Not Affected,Not Affected,Not Affected,Not Affected,Not Affected,768913.3587,301253.754
1379,1379,Lakeshore MS,425 W Canal N St,Belle Grade,33430,Palm Beach,-80.672758,26.689978,"-80.67275800, 26.68997800",17R NK 32556 52139,SHELTER,RISK,9,2003,50 Classroom,A, ,0,0,179,3588,0,0,179,3588,179,L,No,No,No,Yes,Yes, , , , ,,,SHELTER,,Risk Shelter Inventory,Critical Community and Emergency Facilities,Regionally Significant,RSI_PT_1294,Belle Glade,South Florida Water Management District,FDEM,Risk Shelter Inventory - General - FDEM,,,,Treasure Coast,Southeast District,Southeast,4,94,26,Not Affected,Not Affected,Not Affected,Not Affected,Not Affected,Not Affected,Not Affected,Not Affected,Not Affected,Not Affected,Not Affected,Not Affected,Not Affected,Not Affected,Not Affected,Not Affected,Not Affected,Not Affected,Not Affected,Not Affected,Not Affected,730463.1654,302790.0755
1380,1380,Palm Beach Gardens Community HS,4245 Holly Dr,Palm Bch Gardens,33410,Palm Beach,-80.10165703,26.82475301,"-80.10165703, 26.82475301",17R NK 89269 67341,SHELTER,RISK,9,2005,2 Art / Classroom / ESE,A, ,0,0,1346,26925,0,0,1346,26925,1346, ,No,No,No,Yes,Yes, , , , ,,,SHELTER,,Risk Shelter Inventory,Critical Community and Emergency Facilities,Regionally Significant,RSI_PT_1307,Palm Beach Gardens,South Florida Water Management District,FDEM,Risk Shelter Inventory - General - FDEM,,,,Treasure Coast,Southeast District,Southeast,4,87,24,Not Affected,Not Affected,Not Affected,Not Affected,Not Affected,Not Affected,Not Affected,Not Affected,Not Affected,Not Affected,Not Affected,Not Affected,Not Affected,Not Affected,Not Affected,Low,Medium,Medium,Medium,Medium,Medium,786694.7298,319406.7604
1381,1381,Seminole Ridge HS,4601 Seminole Pratt Whitney Rd,Loxahatchee,33470,Palm Beach,-80.31068401,26.74666401,"-80.31068401, 26.74666401",17R NK 68544 58562,SHELTER,RISK,9,2003,5 Science,A, ,0,0,917,18344,0,0,917,18344,917, ,No,No,No,Yes,Yes, , , , ,,,SHELTER,,Risk Shelter Inventory,Critical Community and Emergency Facilities,Regionally Significant,RSI_PT_1124,Westlake,South Florida Water Management District,FDEM,Risk Shelter Inventory - General - FDEM,,,,Treasure Coast,Southeast District,Southeast,4,94,31,Not Affected,Not Affected,Not Affected,Not Affected,Not Affected,Not Affected,Not Affected,Not Affected,Not Affected,Not Affected,Not Affected,Not Affected,Not Affected,Not Affected,Not Affected,Medium,Medium,Medium,Medium,Medium,Medium,766226.0666,310103.3704
1382,1382,Watson B. Duncan MS,5150 117th Ct N,Palm Bch Gardens,33418,Palm Beach,-80.11500403,26.84747999,"-80.11500403, 26.84747999",17R NK 87925 69849,SHELTER,RISK,9,1989,4 Classroom,R, ,0,0,307,6143,0,0,307,6143,307, ,No,No,No,Yes,Yes, , , , ,,,SHELTER,,Risk Shelter Inventory,Critical Community and Emergency Facilities,Regionally Significant,RSI_PT_1301,Palm Beach Gardens,South Florida Water Management District,FDEM,Risk Shelter Inventory - General - FDEM,,,,Treasure Coast,Southeast District,Southeast,4,87,31,Not Affected,Not Affected,Not Affected,Not Affected,Not Affected,Not Affected,Not Affected,Not Affected,Not Affected,Not Affected,Not Affected,Not Affected,Not Affected,Not Affected,Not Affected,Not Affected,Not Affected,Not Affected,Not Affected,Not Affected,Not Affected,785291.7378,321886.9092
1383,1383,Odessa ES,12810 Interlaken Rd,New Port Richey,34655,Pasco,-82.60208896,28.18554698,"-82.60208896, 28.18554698",17R LM 42737 18795,SHELTER,RISK,7,2009,4 Classroom,A,On-site 215 Kw w/ ATS,0,0,1509,30171,0,0,1509,30171,2011, ,No,No,No,Yes,Yes, , , , ,,,SHELTER,,Risk Shelter Inventory,Critical Community and Emergency Facilities,Regionally Significant,RSI_PT_1383,,Southwest Florida Water Management District,FDEM,Risk Shelter Inventory - General - FDEM,,,,Tampa Bay,Southwest District,Southwest,7,55,21,Not Affected,Not Affected,Not Affected,Not Affected,Not Affected,Not Affected,Not Affected,Not Affected,Not Affected,Not Affected,Not Affected,Not Affected,Not Affected,Not Affected,Not Affected,Not Affected,Low,Not Affected,Low,Low,Low,536972.467,465178.1806
1384,1384,Thomas Weightman MS,30649 Wells Rd,Wesley Chapel,33545,Pasco,-82.30685797,28.255722,"-82.30685797, 28.25572200",17R LM 71804 26222,SHELTER,RISK,7,1990,8 Classroom,A,125 kW,0,0,0,0,0,0,373,7459,401, ,No,No,No,No,Yes, , , , ,,,SHELTER,,Risk Shelter Inventory,Critical Community and Emergency Facilities,Regionally Significant,RSI_PT_1384,,Southwest Florida Water Management District,FDEM,Risk Shelter Inventory - General - FDEM,,,,Tampa Bay,Southwest District,Southwest,7,54,23,Not Affected,Not Affected,Not Affected,Not Affected,Not Affected,Not Affected,Not Affected,Not Affected,Not Affected,Not Affected,Not Affected,Not Affected,Not Affected,Not Affected,Not Affected,Not Affected,Not Affected,Not Affected,Not Affected,Not Affected,Not Affected,565791.6248,473333.4131
1385,1385,Watergrass ES,32750 Overpass Rd,Wesley Chapel,33545,Pasco,-82.275225,28.26470798,"-82.27522500, 28.26470798",17R LM 74918 27185,SHELTER,RISK,7,2008,6 Classroom,A,180 kW,0,0,269,5379,0,0,269,5379,257,L,No,No,No,Yes,Yes, , , , ,,,SHELTER,,Risk Shelter Inventory,Critical Community and Emergency Facilities,Regionally Significant,RSI_PT_1385,,Southwest Florida Water Management District,FDEM,Risk Shelter Inventory - General - FDEM,,,,Tampa Bay,Southwest District,Southwest,7,54,23,Not Affected,Not Affected,Not Affected,Not Affected,Not Affected,Not Affected,Not Affected,Not Affected,Not Affected,Not Affected,Not Affected,Not Affected,Not Affected,Not Affected,Not Affected,Not Affected,Not Affected,Not Affected,Low,Low,Low,568874.9513,474374.1975
1386,1386,Double Branch ES,31500 Chancey Rd,Wesley Chapel,33543,Pasco,-82.29473002,28.21031299,"-82.29473002, 28.21031299",17R LM 72940 21178,SHELTER,RISK,7,2007,3 Cafeteria / Music,A,180 kW,0,0,0,0,0,0,174,3471,262,L,No,No,No,No,Yes, , , , ,,,SHELTER,,Risk Shelter Inventory,Critical Community and Emergency Facilities,Regionally Significant,RSI_PT_1386,,Southwest Florida Water Management District,FDEM,Risk Shelter Inventory - General - FDEM,,,,Tampa Bay,Southwest District,Southwest,7,54,23,Not Affected,Not Affected,Not Affected,Not Affected,Not Affected,Not Affected,Not Affected,Not Affected,Not Affected,Not Affected,Not Affected,Not Affected,Not Affected,Not Affected,Not Affected,Not Affected,Not Affected,Not Affected,Not Affected,Not Affected,Not Affected,567048.8468,468307.2804
1387,1387,Sunlake HS,3023 Sunlake Blvd,Land O'Lakes,34638,Pasco,-82.50832598,28.20131502,"-82.50832598, 28.20131502",17R LM 51964 20424,SHELTER,RISK,7,2007,6 Gym,A,134 kW,0,0,682,13635,0,0,682,13635,0, ,No,No,No,Yes,Yes, , , , ,,,SHELTER,,Risk Shelter Inventory,Critical Community and Emergency Facilities,Regionally Significant,RSI_PT_1387,,Southwest Florida Water Management District,FDEM,Risk Shelter Inventory - General - FDEM,,,,Tampa Bay,Southwest District,Southwest,7,55,23,Not Affected,Not Affected,Not Affected,Not Affected,Not Affected,Not Affected,Not Affected,Not Affected,Not Affected,Not Affected,Not Affected,Not Affected,Not Affected,Not Affected,Not Affected,Not Affected,Not Affected,Not Affected,Not Affected,Not Affected,Not Affected,546138.0932,467036.8391
1388,1388,River Ridge MS/HS,11646 Town Center Rd,New Port Richey,34654,Pasco,-82.62167999,28.266193,"-82.62167999, 28.26619300",17R LM 40934 27756,SHELTER,RISK,7,1990,6 Cafeteria,R,300 kW,0,0,0,0,494,9889,494,9889,0, ,No,No,No,No,Yes, , , , ,,,SHELTER,,Risk Shelter Inventory,Critical Community and Emergency Facilities,Regionally Significant,RSI_PT_1388,,Southwest Florida Water Management District,FDEM,Risk Shelter Inventory - General - FDEM,,,,Tampa Bay,Southwest District,Southwest,7,55,21,Not Affected,Not Affected,Not Affected,Not Affected,Not Affected,Not Affected,Not Affected,Not Affected,Not Affected,Not Affected,Not Affected,Not Affected,Not Affected,Not Affected,Not Affected,Not Affected,Low,Low,Medium,Medium,Medium,534952.8422,474112.3003
1389,1389,Wiregrass Ranch Sr HS,2909 Mansfield Blvd,Wesley Chapel,33543,Pasco,-82.32674504,28.18951301,"-82.32674504, 28.18951301",17R LM 69773 18908,SHELTER,RISK,7,2006,5 Cafeteria,A, ,0,0,0,0,0,0,46,933,0, ,No,No,No,No,Yes, , , , ,,,SHELTER,,Risk Shelter Inventory,Critical Community and Emergency Facilities,Regionally Significant,RSI_PT_1389,,Southwest Florida Water Management District,FDEM,Risk Shelter Inventory - General - FDEM,,,,Tampa Bay,Southwest District,Southwest,7,54,23,Not Affected,Not Affected,Not Affected,Not Affected,Not Affected,Not Affected,Not Affected,Not Affected,Not Affected,Not Affected,Not Affected,Not Affected,Not Affected,Not Affected,Not Affected,Low,Medium,Low,Medium,Medium,Medium,563944.1822,465954.5526
1390,1390,Watergrass ES,32750 Overpass Rd,Wesley Chapel,33545,Pasco,-82.275225,28.26470798,"-82.27522500, 28.26470798",17R LM 74918 27185,SHELTER,RISK,7,2008,4 Classroom,A,180 kW,0,0,349,6983,0,0,349,6983,257,L,No,No,No,Yes,Yes, , , , ,,,SHELTER,,Risk Shelter Inventory,Critical Community and Emergency Facilities,Regionally Significant,RSI_PT_1385,,Southwest Florida Water Management District,FDEM,Risk Shelter Inventory - General - FDEM,,,,Tampa Bay,Southwest District,Southwest,7,54,23,Not Affected,Not Affected,Not Affected,Not Affected,Not Affected,Not Affected,Not Affected,Not Affected,Not Affected,Not Affected,Not Affected,Not Affected,Not Affected,Not Affected,Not Affected,Not Affected,Not Affected,Not Affected,Low,Low,Low,568874.9513,474374.1975
1391,1391,Thomas Weightman MS,30649 Wells Rd,Wesley Chapel,33545,Pasco,-82.30685797,28.255722,"-82.30685797, 28.25572200",17R LM 71804 26222,SHELTER,RISK,7,1990,3 Gym / Music,R,125 kW,0,0,0,0,822,16443,822,16443,1163,S/HMGP,No,No,No,No,Yes, , , , ,,,SHELTER,,Risk Shelter Inventory,Critical Community and Emergency Facilities,Regionally Significant,RSI_PT_1384,,Southwest Florida Water Management District,FDEM,Risk Shelter Inventory - General - FDEM,,,,Tampa Bay,Southwest District,Southwest,7,54,23,Not Affected,Not Affected,Not Affected,Not Affected,Not Affected,Not Affected,Not Affected,Not Affected,Not Affected,Not Affected,Not Affected,Not Affected,Not Affected,Not Affected,Not Affected,Not Affected,Not Affected,Not Affected,Not Affected,Not Affected,Not Affected,565791.6248,473333.4131
1392,1392,Denham Oaks ES,1422 Oak Grove Blvd,Lutz,33559,Pasco,-82.411112,28.17720301,"-82.41111200, 28.17720301",17R LM 61475 17637,SHELTER,RISK,7,1994,6 Classroom / ESE,R,350 kW,0,0,0,0,378,7564,378,7564,429,S/HMGP,No,No,No,No,Yes, , , , ,,,SHELTER,,Risk Shelter Inventory,Critical Community and Emergency Facilities,Regionally Significant,RSI_PT_1392,,Southwest Florida Water Management District,FDEM,Risk Shelter Inventory - General - FDEM,,,,Tampa Bay,Southwest District,Southwest,7,54,23,Not Affected,Not Affected,Not Affected,Not Affected,Not Affected,Not Affected,Not Affected,Not Affected,Not Affected,Not Affected,Not Affected,Not Affected,Not Affected,Not Affected,Not Affected,Low,Low,Low,Low,Low,Low,555696.0594,464478.2221
1393,1393,Veterans ES,26940 Progress Pkwy,Wesley Chapel,33544,Pasco,-82.371665,28.23060101,"-82.37166500, 28.23060101",17R LM 65415 23509,SHELTER,RISK,7,2007,3 Classroom,A,180 kW,0,0,317,6333,0,0,317,6333,205, ,No,No,No,Yes,Yes, , , , ,,,SHELTER,,Risk Shelter Inventory,Critical Community and Emergency Facilities,Regionally Significant,RSI_PT_1393,,Southwest Florida Water Management District,FDEM,Risk Shelter Inventory - General - FDEM,,,,Tampa Bay,Southwest District,Southwest,7,54,23,Not Affected,Not Affected,Not Affected,Not Affected,Not Affected,Not Affected,Not Affected,Not Affected,Not Affected,Not Affected,Not Affected,Not Affected,Not Affected,Not Affected,Not Affected,Not Affected,Not Affected,Not Affected,Low,Low,Low,559482.967,470458.3365
1394,1394,River Ridge MS/HS,11646 Town Center Rd,New Port Richey,34654,Pasco,-82.62167999,28.266193,"-82.62167999, 28.26619300",17R LM 40934 27756,SHELTER,RISK,7,1990,2 Classroom,A,300 kW,0,0,0,0,0,0,199,3980,0, ,No,No,No,No,Yes, , , , ,,,SHELTER,,Risk Shelter Inventory,Critical Community and Emergency Facilities,Regionally Significant,RSI_PT_1388,,Southwest Florida Water Management District,FDEM,Risk Shelter Inventory - General - FDEM,,,,Tampa Bay,Southwest District,Southwest,7,55,21,Not Affected,Not Affected,Not Affected,Not Affected,Not Affected,Not Affected,Not Affected,Not Affected,Not Affected,Not Affected,Not Affected,Not Affected,Not Affected,Not Affected,Not Affected,Not Affected,Low,Low,Medium,Medium,Medium,534952.8422,474112.3003
1395,1395,New River ES,4710 River Glen Blvd,Wesley Chapel,33545,Pasco,-82.27588499,28.22644899,"-82.27588499, 28.22644899",17R LM 74809 22947,SHELTER,RISK,7,2007,4 Classroom,A,On-site 180 Kw,0,0,787,15740,0,0,787,15740,1049,L,No,No,No,Yes,Yes, , , , ,,,SHELTER,,Risk Shelter Inventory,Critical Community and Emergency Facilities,Regionally Significant,RSI_PT_1395,,Southwest Florida Water Management District,FDEM,Risk Shelter Inventory - General - FDEM,,,,Tampa Bay,Southwest District,Southwest,7,54,23,Not Affected,Not Affected,Not Affected,Not Affected,Not Affected,Not Affected,Not Affected,Not Affected,Not Affected,Not Affected,Not Affected,Not Affected,Not Affected,Not Affected,Not Affected,Not Affected,Low,Not Affected,Low,Low,Low,568869.7391,470124.7872
1396,1396,Sunlake HS,3023 Sunlake Blvd,Land O Lakes,34638,Pasco,-82.50832598,28.20131502,"-82.50832598, 28.20131502",17R LM 51964 20424,SHELTER,RISK,7,2007,5 Media,A, ,0,0,0,0,0,0,46,933,0, ,No,No,No,No,Yes, , , , ,,,SHELTER,,Risk Shelter Inventory,Critical Community and Emergency Facilities,Regionally Significant,RSI_PT_1387,,Southwest Florida Water Management District,FDEM,Risk Shelter Inventory - General - FDEM,,,,Tampa Bay,Southwest District,Southwest,7,55,23,Not Affected,Not Affected,Not Affected,Not Affected,Not Affected,Not Affected,Not Affected,Not Affected,Not Affected,Not Affected,Not Affected,Not Affected,Not Affected,Not Affected,Not Affected,Not Affected,Not Affected,Not Affected,Not Affected,Not Affected,Not Affected,546138.0932,467036.8391
1397,1397,River Ridge MS/HS,11646 Town Center Rd,New Port Richey,34654,Pasco,-82.62167999,28.266193,"-82.62167999, 28.26619300",17R LM 40934 27756,SHELTER,RISK,7,1990,22 Media,R,300 kW,0,0,0,0,162,3234,162,3234,0, ,No,No,No,No,Yes, , , , ,,,SHELTER,,Risk Shelter Inventory,Critical Community and Emergency Facilities,Regionally Significant,RSI_PT_1388,,Southwest Florida Water Management District,FDEM,Risk Shelter Inventory - General - FDEM,,,,Tampa Bay,Southwest District,Southwest,7,55,21,Not Affected,Not Affected,Not Affected,Not Affected,Not Affected,Not Affected,Not Affected,Not Affected,Not Affected,Not Affected,Not Affected,Not Affected,Not Affected,Not Affected,Not Affected,Not Affected,Low,Low,Medium,Medium,Medium,534952.8422,474112.3003
1398,1398,Pasco MS,13925 14th St,Dade City,33525,Pasco,-82.19619597,28.36081199,"-82.19619597, 28.36081199",17R LM 82776 37753,SHELTER,RISK,7,2010,1 Admin / Classroom,A, ,0,0,0,0,0,0,563,11264,342, , , , ,Yes,Yes, , , , ,,,SHELTER,,Risk Shelter Inventory,Critical Community and Emergency Facilities,Regionally Significant,RSI_PT_1398,Dade City,Southwest Florida Water Management District,FDEM,Risk Shelter Inventory - General - FDEM,,,,Tampa Bay,Southwest District,Southwest,7,54,23,Not Affected,Not Affected,Not Affected,Not Affected,Not Affected,Not Affected,Not Affected,Not Affected,Not Affected,Not Affected,Not Affected,Not Affected,Not Affected,Not Affected,Not Affected,Not Affected,Not Affected,Not Affected,Not Affected,Not Affected,Not Affected,576456.1299,485156.7717
1399,1399,Connerton ES,9300 Flourish Dr,Land O'Lakes,34637,Pasco,-82.45459002,28.292848,"-82.45459002, 28.29284800",17R LM 57361 30501,SHELTER,RISK,7,2009,1 Admin / Media,A,365 kW,0,0,0,0,0,0,221,4424,301,L,No,No,No,No,Yes, , , , ,,,SHELTER,,Risk Shelter Inventory,Critical Community and Emergency Facilities,Regionally Significant,RSI_PT_1399,,Southwest Florida Water Management District,FDEM,Risk Shelter Inventory - General - FDEM,,,,Tampa Bay,Southwest District,Southwest,7,55,23,Not Affected,Not Affected,Not Affected,Not Affected,Not Affected,Not Affected,Not Affected,Not Affected,Not Affected,Not Affected,Not Affected,Not Affected,Not Affected,Not Affected,Not Affected,Not Affected,Not Affected,Not Affected,Low,Low,Low,551274.8992,477266.2315
1400,1641,Mill Creek Academy K-8,3750 Intl Golf Pwky,St. Johns,32092,St. Johns,-81.49118203,29.96578401,"-81.49118203, 29.96578401",17R MP 52610 15095,SHELTER,RISK,4,2010,7 Classroom,A, ,0,0,0,0,0,0,856,17121,0, ,No,No,No,No,Yes, , , , ,,,SHELTER,,Risk Shelter Inventory,Critical Community and Emergency Facilities,Regionally Significant,RSI_PT_1400,,St. Johns River Water Management District,FDEM,Risk Shelter Inventory - General - FDEM,,,,Northeast Florida,Northeast District,Northeast,2,18,7,Not Affected,Not Affected,Not Affected,Not Affected,Not Affected,Not Affected,Not Affected,Not Affected,Not Affected,Not Affected,Not Affected,Not Affected,Not Affected,Not Affected,Not Affected,Not Affected,Not Affected,Not Affected,Not Affected,Not Affected,Not Affected,641790.0036,664542.4987
1401,1642,Cunningham Creek ES,1205 Roberts Rd,St. Johns,32259,St. Johns,-81.61212904,30.07682398,"-81.61212904, 30.07682398",17R MP 41006 27456,SHELTER,RISK,4,1995,2 Classroom,R, ,0,0,0,0,195,3900,195,3900,195,HMGP,No,No,No,No,Yes, , , , ,,,SHELTER,,Risk Shelter Inventory,Critical Community and Emergency Facilities,Regionally Significant,RSI_PT_1401,,St. Johns River Water Management District,FDEM,Risk Shelter Inventory - General - FDEM,,,,Northeast Florida,Northeast District,Northeast,2,18,7,Not Affected,Not Affected,Not Affected,Not Affected,Not Affected,Not Affected,Not Affected,Not Affected,Not Affected,Not Affected,Not Affected,Not Affected,Not Affected,Not Affected,Not Affected,Not Affected,Not Affected,Not Affected,Not Affected,Not Affected,Not Affected,629896.4326,676634.8309
1402,1643,Pacetti Bay MS,245 Meadowlark Ln,St. Augustine,32092,St. Johns,-81.50250497,29.94514001,"-81.50250497, 29.94514001",17R MP 51507 12812,SHELTER,RISK,4,2006,400 Classroom,R, ,0,0,0,0,460,9200,460,9200,0, ,No,No,No,No,Yes, , , , ,,,SHELTER,,Risk Shelter Inventory,Critical Community and Emergency Facilities,Regionally Significant,RSI_PT_1402,,St. Johns River Water Management District,FDEM,Risk Shelter Inventory - General - FDEM,,,,Northeast Florida,Northeast District,Northeast,2,18,7,Not Affected,Not Affected,Not Affected,Not Affected,Not Affected,Not Affected,Not Affected,Not Affected,Not Affected,Not Affected,Not Affected,Not Affected,Not Affected,Not Affected,Not Affected,Not Affected,Not Affected,Not Affected,Not Affected,Not Affected,Not Affected,640745.3027,662229.1347
1403,1644,Julington Creek ES,2316 Race Track Rd,St. Johns,32259,St. Johns,-81.60308798,30.11623599,"-81.60308798, 30.11623599",17R MP 41900 31818,SHELTER,RISK,4,2007,3 Cafeteria / Classroom,A, ,378,7567,0,0,0,0,378,7567,0, ,No,No,No,No,Yes, , , , ,,,SHELTER,,Risk Shelter Inventory,Critical Community and Emergency Facilities,Regionally Significant,RSI_PT_1403,,St. Johns River Water Management District,FDEM,Risk Shelter Inventory - General - FDEM,,,,Northeast Florida,Northeast District,Northeast,2,18,7,Not Affected,Not Affected,Not Affected,Not Affected,Not Affected,Not Affected,Not Affected,Not Affected,Not Affected,Not Affected,Not Affected,Not Affected,Not Affected,Not Affected,Not Affected,Not Affected,Not Affected,Not Affected,Not Affected,Not Affected,Not Affected,630681.7377,681025.6703
1404,1645,Switzerland Point MS,778 Greenbriar Rd,St. Johns,32259,St. Johns,-81.64844698,30.061791,"-81.64844698, 30.06179100",17R MP 37496 25809,SHELTER,RISK,4,1990,1B Cafeteria,A,40 kW for Campus,0,0,0,0,0,0,462,9242,0, ,No,No,No,No,Yes, , , , ,,,SHELTER,,Risk Shelter Inventory,Critical Community and Emergency Facilities,Regionally Significant,RSI_PT_1404,,St. Johns River Water Management District,FDEM,Risk Shelter Inventory - General - FDEM,,,,Northeast Florida,Northeast District,Northeast,2,18,7,Not Affected,Not Affected,Not Affected,Not Affected,Not Affected,Not Affected,Not Affected,Not Affected,Not Affected,Not Affected,Not Affected,Not Affected,Not Affected,Not Affected,Not Affected,Not Affected,Not Affected,Not Affected,Not Affected,Not Affected,Not Affected,626432.1057,674899.2369
1405,1646,Pacetti Bay MS,245 Meadowlark Ln,St. Augustine,32092,St. Johns,-81.50250497,29.94514001,"-81.50250497, 29.94514001",17R MP 51507 12812,SHELTER,RISK,4,2006,500A Gym,A,"Yes, unknown kW",0,0,0,0,0,0,621,12429,0,SR,No,No,No,No,Yes, , , , ,,,SHELTER,,Risk Shelter Inventory,Critical Community and Emergency Facilities,Regionally Significant,RSI_PT_1402,,St. Johns River Water Management District,FDEM,Risk Shelter Inventory - General - FDEM,,,,Northeast Florida,Northeast District,Northeast,2,18,7,Not Affected,Not Affected,Not Affected,Not Affected,Not Affected,Not Affected,Not Affected,Not Affected,Not Affected,Not Affected,Not Affected,Not Affected,Not Affected,Not Affected,Not Affected,Not Affected,Not Affected,Not Affected,Not Affected,Not Affected,Not Affected,640745.3027,662229.1347
1406,1647,W Douglas Hartley ES,260 Cacique Dr,St. Augustine,32086,St. Johns,-81.31092803,29.78905099,"-81.31092803, 29.78905099",17R MN 69948 95451,SHELTER,RISK,4,2010,3 Classroom,A,80 kW,0,0,0,0,0,0,471,9415,335, ,B,No,No,No,Yes, , ,Yes, ,,,SHELTER,,Risk Shelter Inventory,Critical Community and Emergency Facilities,Regionally Significant,RSI_PT_1406,,St. Johns River Water Management District,FDEM,Risk Shelter Inventory - General - FDEM,,,,Northeast Florida,Northeast District,Northeast,2,19,7,Not Affected,Not Affected,Not Affected,Not Affected,Not Affected,Not Affected,Not Affected,Not Affected,Not Affected,Not Affected,Not Affected,Not Affected,Not Affected,Not Affected,Not Affected,Not Affected,Not Affected,Not Affected,Not Affected,Not Affected,Not Affected,659587.3219,645293.4633
1407,1648,Osceola ES,1605 Osceola Elementary Rd,St. Augustine,32084,St. Johns,-81.34071496,29.87181298,"-81.34071496, 29.87181298",17R MP 67096 04630,SHELTER,RISK,4,2011,6 Classroom,A, ,0,0,0,0,0,0,362,7234,0, ,No,No,No,No,Yes, , , , ,,,SHELTER,,Risk Shelter Inventory,Critical Community and Emergency Facilities,Regionally Significant,RSI_PT_1407,,St. Johns River Water Management District,FDEM,Risk Shelter Inventory - General - FDEM,,,,Northeast Florida,Northeast District,Northeast,2,19,7,Not Affected,Not Affected,Not Affected,Not Affected,Not Affected,Not Affected,Not Affected,Not Affected,Not Affected,Not Affected,Not Affected,Not Affected,Not Affected,Not Affected,Not Affected,Not Affected,Not Affected,Not Affected,Not Affected,Not Affected,Not Affected,656514.1895,654416.9176
1408,1649,Creekside HS,100 Knights Ln,St. Johns,32259,St. Johns,-81.56262803,30.080703,"-81.56262803, 30.08070300",17R MP 45779 27861,SHELTER,RISK,4,2006,1 Cafeteria / Classroom,R,250 kW for Campus,0,0,0,0,2500,50000,2500,50000,500, ,No,No,No,No,Yes, , , , ,,,SHELTER,,Risk Shelter Inventory,Critical Community and Emergency Facilities,Regionally Significant,RSI_PT_1408,,St. Johns River Water Management District,FDEM,Risk Shelter Inventory - General - FDEM,,,,Northeast Florida,Northeast District,Northeast,2,18,7,Not Affected,Not Affected,Not Affected,Not Affected,Not Affected,Not Affected,Not Affected,Not Affected,Not Affected,Not Affected,Not Affected,Not Affected,Not Affected,Not Affected,Not Affected,Not Affected,Not Affected,Not Affected,Not Affected,Not Affected,Not Affected,634653.1037,677158.5685
1409,1650,Switzerland Point MS,781 Greenbriar Rd,St. Johns,32259,St. Johns,-81.64766719,30.06184408,"-81.64766719, 30.06184408",17R MP 37572 25814,SHELTER,RISK,4,1990,1E Classroom,A,40 kW for Campus,0,0,0,0,0,0,733,14662,0, ,No,No,No,No,Yes, , , , ,,,SHELTER,,Risk Shelter Inventory,Critical Community and Emergency Facilities,Regionally Significant,RSI_PT_1409,,St. Johns River Water Management District,FDEM,Risk Shelter Inventory - General - FDEM,,,,Northeast Florida,Northeast District,Northeast,2,18,7,Not Affected,Not Affected,Not Affected,Not Affected,Not Affected,Not Affected,Not Affected,Not Affected,Not Affected,Not Affected,Not Affected,Not Affected,Not Affected,Not Affected,Not Affected,Not Affected,Not Affected,Not Affected,Not Affected,Not Affected,Not Affected,626507.0708,674906.5602
1410,1651,Oak Hammock K-8,1251 SW California Blvd,Port St Lucie,34953,St. Lucie,-80.38448901,27.27888301,"-80.38448901, 27.27888301",17R NL 60917 17474,SHELTER,RISK,9,2004,1 Classroom,A,"Yes, unknown kW",0,0,1230,24602,0,0,1230,24602,0, ,No,No,No,No,Yes, , , , ,,,SHELTER,,Risk Shelter Inventory,Critical Community and Emergency Facilities,Regionally Significant,RSI_PT_1410,Port St. Lucie,South Florida Water Management District,FDEM,Risk Shelter Inventory - General - FDEM,,,,Treasure Coast,Southeast District,Northeast,4,85,31,Not Affected,Not Affected,Not Affected,Not Affected,Not Affected,Not Affected,Not Affected,Not Affected,Not Affected,Not Affected,Not Affected,Not Affected,Not Affected,Not Affected,Not Affected,Not Affected,Not Affected,Not Affected,Not Affected,Not Affected,Not Affected,757169.5212,368952.7683
1411,1652,Bayshore ES,1661 SW Bayshore Blvd,Port St Lucie,34984,St. Lucie,-80.363677,27.29130998,"-80.36367700, 27.29130998",17R NL 62970 18861,SHELTER,RISK,9,1987,1 Cafeteria / Classroom,R,"Yes, unknown kW",0,0,0,0,1420,28397,1420,28397,220,S-118A,No,No,No,No,Yes, , , , ,,,SHELTER,,Risk Shelter Inventory,Critical Community and Emergency Facilities,Regionally Significant,RSI_PT_1411,Port St. Lucie,South Florida Water Management District,FDEM,Risk Shelter Inventory - General - FDEM,,,,Treasure Coast,Southeast District,Northeast,4,85,29,Not Affected,Not Affected,Not Affected,Not Affected,Not Affected,Not Affected,Not Affected,Not Affected,Not Affected,Not Affected,Not Affected,Not Affected,Not Affected,Not Affected,Not Affected,Not Affected,Not Affected,Not Affected,Not Affected,Not Affected,Not Affected,759184.2221,370392.5104
1412,1653,Treasure Coast HS,1000 SW Darwin Blvd,Port St Lucie,34953,St. Lucie,-80.36434797,27.24471301,"-80.36434797, 27.24471301",17R NL 62930 13699,SHELTER,RISK,9,2005,3 Cafeteria / Auditorium / Gym,A, ,0,0,2148,42962,0,0,2148,42962,500, ,No,No,No,No,Yes, , , ,Yes,,,SHELTER,,Risk Shelter Inventory,Critical Community and Emergency Facilities,Regionally Significant,RSI_PT_1412,Port St. Lucie,South Florida Water Management District,FDEM,Risk Shelter Inventory - General - FDEM,,,,Treasure Coast,Southeast District,Northeast,4,85,31,Not Affected,Not Affected,Not Affected,Not Affected,Not Affected,Not Affected,Not Affected,Not Affected,Not Affected,Not Affected,Not Affected,Not Affected,Not Affected,Not Affected,Not Affected,Not Affected,Not Affected,Not Affected,Not Affected,Not Affected,Not Affected,759270.4894,365218.7123
1413,1654,Samuel S Gaines K-8,2250 S Jenkins Rd,Fort Pierce,34947,St. Lucie,-80.38139399,27.42464599,"-80.38139399, 27.42464599",17R NL 61143 33622,SHELTER,RISK,9,2006,4 Cafeteria,A, ,0,0,512,10234,0,0,512,10234,500, ,No,No,No,No,Yes, , , ,Yes,,,SHELTER,,Risk Shelter Inventory,Critical Community and Emergency Facilities,Regionally Significant,RSI_PT_1413,Fort Pierce,South Florida Water Management District,FDEM,Risk Shelter Inventory - General - FDEM,,,,Treasure Coast,Southeast District,Northeast,4,84,29,Not Affected,Not Affected,Not Affected,Not Affected,Not Affected,Not Affected,Not Affected,Not Affected,Not Affected,Not Affected,Not Affected,Not Affected,Not Affected,Not Affected,Not Affected,Not Affected,Not Affected,Not Affected,Not Affected,Not Affected,Not Affected,757000.2875,385140.5756
1414,1655,Mariposa ES,2620 SE Maripose Ave,Port St Lucie,34952,St. Lucie,-80.26922803,27.27002401,"-80.26922803, 27.27002401",17R NL 72330 16554,SHELTER,RISK,9,1990,3 Cafeteria,R,"Yes, unknown kW",0,0,0,0,206,4125,206,4125,225,S,No,No,No,No,Yes, , , , ,,,SHELTER,,Risk Shelter Inventory,Critical Community and Emergency Facilities,Regionally Significant,RSI_PT_1414,Port St. Lucie,South Florida Water Management District,FDEM,Risk Shelter Inventory - General - FDEM,,,,Treasure Coast,Southeast District,Northeast,4,85,29,Not Affected,Not Affected,Not Affected,Not Affected,Not Affected,Not Affected,Not Affected,Not Affected,Not Affected,Not Affected,Not Affected,Not Affected,Not Affected,Not Affected,Not Affected,Not Affected,Not Affected,Not Affected,Not Affected,Not Affected,Not Affected,768582.2717,368308.6827
1415,1656,Ft Pierce Central HS,4101 S 25th St,Fort Pierce,34981,St. Lucie,-80.35082703,27.39126401,"-80.35082703, 27.39126401",17R NL 64184 29939,SHELTER,RISK,9,2006,3 Gym / Cafeteria,A, ,0,0,1940,38807,0,0,1940,38807,500, ,No,No,No,No,Yes, , , ,Yes,,,SHELTER,,Risk Shelter Inventory,Critical Community and Emergency Facilities,Regionally Significant,RSI_PT_1415,Fort Pierce,South Florida Water Management District,FDEM,Risk Shelter Inventory - General - FDEM,,,,Treasure Coast,Southeast District,Northeast,4,84,29,Not Affected,Not Affected,Not Affected,Not Affected,Not Affected,Not Affected,Not Affected,Not Affected,Not Affected,Not Affected,Not Affected,Not Affected,Not Affected,Not Affected,Not Affected,Not Affected,Not Affected,Not Affected,Not Affected,Not Affected,Not Affected,760124.7296,381524.2063
1416,1400,Wesley Chapel HS,30651 Wells Rd,Wesley Chapel,33544,Pasco,-82.31109668,28.25528003,"-82.31109668, 28.25528003",17R LM 71388 26178,SHELTER,RISK,7,1998,7 Gymnasium,R,"160 kW, 1600 kW, and 1000 kW for campus",0,0,0,0,510,10206,510,10206,0,S-1467-2004,No,No,No,No,Yes, , , , ,,,SHELTER,,Risk Shelter Inventory,Critical Community and Emergency Facilities,Regionally Significant,RSI_PT_1416,,Southwest Florida Water Management District,FDEM,Risk Shelter Inventory - General - FDEM,,,,Tampa Bay,Southwest District,Southwest,7,54,23,Not Affected,Not Affected,Not Affected,Not Affected,Not Affected,Not Affected,Not Affected,Not Affected,Not Affected,Not Affected,Not Affected,Not Affected,Not Affected,Not Affected,Not Affected,Not Affected,Not Affected,Not Affected,Medium,Medium,Medium,565377.27,473278.6423
1417,1401,Sunlake HS,3023 Sunlake Blvd,Land O Lakes,34638,Pasco,-82.50832598,28.20131502,"-82.50832598, 28.20131502",17R LM 51964 20424,SHELTER,RISK,7,2007,1 Admin,A,134 kW,0,0,0,0,0,0,35,700,0, ,No,No,No,No,Yes, , , , ,,,SHELTER,,Risk Shelter Inventory,Critical Community and Emergency Facilities,Regionally Significant,RSI_PT_1387,,Southwest Florida Water Management District,FDEM,Risk Shelter Inventory - General - FDEM,,,,Tampa Bay,Southwest District,Southwest,7,55,23,Not Affected,Not Affected,Not Affected,Not Affected,Not Affected,Not Affected,Not Affected,Not Affected,Not Affected,Not Affected,Not Affected,Not Affected,Not Affected,Not Affected,Not Affected,Not Affected,Not Affected,Not Affected,Not Affected,Not Affected,Not Affected,546138.0932,467036.8391
1418,1402,River Ridge MS/HS,11646 Town Center Rd,New Port Richey,34654,Pasco,-82.62167999,28.266193,"-82.62167999, 28.26619300",17R LM 40934 27756,SHELTER,RISK,7,1990,1 Classroom / Media,A,300 kW,0,0,0,0,0,0,266,5313,0, ,No,No,No,No,Yes, , , , ,,,SHELTER,,Risk Shelter Inventory,Critical Community and Emergency Facilities,Regionally Significant,RSI_PT_1388,,Southwest Florida Water Management District,FDEM,Risk Shelter Inventory - General - FDEM,,,,Tampa Bay,Southwest District,Southwest,7,55,21,Not Affected,Not Affected,Not Affected,Not Affected,Not Affected,Not Affected,Not Affected,Not Affected,Not Affected,Not Affected,Not Affected,Not Affected,Not Affected,Not Affected,Not Affected,Not Affected,Low,Low,Medium,Medium,Medium,534952.8422,474112.3003
1419,1403,Denham Oaks ES,1422 Oak Grove Blvd,Lutz,33559,Pasco,-82.411112,28.17720301,"-82.41111200, 28.17720301",17R LM 61475 17637,SHELTER,RISK,7,1994,3 Admin / Classroom,R,350 kW,0,0,0,0,180,3606,180,3606,232,S/HMGP,No,No,No,No,Yes, , , , ,,,SHELTER,,Risk Shelter Inventory,Critical Community and Emergency Facilities,Regionally Significant,RSI_PT_1392,,Southwest Florida Water Management District,FDEM,Risk Shelter Inventory - General - FDEM,,,,Tampa Bay,Southwest District,Southwest,7,54,23,Not Affected,Not Affected,Not Affected,Not Affected,Not Affected,Not Affected,Not Affected,Not Affected,Not Affected,Not Affected,Not Affected,Not Affected,Not Affected,Not Affected,Not Affected,Low,Low,Low,Low,Low,Low,555696.0594,464478.2221
1420,1404,Raymond B Stewart MS,38505 10th Ave,Zephyrhills,33542,Pasco,-82.179447,28.23957602,"-82.17944700, 28.23957602",17R LM 84286 24305,SHELTER,RISK,7,2006,12 Cafeteria,A, ,0,0,487,9740,0,0,487,9740,649,L,No,No,No,Yes,Yes, , , , ,,,SHELTER,,Risk Shelter Inventory,Critical Community and Emergency Facilities,Regionally Significant,RSI_PT_1420,Zephyrhills,Southwest Florida Water Management District,FDEM,Risk Shelter Inventory - General - FDEM,,,,Tampa Bay,Southwest District,Southwest,7,54,23,Not Affected,Not Affected,Not Affected,Not Affected,Not Affected,Not Affected,Not Affected,Not Affected,Not Affected,Not Affected,Not Affected,Not Affected,Not Affected,Not Affected,Not Affected,Not Affected,Not Affected,Not Affected,Not Affected,Not Affected,Not Affected,578293.2399,471718.2315
1421,1405,Denham Oaks ES,1422 Oak Grove Blvd,Lutz,33559,Pasco,-82.411112,28.17720301,"-82.41111200, 28.17720301",17R LM 61475 17637,SHELTER,RISK,7,1994,1 Admin / Media,R,350 kW,0,0,0,0,212,4230,212,4230,297,S/HMGP,No,No,No,No,Yes, , , , ,,,SHELTER,,Risk Shelter Inventory,Critical Community and Emergency Facilities,Regionally Significant,RSI_PT_1392,,Southwest Florida Water Management District,FDEM,Risk Shelter Inventory - General - FDEM,,,,Tampa Bay,Southwest District,Southwest,7,54,23,Not Affected,Not Affected,Not Affected,Not Affected,Not Affected,Not Affected,Not Affected,Not Affected,Not Affected,Not Affected,Not Affected,Not Affected,Not Affected,Not Affected,Not Affected,Low,Low,Low,Low,Low,Low,555696.0594,464478.2221
1422,1406,Veterans ES,26940 Progress Pkwy,Wesley Chapel,33544,Pasco,-82.371665,28.23060101,"-82.37166500, 28.23060101",17R LM 65415 23509,SHELTER,RISK,7,2007,5 Classroom,A,180 kW,0,0,262,5238,0,0,262,5238,205, ,No,No,No,Yes,Yes, , , , ,,,SHELTER,,Risk Shelter Inventory,Critical Community and Emergency Facilities,Regionally Significant,RSI_PT_1393,,Southwest Florida Water Management District,FDEM,Risk Shelter Inventory - General - FDEM,,,,Tampa Bay,Southwest District,Southwest,7,54,23,Not Affected,Not Affected,Not Affected,Not Affected,Not Affected,Not Affected,Not Affected,Not Affected,Not Affected,Not Affected,Not Affected,Not Affected,Not Affected,Not Affected,Not Affected,Not Affected,Not Affected,Not Affected,Low,Low,Low,559482.967,470458.3365
1423,1407,Watergrass ES,32750 Overpass Rd,Wesley Chapel,33545,Pasco,-82.275225,28.26470798,"-82.27522500, 28.26470798",17R LM 74918 27185,SHELTER,RISK,7,2008,1 Admin / Media,A,180 kW,0,0,0,0,0,0,77,1542,257,L,No,No,No,No,Yes, , , , ,,,SHELTER,,Risk Shelter Inventory,Critical Community and Emergency Facilities,Regionally Significant,RSI_PT_1385,,Southwest Florida Water Management District,FDEM,Risk Shelter Inventory - General - FDEM,,,,Tampa Bay,Southwest District,Southwest,7,54,23,Not Affected,Not Affected,Not Affected,Not Affected,Not Affected,Not Affected,Not Affected,Not Affected,Not Affected,Not Affected,Not Affected,Not Affected,Not Affected,Not Affected,Not Affected,Not Affected,Not Affected,Not Affected,Low,Low,Low,568874.9513,474374.1975
1424,1408,Thomas Weightman MS,30649 Wells Rd,Wesley Chapel,33545,Pasco,-82.30685797,28.255722,"-82.30685797, 28.25572200",17R LM 71804 26222,SHELTER,RISK,7,1990,2 Classroom,A,125 kW,0,0,0,0,0,0,323,6465,326, ,No,No,No,No,Yes, , , , ,,,SHELTER,,Risk Shelter Inventory,Critical Community and Emergency Facilities,Regionally Significant,RSI_PT_1384,,Southwest Florida Water Management District,FDEM,Risk Shelter Inventory - General - FDEM,,,,Tampa Bay,Southwest District,Southwest,7,54,23,Not Affected,Not Affected,Not Affected,Not Affected,Not Affected,Not Affected,Not Affected,Not Affected,Not Affected,Not Affected,Not Affected,Not Affected,Not Affected,Not Affected,Not Affected,Not Affected,Not Affected,Not Affected,Not Affected,Not Affected,Not Affected,565791.6248,473333.4131
1425,1409,River Ridge MS/HS,11646 Town Center Rd,New Port Richey,34654,Pasco,-82.62167999,28.266193,"-82.62167999, 28.26619300",17R LM 40934 27756,SHELTER,RISK,7,1990,21 Gymnasium,R,300 kW,0,0,0,0,1563,31253,1563,31253,0, ,No,No,No,No,Yes, , , , ,,,SHELTER,,Risk Shelter Inventory,Critical Community and Emergency Facilities,Regionally Significant,RSI_PT_1388,,Southwest Florida Water Management District,FDEM,Risk Shelter Inventory - General - FDEM,,,,Tampa Bay,Southwest District,Southwest,7,55,21,Not Affected,Not Affected,Not Affected,Not Affected,Not Affected,Not Affected,Not Affected,Not Affected,Not Affected,Not Affected,Not Affected,Not Affected,Not Affected,Not Affected,Not Affected,Not Affected,Low,Low,Medium,Medium,Medium,534952.8422,474112.3003
1426,1410,River Ridge MS/HS,11646 Town Center Rd,New Port Richey,34654,Pasco,-82.62167999,28.266193,"-82.62167999, 28.26619300",17R LM 40934 27756,SHELTER,RISK,7,1990,5 Auditorium / Music,R,300 kW,0,0,0,0,838,16752,838,16752,0, ,No,No,No,No,Yes, , , , ,,,SHELTER,,Risk Shelter Inventory,Critical Community and Emergency Facilities,Regionally Significant,RSI_PT_1388,,Southwest Florida Water Management District,FDEM,Risk Shelter Inventory - General - FDEM,,,,Tampa Bay,Southwest District,Southwest,7,55,21,Not Affected,Not Affected,Not Affected,Not Affected,Not Affected,Not Affected,Not Affected,Not Affected,Not Affected,Not Affected,Not Affected,Not Affected,Not Affected,Not Affected,Not Affected,Not Affected,Low,Low,Medium,Medium,Medium,534952.8422,474112.3003
1427,1411,Veterans ES,26940 Progress Pkwy,Wesley Chapel,33544,Pasco,-82.371665,28.23060101,"-82.37166500, 28.23060101",17R LM 65415 23509,SHELTER,RISK,7,2007,6 Classroom,A,180 kW,0,0,241,4817,0,0,241,4817,205, ,No,No,No,Yes,Yes, , , , ,,,SHELTER,,Risk Shelter Inventory,Critical Community and Emergency Facilities,Regionally Significant,RSI_PT_1393,,Southwest Florida Water Management District,FDEM,Risk Shelter Inventory - General - FDEM,,,,Tampa Bay,Southwest District,Southwest,7,54,23,Not Affected,Not Affected,Not Affected,Not Affected,Not Affected,Not Affected,Not Affected,Not Affected,Not Affected,Not Affected,Not Affected,Not Affected,Not Affected,Not Affected,Not Affected,Not Affected,Not Affected,Not Affected,Low,Low,Low,559482.967,470458.3365
1428,1412,Pine View ES,5333 Parkway Blvd,Land O'Lakes,34639,Pasco,-82.42922504,28.233353,"-82.42922504, 28.23335300",17R LM 59770 23880,SHELTER,RISK,7,2003,4 Classroom,A,180 Kw,0,0,804,16080,0,0,804,16080,1072, ,No,No,No,Yes,Yes, , , , ,,,SHELTER,,Risk Shelter Inventory,Critical Community and Emergency Facilities,Regionally Significant,RSI_PT_1428,,Southwest Florida Water Management District,FDEM,Risk Shelter Inventory - General - FDEM,,,,Tampa Bay,Southwest District,Southwest,7,55,23,Not Affected,Not Affected,Not Affected,Not Affected,Not Affected,Not Affected,Not Affected,Not Affected,Not Affected,Not Affected,Not Affected,Not Affected,Not Affected,Not Affected,Not Affected,Not Affected,Not Affected,Not Affected,Not Affected,Not Affected,Not Affected,553841.8188,470690.8118
1429,1413,Thomas Weightman MS,30649 Wells Rd,Wesley Chapel,33545,Pasco,-82.30685797,28.255722,"-82.30685797, 28.25572200",17R LM 71804 26222,SHELTER,RISK,7,1992,6 Classroom,A,125 kW,0,0,0,0,0,0,335,6705,351, ,No,No,No,No,Yes, , , , ,,,SHELTER,,Risk Shelter Inventory,Critical Community and Emergency Facilities,Regionally Significant,RSI_PT_1384,,Southwest Florida Water Management District,FDEM,Risk Shelter Inventory - General - FDEM,,,,Tampa Bay,Southwest District,Southwest,7,54,23,Not Affected,Not Affected,Not Affected,Not Affected,Not Affected,Not Affected,Not Affected,Not Affected,Not Affected,Not Affected,Not Affected,Not Affected,Not Affected,Not Affected,Not Affected,Not Affected,Not Affected,Not Affected,Not Affected,Not Affected,Not Affected,565791.6248,473333.4131
1430,1414,Double Branch ES,31500 Chancey Rd,Wesley Chapel,33543,Pasco,-82.29473002,28.21031299,"-82.29473002, 28.21031299",17R LM 72940 21178,SHELTER,RISK,7,2007,2 Library / Classroom / ESE,A,180 kW,0,0,0,0,0,0,411,8210,262,L,No,No,No,No,Yes, , , , ,,,SHELTER,,Risk Shelter Inventory,Critical Community and Emergency Facilities,Regionally Significant,RSI_PT_1386,,Southwest Florida Water Management District,FDEM,Risk Shelter Inventory - General - FDEM,,,,Tampa Bay,Southwest District,Southwest,7,54,23,Not Affected,Not Affected,Not Affected,Not Affected,Not Affected,Not Affected,Not Affected,Not Affected,Not Affected,Not Affected,Not Affected,Not Affected,Not Affected,Not Affected,Not Affected,Not Affected,Not Affected,Not Affected,Not Affected,Not Affected,Not Affected,567048.8468,468307.2804
1431,1415,Sunlake HS,3023 Sunlake Blvd,Land O'Lakes,34638,Pasco,-82.50832598,28.20131502,"-82.50832598, 28.20131502",17R LM 51964 20424,SHELTER,RISK,7,2007,7 Cafeteria,A,134 kW,0,0,227,4538,0,0,227,4538,0, ,No,No,No,Yes,Yes, , , , ,,,SHELTER,,Risk Shelter Inventory,Critical Community and Emergency Facilities,Regionally Significant,RSI_PT_1387,,Southwest Florida Water Management District,FDEM,Risk Shelter Inventory - General - FDEM,,,,Tampa Bay,Southwest District,Southwest,7,55,23,Not Affected,Not Affected,Not Affected,Not Affected,Not Affected,Not Affected,Not Affected,Not Affected,Not Affected,Not Affected,Not Affected,Not Affected,Not Affected,Not Affected,Not Affected,Not Affected,Not Affected,Not Affected,Not Affected,Not Affected,Not Affected,546138.0932,467036.8391
1432,1416,Connerton ES,9300 Flourish Dr,Land O'Lakes,34637,Pasco,-82.45459002,28.292848,"-82.45459002, 28.29284800",17R LM 57361 30501,SHELTER,RISK,7,2009,2 Classroom,A,365 kW,0,0,0,0,0,0,365,7308,300,L,No,No,No,No,Yes, , , , ,,,SHELTER,,Risk Shelter Inventory,Critical Community and Emergency Facilities,Regionally Significant,RSI_PT_1399,,Southwest Florida Water Management District,FDEM,Risk Shelter Inventory - General - FDEM,,,,Tampa Bay,Southwest District,Southwest,7,55,23,Not Affected,Not Affected,Not Affected,Not Affected,Not Affected,Not Affected,Not Affected,Not Affected,Not Affected,Not Affected,Not Affected,Not Affected,Not Affected,Not Affected,Not Affected,Not Affected,Not Affected,Not Affected,Low,Low,Low,551274.8992,477266.2315
1433,1417,Seven Oaks ES,27633 Mystic Oak Blvd,Wesley Chapel,33544,Pasco,-82.35978499,28.21120399,"-82.35978499, 28.21120399",17R LM 66557 21347,SHELTER,RISK,7,2005,4 Classroom,A, ,0,0,1325,26500,0,0,1325,26500,1767,L,No,No,No,Yes,Yes, , , , ,,,SHELTER,,Risk Shelter Inventory,Critical Community and Emergency Facilities,Regionally Significant,RSI_PT_1433,,Southwest Florida Water Management District,FDEM,Risk Shelter Inventory - General - FDEM,,,,Tampa Bay,Southwest District,Southwest,7,54,23,Not Affected,Not Affected,Not Affected,Not Affected,Not Affected,Not Affected,Not Affected,Not Affected,Not Affected,Not Affected,Not Affected,Not Affected,Not Affected,Not Affected,Not Affected,Not Affected,Not Affected,Not Affected,Low,Low,Low,560675.1064,468319.7766
1434,1418,Wesley Chapel HS,30651 Wells Rd,Wesley Chapel,33545,Pasco,-82.31210998,28.25603598,"-82.31210998, 28.25603598",17R LM 71289 26263,SHELTER,RISK,7,1998,1 Admin,A,"160 kW, 1600 kW, and 1000 kW for campus",0,0,0,0,0,0,76,1521,0,L,No,No,No,No,Yes, , , , ,,,SHELTER,,Risk Shelter Inventory,Critical Community and Emergency Facilities,Regionally Significant,RSI_PT_1434,,Southwest Florida Water Management District,FDEM,Risk Shelter Inventory - General - FDEM,,,,Tampa Bay,Southwest District,Southwest,7,54,23,Not Affected,Not Affected,Not Affected,Not Affected,Not Affected,Not Affected,Not Affected,Not Affected,Not Affected,Not Affected,Not Affected,Not Affected,Not Affected,Not Affected,Not Affected,Not Affected,Not Affected,Not Affected,Not Affected,Low,Low,565276.9048,473361.23
1435,1419,Veterans ES,26940 Progress Pkwy,Wesley Chapel,33544,Pasco,-82.371665,28.23060101,"-82.37166500, 28.23060101",17R LM 65415 23509,SHELTER,RISK,7,2007,1 Admin / Media,A,180 kW,0,0,0,0,0,0,67,1346,205, ,No,No,No,No,Yes, , , , ,,,SHELTER,,Risk Shelter Inventory,Critical Community and Emergency Facilities,Regionally Significant,RSI_PT_1393,,Southwest Florida Water Management District,FDEM,Risk Shelter Inventory - General - FDEM,,,,Tampa Bay,Southwest District,Southwest,7,54,23,Not Affected,Not Affected,Not Affected,Not Affected,Not Affected,Not Affected,Not Affected,Not Affected,Not Affected,Not Affected,Not Affected,Not Affected,Not Affected,Not Affected,Not Affected,Not Affected,Not Affected,Not Affected,Low,Low,Low,559482.967,470458.3365
1436,1420,Double Branch ES,31500 Chancey Rd,Wesley Chapel,33543,Pasco,-82.29473002,28.21031299,"-82.29473002, 28.21031299",17R LM 72940 21178,SHELTER,RISK,7,2007,4 Classroom,A,180 kW,0,0,0,0,0,0,758,15156,263,L,No,No,No,No,Yes, , , , ,,,SHELTER,,Risk Shelter Inventory,Critical Community and Emergency Facilities,Regionally Significant,RSI_PT_1386,,Southwest Florida Water Management District,FDEM,Risk Shelter Inventory - General - FDEM,,,,Tampa Bay,Southwest District,Southwest,7,54,23,Not Affected,Not Affected,Not Affected,Not Affected,Not Affected,Not Affected,Not Affected,Not Affected,Not Affected,Not Affected,Not Affected,Not Affected,Not Affected,Not Affected,Not Affected,Not Affected,Not Affected,Not Affected,Not Affected,Not Affected,Not Affected,567048.8468,468307.2804
1437,1421,Wesley Chapel HS,30651 Wells Rd,Wesley Chapel,33544,Pasco,-82.31109668,28.25528003,"-82.31109668, 28.25528003",17R LM 71388 26178,SHELTER,RISK,7,1998,8 Auditorium,A,"160 kW, 1600 kW, and 1000 kW for campus",0,0,0,0,0,0,159,3184,0,S-1467-2004,No,No,No,No,Yes, , , , ,,,SHELTER,,Risk Shelter Inventory,Critical Community and Emergency Facilities,Regionally Significant,RSI_PT_1416,,Southwest Florida Water Management District,FDEM,Risk Shelter Inventory - General - FDEM,,,,Tampa Bay,Southwest District,Southwest,7,54,23,Not Affected,Not Affected,Not Affected,Not Affected,Not Affected,Not Affected,Not Affected,Not Affected,Not Affected,Not Affected,Not Affected,Not Affected,Not Affected,Not Affected,Not Affected,Not Affected,Not Affected,Not Affected,Medium,Medium,Medium,565377.27,473278.6423
1438,1422,Wesley Chapel HS,30651 Wells Rd,Wesley Chapel,33544,Pasco,-82.31109668,28.25528003,"-82.31109668, 28.25528003",17R LM 71388 26178,SHELTER,RISK,7,1998,6 Media,A,"160 kW, 1600 kW, and 1000 kW for campus",0,0,0,0,0,0,71,1410,0,S-1467-2004,No,No,No,No,Yes, , , , ,,,SHELTER,,Risk Shelter Inventory,Critical Community and Emergency Facilities,Regionally Significant,RSI_PT_1416,,Southwest Florida Water Management District,FDEM,Risk Shelter Inventory - General - FDEM,,,,Tampa Bay,Southwest District,Southwest,7,54,23,Not Affected,Not Affected,Not Affected,Not Affected,Not Affected,Not Affected,Not Affected,Not Affected,Not Affected,Not Affected,Not Affected,Not Affected,Not Affected,Not Affected,Not Affected,Not Affected,Not Affected,Not Affected,Medium,Medium,Medium,565377.27,473278.6423
1439,1423,Double Branch ES,31500 Chancey Rd,Wesley Chapel,33543,Pasco,-82.29473002,28.21031299,"-82.29473002, 28.21031299",17R LM 72940 21178,SHELTER,RISK,7,2007,1 Admin / Classroom,A,180 kW,0,0,0,0,0,0,167,3338,262,L,No,No,No,No,Yes, , , , ,,,SHELTER,,Risk Shelter Inventory,Critical Community and Emergency Facilities,Regionally Significant,RSI_PT_1386,,Southwest Florida Water Management District,FDEM,Risk Shelter Inventory - General - FDEM,,,,Tampa Bay,Southwest District,Southwest,7,54,23,Not Affected,Not Affected,Not Affected,Not Affected,Not Affected,Not Affected,Not Affected,Not Affected,Not Affected,Not Affected,Not Affected,Not Affected,Not Affected,Not Affected,Not Affected,Not Affected,Not Affected,Not Affected,Not Affected,Not Affected,Not Affected,567048.8468,468307.2804
1440,1424,Thomas Weightman MS,30649 Wells Rd,Wesley Chapel,33545,Pasco,-82.30685797,28.255722,"-82.30685797, 28.25572200",17R LM 71804 26222,SHELTER,RISK,7,1990,5 Media / Classroom,R,125 kW,0,0,0,0,58,1163,58,1163,265,S/HMGP,No,No,No,No,Yes, , , , ,,,SHELTER,,Risk Shelter Inventory,Critical Community and Emergency Facilities,Regionally Significant,RSI_PT_1384,,Southwest Florida Water Management District,FDEM,Risk Shelter Inventory - General - FDEM,,,,Tampa Bay,Southwest District,Southwest,7,54,23,Not Affected,Not Affected,Not Affected,Not Affected,Not Affected,Not Affected,Not Affected,Not Affected,Not Affected,Not Affected,Not Affected,Not Affected,Not Affected,Not Affected,Not Affected,Not Affected,Not Affected,Not Affected,Not Affected,Not Affected,Not Affected,565791.6248,473333.4131
1441,1425,Sunlake HS,3023 Sunlake Blvd,Land O'Lakes,34638,Pasco,-82.50832598,28.20131502,"-82.50832598, 28.20131502",17R LM 51964 20424,SHELTER,RISK,7,2007,3 Classroom,A,134 kW,0,0,1128,22569,0,0,1128,22569,0, ,No,No,No,Yes,Yes, , , , ,,,SHELTER,,Risk Shelter Inventory,Critical Community and Emergency Facilities,Regionally Significant,RSI_PT_1387,,Southwest Florida Water Management District,FDEM,Risk Shelter Inventory - General - FDEM,,,,Tampa Bay,Southwest District,Southwest,7,55,23,Not Affected,Not Affected,Not Affected,Not Affected,Not Affected,Not Affected,Not Affected,Not Affected,Not Affected,Not Affected,Not Affected,Not Affected,Not Affected,Not Affected,Not Affected,Not Affected,Not Affected,Not Affected,Not Affected,Not Affected,Not Affected,546138.0932,467036.8391
1442,1426,River Ridge MS/HS,11646 Town Center Rd,New Port Richey,34654,Pasco,-82.62167999,28.266193,"-82.62167999, 28.26619300",17R LM 40934 27756,SHELTER,RISK,7,1990,24 Classroom,R,300 kW,0,0,0,0,105,2095,105,2095,0, ,No,No,No,No,Yes, , , , ,,,SHELTER,,Risk Shelter Inventory,Critical Community and Emergency Facilities,Regionally Significant,RSI_PT_1388,,Southwest Florida Water Management District,FDEM,Risk Shelter Inventory - General - FDEM,,,,Tampa Bay,Southwest District,Southwest,7,55,21,Not Affected,Not Affected,Not Affected,Not Affected,Not Affected,Not Affected,Not Affected,Not Affected,Not Affected,Not Affected,Not Affected,Not Affected,Not Affected,Not Affected,Not Affected,Not Affected,Low,Low,Medium,Medium,Medium,534952.8422,474112.3003
1443,1427,River Ridge MS/HS,11646 Town Center Rd,New Port Richey,34654,Pasco,-82.62167999,28.266193,"-82.62167999, 28.26619300",17R LM 40934 27756,SHELTER,RISK,7,1990,4 Classroom,A,300 kW,0,0,0,0,0,0,156,3127,0, ,No,No,No,No,Yes, , , , ,,,SHELTER,,Risk Shelter Inventory,Critical Community and Emergency Facilities,Regionally Significant,RSI_PT_1388,,Southwest Florida Water Management District,FDEM,Risk Shelter Inventory - General - FDEM,,,,Tampa Bay,Southwest District,Southwest,7,55,21,Not Affected,Not Affected,Not Affected,Not Affected,Not Affected,Not Affected,Not Affected,Not Affected,Not Affected,Not Affected,Not Affected,Not Affected,Not Affected,Not Affected,Not Affected,Not Affected,Low,Low,Medium,Medium,Medium,534952.8422,474112.3003
1444,1428,Connerton ES,9300 Flourish Dr,Land O'Lakes,34637,Pasco,-82.45459002,28.292848,"-82.45459002, 28.29284800",17R LM 57361 30501,SHELTER,RISK,7,2009,4 Classroom,A,365 kW,0,0,348,6955,0,0,348,6955,301,L,No,No,No,Yes,Yes, , , , ,,,SHELTER,,Risk Shelter Inventory,Critical Community and Emergency Facilities,Regionally Significant,RSI_PT_1399,,Southwest Florida Water Management District,FDEM,Risk Shelter Inventory - General - FDEM,,,,Tampa Bay,Southwest District,Southwest,7,55,23,Not Affected,Not Affected,Not Affected,Not Affected,Not Affected,Not Affected,Not Affected,Not Affected,Not Affected,Not Affected,Not Affected,Not Affected,Not Affected,Not Affected,Not Affected,Not Affected,Not Affected,Not Affected,Low,Low,Low,551274.8992,477266.2315
1445,1429,Wiregrass Ranch Sr HS,2909 Mansfield Blvd,Wesley Chapel,33543,Pasco,-82.32674504,28.18951301,"-82.32674504, 28.18951301",17R LM 69773 18908,SHELTER,RISK,7,2006,1 Admin,A, ,0,0,0,0,0,0,35,700,0, ,No,No,No,No,Yes, , , , ,,,SHELTER,,Risk Shelter Inventory,Critical Community and Emergency Facilities,Regionally Significant,RSI_PT_1389,,Southwest Florida Water Management District,FDEM,Risk Shelter Inventory - General - FDEM,,,,Tampa Bay,Southwest District,Southwest,7,54,23,Not Affected,Not Affected,Not Affected,Not Affected,Not Affected,Not Affected,Not Affected,Not Affected,Not Affected,Not Affected,Not Affected,Not Affected,Not Affected,Not Affected,Not Affected,Low,Medium,Low,Medium,Medium,Medium,563944.1822,465954.5526
1446,1430,Longleaf ES,3253 Town Ave,New Port Richey,34655,Pasco,-82.64702502,28.207496,"-82.64702502, 28.20749600",17R LM 38359 21286,SHELTER,RISK,7,2005,4 Classroom,A,On-site 180 Kw,0,0,1325,26500,0,0,1325,26500,1767,L,No,No,AE,Yes,Yes, , , , ,,,SHELTER,,Risk Shelter Inventory,Critical Community and Emergency Facilities,Regionally Significant,RSI_PT_1446,,Southwest Florida Water Management District,FDEM,Risk Shelter Inventory - General - FDEM,,,,Tampa Bay,Southwest District,Southwest,7,55,21,Not Affected,Not Affected,Not Affected,Not Affected,Not Affected,Not Affected,Not Affected,Not Affected,Not Affected,Not Affected,Not Affected,Not Affected,Not Affected,Not Affected,Not Affected,Not Affected,Not Affected,Not Affected,Not Affected,Not Affected,Not Affected,532542.9028,467566.5088
1447,1431,Connerton ES,9300 Flourish Dr,Land O'Lakes,34637,Pasco,-82.45459002,28.292848,"-82.45459002, 28.29284800",17R LM 57361 30501,SHELTER,RISK,7,2009,3 Cafeteria,A,365 kW,0,0,305,6093,0,0,305,6093,300,L,No,No,No,Yes,Yes, , , , ,,,SHELTER,,Risk Shelter Inventory,Critical Community and Emergency Facilities,Regionally Significant,RSI_PT_1399,,Southwest Florida Water Management District,FDEM,Risk Shelter Inventory - General - FDEM,,,,Tampa Bay,Southwest District,Southwest,7,55,23,Not Affected,Not Affected,Not Affected,Not Affected,Not Affected,Not Affected,Not Affected,Not Affected,Not Affected,Not Affected,Not Affected,Not Affected,Not Affected,Not Affected,Not Affected,Not Affected,Not Affected,Not Affected,Low,Low,Low,551274.8992,477266.2315
1448,1432,Sunlake HS,3023 Sunlake Blvd,Land O'Lakes,34638,Pasco,-82.50832598,28.20131502,"-82.50832598, 28.20131502",17R LM 51964 20424,SHELTER,RISK,7,2007,2 Music,A,134 kW,0,0,0,0,0,0,176,3518,0, ,No,No,No,No,Yes, , , , ,,,SHELTER,,Risk Shelter Inventory,Critical Community and Emergency Facilities,Regionally Significant,RSI_PT_1387,,Southwest Florida Water Management District,FDEM,Risk Shelter Inventory - General - FDEM,,,,Tampa Bay,Southwest District,Southwest,7,55,23,Not Affected,Not Affected,Not Affected,Not Affected,Not Affected,Not Affected,Not Affected,Not Affected,Not Affected,Not Affected,Not Affected,Not Affected,Not Affected,Not Affected,Not Affected,Not Affected,Not Affected,Not Affected,Not Affected,Not Affected,Not Affected,546138.0932,467036.8391
1449,1433,Watergrass ES,32750 Overpass Rd,Wesley Chapel,33545,Pasco,-82.275225,28.26470798,"-82.27522500, 28.26470798",17R LM 74918 27185,SHELTER,RISK,7,2008,3 Classroom,A,180 kW,0,0,328,6561,0,0,328,6561,257,L,No,No,No,Yes,Yes, , , , ,,,SHELTER,,Risk Shelter Inventory,Critical Community and Emergency Facilities,Regionally Significant,RSI_PT_1385,,Southwest Florida Water Management District,FDEM,Risk Shelter Inventory - General - FDEM,,,,Tampa Bay,Southwest District,Southwest,7,54,23,Not Affected,Not Affected,Not Affected,Not Affected,Not Affected,Not Affected,Not Affected,Not Affected,Not Affected,Not Affected,Not Affected,Not Affected,Not Affected,Not Affected,Not Affected,Not Affected,Not Affected,Not Affected,Low,Low,Low,568874.9513,474374.1975
1450,1434,Watergrass ES,32750 Overpass Rd,Wesley Chapel,33545,Pasco,-82.275225,28.26470798,"-82.27522500, 28.26470798",17R LM 74918 27185,SHELTER,RISK,7,2009,2 Cafeteria / Music,A,180 kW,0,0,0,0,0,0,250,5001,257,L,No,No,No,No,Yes, , , , ,,,SHELTER,,Risk Shelter Inventory,Critical Community and Emergency Facilities,Regionally Significant,RSI_PT_1385,,Southwest Florida Water Management District,FDEM,Risk Shelter Inventory - General - FDEM,,,,Tampa Bay,Southwest District,Southwest,7,54,23,Not Affected,Not Affected,Not Affected,Not Affected,Not Affected,Not Affected,Not Affected,Not Affected,Not Affected,Not Affected,Not Affected,Not Affected,Not Affected,Not Affected,Not Affected,Not Affected,Not Affected,Not Affected,Low,Low,Low,568874.9513,474374.1975
1451,1435,Denham Oaks ES,1422 Oak Grove Blvd,Lutz,33559,Pasco,-82.411112,28.17720301,"-82.41111200, 28.17720301",17R LM 61475 17637,SHELTER,RISK,7,1994,2 Classroom,R,350 kW,0,0,0,0,285,5708,285,5708,478,S/HMGP,No,No,No,No,Yes, , , , ,,,SHELTER,,Risk Shelter Inventory,Critical Community and Emergency Facilities,Regionally Significant,RSI_PT_1392,,Southwest Florida Water Management District,FDEM,Risk Shelter Inventory - General - FDEM,,,,Tampa Bay,Southwest District,Southwest,7,54,23,Not Affected,Not Affected,Not Affected,Not Affected,Not Affected,Not Affected,Not Affected,Not Affected,Not Affected,Not Affected,Not Affected,Not Affected,Not Affected,Not Affected,Not Affected,Low,Low,Low,Low,Low,Low,555696.0594,464478.2221
1452,1436,River Ridge MS/HS,11646 Town Center Rd,New Port Richey,34654,Pasco,-82.62167999,28.266193,"-82.62167999, 28.26619300",17R LM 40934 27756,SHELTER,RISK,7,1990,7 Admin,R,300 kW,0,0,0,0,119,2379,119,2379,0, ,No,No,No,No,Yes, , , , ,,,SHELTER,,Risk Shelter Inventory,Critical Community and Emergency Facilities,Regionally Significant,RSI_PT_1388,,Southwest Florida Water Management District,FDEM,Risk Shelter Inventory - General - FDEM,,,,Tampa Bay,Southwest District,Southwest,7,55,21,Not Affected,Not Affected,Not Affected,Not Affected,Not Affected,Not Affected,Not Affected,Not Affected,Not Affected,Not Affected,Not Affected,Not Affected,Not Affected,Not Affected,Not Affected,Not Affected,Low,Low,Medium,Medium,Medium,534952.8422,474112.3003
1453,1437,River Ridge MS/HS,11646 Town Center Rd,New Port Richey,34654,Pasco,-82.62167999,28.266193,"-82.62167999, 28.26619300",17R LM 40934 27756,SHELTER,RISK,7,1990,3 Classroom,A,300 kW,0,0,0,0,0,0,469,9372,0, ,No,No,No,No,Yes, , , , ,,,SHELTER,,Risk Shelter Inventory,Critical Community and Emergency Facilities,Regionally Significant,RSI_PT_1388,,Southwest Florida Water Management District,FDEM,Risk Shelter Inventory - General - FDEM,,,,Tampa Bay,Southwest District,Southwest,7,55,21,Not Affected,Not Affected,Not Affected,Not Affected,Not Affected,Not Affected,Not Affected,Not Affected,Not Affected,Not Affected,Not Affected,Not Affected,Not Affected,Not Affected,Not Affected,Not Affected,Low,Low,Medium,Medium,Medium,534952.8422,474112.3003
1454,1438,Wiregrass Ranch Sr HS,2909 Mansfield Blvd,Wesley Chapel,33543,Pasco,-82.32674504,28.18951301,"-82.32674504, 28.18951301",17R LM 69773 18908,SHELTER,RISK,7,2006,2 Music,A,2500 kW,0,0,0,0,0,0,176,3518,0, ,No,No,No,No,Yes, , , , ,,,SHELTER,,Risk Shelter Inventory,Critical Community and Emergency Facilities,Regionally Significant,RSI_PT_1389,,Southwest Florida Water Management District,FDEM,Risk Shelter Inventory - General - FDEM,,,,Tampa Bay,Southwest District,Southwest,7,54,23,Not Affected,Not Affected,Not Affected,Not Affected,Not Affected,Not Affected,Not Affected,Not Affected,Not Affected,Not Affected,Not Affected,Not Affected,Not Affected,Not Affected,Not Affected,Low,Medium,Low,Medium,Medium,Medium,563944.1822,465954.5526
1455,1439,Connerton ES,9300 Flourish Dr,Land O'Lakes,34637,Pasco,-82.45459002,28.292848,"-82.45459002, 28.29284800",17R LM 57361 30501,SHELTER,RISK,7,2009,5 Classroom,A,365 kW,0,0,431,8616,0,0,431,8616,301,L,No,No,No,Yes,Yes, , , , ,,,SHELTER,,Risk Shelter Inventory,Critical Community and Emergency Facilities,Regionally Significant,RSI_PT_1399,,Southwest Florida Water Management District,FDEM,Risk Shelter Inventory - General - FDEM,,,,Tampa Bay,Southwest District,Southwest,7,55,23,Not Affected,Not Affected,Not Affected,Not Affected,Not Affected,Not Affected,Not Affected,Not Affected,Not Affected,Not Affected,Not Affected,Not Affected,Not Affected,Not Affected,Not Affected,Not Affected,Not Affected,Not Affected,Low,Low,Low,551274.8992,477266.2315
1456,1440,Veterans ES,26940 Progress Pkwy,Wesley Chapel,33544,Pasco,-82.371665,28.23060101,"-82.37166500, 28.23060101",17R LM 65415 23509,SHELTER,RISK,7,2007,4 Classroom,A,180 kW,0,0,348,6968,0,0,348,6968,205, ,No,No,No,Yes,Yes, , , , ,,,SHELTER,,Risk Shelter Inventory,Critical Community and Emergency Facilities,Regionally Significant,RSI_PT_1393,,Southwest Florida Water Management District,FDEM,Risk Shelter Inventory - General - FDEM,,,,Tampa Bay,Southwest District,Southwest,7,54,23,Not Affected,Not Affected,Not Affected,Not Affected,Not Affected,Not Affected,Not Affected,Not Affected,Not Affected,Not Affected,Not Affected,Not Affected,Not Affected,Not Affected,Not Affected,Not Affected,Not Affected,Not Affected,Low,Low,Low,559482.967,470458.3365
1457,1441,Veterans ES,26940 Progress Pkwy,Wesley Chapel,33544,Pasco,-82.371665,28.23060101,"-82.37166500, 28.23060101",17R LM 65415 23509,SHELTER,RISK,7,2007,2 Music / Cafeteria,A,180 kW,0,0,0,0,0,0,248,4960,205, ,No,No,No,No,Yes, , , , ,,,SHELTER,,Risk Shelter Inventory,Critical Community and Emergency Facilities,Regionally Significant,RSI_PT_1393,,Southwest Florida Water Management District,FDEM,Risk Shelter Inventory - General - FDEM,,,,Tampa Bay,Southwest District,Southwest,7,54,23,Not Affected,Not Affected,Not Affected,Not Affected,Not Affected,Not Affected,Not Affected,Not Affected,Not Affected,Not Affected,Not Affected,Not Affected,Not Affected,Not Affected,Not Affected,Not Affected,Not Affected,Not Affected,Low,Low,Low,559482.967,470458.3365
1458,1442,Thomas Weightman MS,30649 Wells Rd,Wesley Chapel,33545,Pasco,-82.30685797,28.255722,"-82.30685797, 28.25572200",17R LM 71804 26222,SHELTER,RISK,7,1990,4 Classroom,A,125 kW,0,0,0,0,0,0,373,7459,401, ,No,No,No,No,Yes, , , , ,,,SHELTER,,Risk Shelter Inventory,Critical Community and Emergency Facilities,Regionally Significant,RSI_PT_1384,,Southwest Florida Water Management District,FDEM,Risk Shelter Inventory - General - FDEM,,,,Tampa Bay,Southwest District,Southwest,7,54,23,Not Affected,Not Affected,Not Affected,Not Affected,Not Affected,Not Affected,Not Affected,Not Affected,Not Affected,Not Affected,Not Affected,Not Affected,Not Affected,Not Affected,Not Affected,Not Affected,Not Affected,Not Affected,Not Affected,Not Affected,Not Affected,565791.6248,473333.4131
1459,1443,Sunlake HS,3023 Sunlake Blvd,Land O'Lakes,34638,Pasco,-82.50832598,28.20131502,"-82.50832598, 28.20131502",17R LM 51964 20424,SHELTER,RISK,7,2007,4 Classroom,A,134 kW,0,0,1186,23715,0,0,1186,23715,0, ,No,No,No,Yes,Yes, , , , ,,,SHELTER,,Risk Shelter Inventory,Critical Community and Emergency Facilities,Regionally Significant,RSI_PT_1387,,Southwest Florida Water Management District,FDEM,Risk Shelter Inventory - General - FDEM,,,,Tampa Bay,Southwest District,Southwest,7,55,23,Not Affected,Not Affected,Not Affected,Not Affected,Not Affected,Not Affected,Not Affected,Not Affected,Not Affected,Not Affected,Not Affected,Not Affected,Not Affected,Not Affected,Not Affected,Not Affected,Not Affected,Not Affected,Not Affected,Not Affected,Not Affected,546138.0932,467036.8391
1460,1444,Denham Oaks ES,1422 Oak Grove Blvd,Lutz,33559,Pasco,-82.411112,28.17720301,"-82.41111200, 28.17720301",17R LM 61475 17637,SHELTER,RISK,7,1994,7 Classroom / ESE,R,350 kW,0,0,0,0,132,2638,132,2638,249,S/HMGP,No,No,No,No,Yes, , , , ,,,SHELTER,,Risk Shelter Inventory,Critical Community and Emergency Facilities,Regionally Significant,RSI_PT_1392,,Southwest Florida Water Management District,FDEM,Risk Shelter Inventory - General - FDEM,,,,Tampa Bay,Southwest District,Southwest,7,54,23,Not Affected,Not Affected,Not Affected,Not Affected,Not Affected,Not Affected,Not Affected,Not Affected,Not Affected,Not Affected,Not Affected,Not Affected,Not Affected,Not Affected,Not Affected,Low,Low,Low,Low,Low,Low,555696.0594,464478.2221
1461,1445,River Ridge MS/HS,11646 Town Center Rd,New Port Richey,34654,Pasco,-82.62167999,28.266193,"-82.62167999, 28.26619300",17R LM 40934 27756,SHELTER,RISK,7,1990,23 Classroom,A,300 kW,0,0,0,0,0,0,1605,32095,0, ,No,No,No,No,Yes, , , , ,,,SHELTER,,Risk Shelter Inventory,Critical Community and Emergency Facilities,Regionally Significant,RSI_PT_1388,,Southwest Florida Water Management District,FDEM,Risk Shelter Inventory - General - FDEM,,,,Tampa Bay,Southwest District,Southwest,7,55,21,Not Affected,Not Affected,Not Affected,Not Affected,Not Affected,Not Affected,Not Affected,Not Affected,Not Affected,Not Affected,Not Affected,Not Affected,Not Affected,Not Affected,Not Affected,Not Affected,Low,Low,Medium,Medium,Medium,534952.8422,474112.3003
1462,1446,Oakstead ES,19925 Lake Patience Rd,Land O'Lakes,34638,Pasco,-82.48761597,28.21317202,"-82.48761597, 28.21317202",17R LM 54013 21712,SHELTER,RISK,7,2006,4 Classroom,A,On-site 180 Kw,0,0,729,14580,0,0,729,14580,972,L,No,No,No,Yes,Yes, , , , ,,,SHELTER,,Risk Shelter Inventory,Critical Community and Emergency Facilities,Regionally Significant,RSI_PT_1462,,Southwest Florida Water Management District,FDEM,Risk Shelter Inventory - General - FDEM,,,,Tampa Bay,Southwest District,Southwest,7,55,23,Not Affected,Not Affected,Not Affected,Not Affected,Not Affected,Not Affected,Not Affected,Not Affected,Not Affected,Not Affected,Not Affected,Not Affected,Not Affected,Not Affected,Not Affected,Not Affected,Not Affected,Not Affected,Not Affected,Not Affected,Not Affected,548150.7853,468378.2532
1463,1447,Watergrass ES,32750 Overpass Rd,Wesley Chapel,33545,Pasco,-82.275225,28.26470798,"-82.27522500, 28.26470798",17R LM 74918 27185,SHELTER,RISK,7,2008,5 Classroom,A,180 kW,0,0,220,4398,0,0,220,4398,257,L,No,No,No,Yes,Yes, , , , ,,,SHELTER,,Risk Shelter Inventory,Critical Community and Emergency Facilities,Regionally Significant,RSI_PT_1385,,Southwest Florida Water Management District,FDEM,Risk Shelter Inventory - General - FDEM,,,,Tampa Bay,Southwest District,Southwest,7,54,23,Not Affected,Not Affected,Not Affected,Not Affected,Not Affected,Not Affected,Not Affected,Not Affected,Not Affected,Not Affected,Not Affected,Not Affected,Not Affected,Not Affected,Not Affected,Not Affected,Not Affected,Not Affected,Low,Low,Low,568874.9513,474374.1975
1464,1448,Pasco MS,13925 14th St,Dade City,33525,Pasco,-82.19619597,28.36081199,"-82.19619597, 28.36081199",17R LM 82776 37753,SHELTER,RISK,7,2009,3 Classroom,A, ,0,0,0,0,0,0,438,8757,342, , , , ,No,Yes, , , , ,,,SHELTER,,Risk Shelter Inventory,Critical Community and Emergency Facilities,Regionally Significant,RSI_PT_1398,Dade City,Southwest Florida Water Management District,FDEM,Risk Shelter Inventory - General - FDEM,,,,Tampa Bay,Southwest District,Southwest,7,54,23,Not Affected,Not Affected,Not Affected,Not Affected,Not Affected,Not Affected,Not Affected,Not Affected,Not Affected,Not Affected,Not Affected,Not Affected,Not Affected,Not Affected,Not Affected,Not Affected,Not Affected,Not Affected,Not Affected,Not Affected,Not Affected,576456.1299,485156.7717
1465,1449,Dunedin ES,900 Union St,Dunedin,34698,Pinellas,-82.77711199,27.99811501,"-82.77711199, 27.99811501",17R LL 25251 98266,SHELTER,RISK,7,2006,2 Classroom,A, ,0,0,280,5604,0,0,280,5604,0, ,D,No,No,Yes,Yes, , , , ,,,SHELTER,,Risk Shelter Inventory,Critical Community and Emergency Facilities,Regionally Significant,RSI_PT_1465,Dunedin,Southwest Florida Water Management District,FDEM,Risk Shelter Inventory - General - FDEM,,,,Tampa Bay,Southwest District,Southwest,7,58,21,Not Affected,Not Affected,Not Affected,Not Affected,Not Affected,Not Affected,Not Affected,Not Affected,Not Affected,Not Affected,Not Affected,Not Affected,Not Affected,Not Affected,Not Affected,Not Affected,Not Affected,Not Affected,Not Affected,Not Affected,Not Affected,520030.0896,444181.4969
1466,1450,Skycrest ES,10 N Corona Ave,Clearwater,33765,Pinellas,-82.76056804,27.96654298,"-82.76056804, 27.96654298",17R LL 26827 94744,SHELTER,RISK,7,2009,6 Classroom,A, ,0,0,531,10620,0,0,531,10620,59,S,No,No,No,Yes,Yes, , , , ,,,SHELTER,,Risk Shelter Inventory,Critical Community and Emergency Facilities,Regionally Significant,RSI_PT_1466,Clearwater,Southwest Florida Water Management District,FDEM,Risk Shelter Inventory - General - FDEM,,,,Tampa Bay,Southwest District,Southwest,7,58,21,Not Affected,Not Affected,Not Affected,Not Affected,Not Affected,Not Affected,Not Affected,Not Affected,Not Affected,Not Affected,Not Affected,Not Affected,Not Affected,Not Affected,Not Affected,Not Affected,Not Affected,Not Affected,Not Affected,Not Affected,Not Affected,521689.1136,440691.6472
1467,1451,Palm Harbor University HS,1900 Omaha St,Palm Harbor,34683,Pinellas,-82.76261197,28.08565599,"-82.76261197, 28.08565599",17R LM 26817 07945,SHELTER,RISK,7,1995,6 Multipurpose,R, ,0,0,0,0,0,0,143,2864,0, ,No,No,No,No,Yes, , , , ,,,SHELTER,,Risk Shelter Inventory,Critical Community and Emergency Facilities,Regionally Significant,RSI_PT_1467,,Southwest Florida Water Management District,FDEM,Risk Shelter Inventory - General - FDEM,,,,Tampa Bay,Southwest District,Southwest,7,57,21,Not Affected,Not Affected,Not Affected,Not Affected,Not Affected,Not Affected,Not Affected,Not Affected,Not Affected,Not Affected,Not Affected,Not Affected,Not Affected,Not Affected,Not Affected,Not Affected,Not Affected,Not Affected,Not Affected,Not Affected,Not Affected,521355.7101,453917.1363
1468,1452,Palm Harbor MS,1800 Tampa Rd,Palm Harbor,34683,Pinellas,-82.75251999,28.06661901,"-82.75251999, 28.06661901",17R LM 27778 05821,SHELTER,RISK,7,1982,4 Classroom (1st Floor),R, ,0,0,0,0,0,0,248,4958,115, ,No,No,No,No,Yes, , , , ,,,SHELTER,,Risk Shelter Inventory,Critical Community and Emergency Facilities,Regionally Significant,RSI_PT_1468,,Southwest Florida Water Management District,FDEM,Risk Shelter Inventory - General - FDEM,,,,Tampa Bay,Southwest District,Southwest,7,57,21,Not Affected,Not Affected,Not Affected,Not Affected,Not Affected,Not Affected,Not Affected,Not Affected,Not Affected,Not Affected,Not Affected,Not Affected,Not Affected,Not Affected,Not Affected,Not Affected,Not Affected,Not Affected,Not Affected,Not Affected,Not Affected,522366.8253,451813.0449
1469,1453,McMullen-Booth ES,3025 Union St,Clearwater,33759,Pinellas,-82.71188603,27.99572198,"-82.71188603, 27.99572198",17R LL 31662 97909,SHELTER,RISK,7,2009,7 Classroom,A, ,0,0,209,4186,0,0,209,4186,0, ,No,No,No,Yes,Yes, , , , ,,,SHELTER,,Risk Shelter Inventory,Critical Community and Emergency Facilities,Regionally Significant,RSI_PT_1469,,Southwest Florida Water Management District,FDEM,Risk Shelter Inventory - General - FDEM,,,,Tampa Bay,Southwest District,Southwest,7,58,21,Not Affected,Not Affected,Not Affected,Not Affected,Not Affected,Not Affected,Not Affected,Not Affected,Not Affected,Not Affected,Not Affected,Not Affected,Not Affected,Not Affected,Not Affected,Medium,Medium,Medium,Medium,Medium,Medium,526434.7602,443980.9341
1470,1454,Gibbs Senior HS,850 34th St S,St. Petersburg,33711,Pinellas,-82.67833998,27.76156002,"-82.67833998, 27.76156002",17R LL 34606 71918,SHELTER,RISK,7,2003,3 Gym,R, ,0,0,0,0,0,0,977,19544,238,L,No,No,No,No,Yes, ,Yes, , ,,,SHELTER,,Risk Shelter Inventory,Critical Community and Emergency Facilities,Regionally Significant,RSI_PT_1470,St. Petersburg,Southwest Florida Water Management District,FDEM,Risk Shelter Inventory - General - FDEM,,,,Tampa Bay,Southwest District,Southwest,7,62,16,Not Affected,Not Affected,Not Affected,Not Affected,Not Affected,Not Affected,Not Affected,Not Affected,Not Affected,Not Affected,Not Affected,Not Affected,Not Affected,Not Affected,Not Affected,Not Affected,Not Affected,Not Affected,Not Affected,Not Affected,Not Affected,530006.0536,418012.6756
1471,1455,Joseph L Carwise MS,3301 Bentley Dr,Palm Harbor,34684,Pinellas,-82.72648303,28.08860499,"-82.72648303, 28.08860499",17R LM 30372 08221,SHELTER,RISK,7,1992,5 Library / Classroom,R, ,0,0,0,0,0,0,742,14847,1063,HMGP,No,No,No,No,Yes, , , , ,,,SHELTER,,Risk Shelter Inventory,Critical Community and Emergency Facilities,Regionally Significant,RSI_PT_1471,,Southwest Florida Water Management District,FDEM,Risk Shelter Inventory - General - FDEM,,,,Tampa Bay,Southwest District,Southwest,7,57,21,Not Affected,Not Affected,Not Affected,Not Affected,Not Affected,Not Affected,Not Affected,Not Affected,Not Affected,Not Affected,Not Affected,Not Affected,Not Affected,Not Affected,Not Affected,Not Affected,Not Affected,Not Affected,Not Affected,Not Affected,Not Affected,524895.5164,454280.6981
1472,1456,Palm Harbor University HS,1900 Omaha St,Palm Harbor,34683,Pinellas,-82.76261197,28.08565599,"-82.76261197, 28.08565599",17R LM 26817 07945,SHELTER,RISK,7,1995,11 Classroom,R, ,0,0,0,0,297,5936,297,5936,0,HMGP,No,No,No,No,Yes, ,Yes, , ,,,SHELTER,,Risk Shelter Inventory,Critical Community and Emergency Facilities,Regionally Significant,RSI_PT_1467,,Southwest Florida Water Management District,FDEM,Risk Shelter Inventory - General - FDEM,,,,Tampa Bay,Southwest District,Southwest,7,57,21,Not Affected,Not Affected,Not Affected,Not Affected,Not Affected,Not Affected,Not Affected,Not Affected,Not Affected,Not Affected,Not Affected,Not Affected,Not Affected,Not Affected,Not Affected,Not Affected,Not Affected,Not Affected,Not Affected,Not Affected,Not Affected,521355.7101,453917.1363
1473,1457,New Heights ES,3901 37th St N,St. Petersburg,33714,Pinellas,-82.682457,27.80794501,"-82.68245700, 27.80794501",17R LL 34270 77063,SHELTER,RISK,7,2008,5 Classroom,A, ,0,0,480,9605,0,0,480,9605,659, ,No,No,No,Yes,Yes, , , , ,,,SHELTER,,Risk Shelter Inventory,Critical Community and Emergency Facilities,Regionally Significant,RSI_PT_1473,St. Petersburg,Southwest Florida Water Management District,FDEM,Risk Shelter Inventory - General - FDEM,,,,Tampa Bay,Southwest District,Southwest,7,61,18,Not Affected,Not Affected,Not Affected,Not Affected,Not Affected,Not Affected,Not Affected,Not Affected,Not Affected,Not Affected,Not Affected,Not Affected,Not Affected,Not Affected,Not Affected,Not Affected,Not Affected,Not Affected,Not Affected,Not Affected,Not Affected,529546.0589,423159.217
1474,1458,Fairmount Park ES,575 41 St S,St. Petersburg,33711,Pinellas,-82.69011001,27.76514701,"-82.69011001, 27.76514701",17R LL 33451 72331,SHELTER,RISK,7,2001,5 Classroom,R, ,0,0,0,0,475,9499,475,9499,253,S-1508-2005,No,No,No,No,Yes, , , , ,,,SHELTER,,Risk Shelter Inventory,Critical Community and Emergency Facilities,Regionally Significant,RSI_PT_1474,St. Petersburg,Southwest Florida Water Management District,FDEM,Risk Shelter Inventory - General - FDEM,,,,Tampa Bay,Southwest District,Southwest,7,62,16,Not Affected,Not Affected,Not Affected,Not Affected,Not Affected,Not Affected,Not Affected,Not Affected,Not Affected,Not Affected,Not Affected,Not Affected,Not Affected,Not Affected,Not Affected,Not Affected,Not Affected,Not Affected,Not Affected,Not Affected,Not Affected,528844.0979,418398.6429
1475,1459,Doug Jamerson ES,1200 37th St S,St. Petersburg,33711,Pinellas,-82.68246798,27.75836199,"-82.68246798, 27.75836199",17R LL 34194 71569,SHELTER,RISK,7,2002,4 Classroom,R, ,0,0,0,0,522,10437,522,10437,409,S-1508-2005,No,No,No,No,Yes, , , , ,,,SHELTER,,Risk Shelter Inventory,Critical Community and Emergency Facilities,Regionally Significant,RSI_PT_1475,St. Petersburg,Southwest Florida Water Management District,FDEM,Risk Shelter Inventory - General - FDEM,,,,Tampa Bay,Southwest District,Southwest,7,62,16,Not Affected,Not Affected,Not Affected,Not Affected,Not Affected,Not Affected,Not Affected,Not Affected,Not Affected,Not Affected,Not Affected,Not Affected,Not Affected,Not Affected,Not Affected,Not Affected,Not Affected,Not Affected,Not Affected,Not Affected,Not Affected,529603.8094,417653.2027
1476,1460,James B Sanderlin ES,2350 22nd Ave S,St. Petersburg,33712,Pinellas,-82.66580098,27.74719201,"-82.66580098, 27.74719201",17R LL 35820 70309,SHELTER,RISK,7,2009,7 Classroom,A, ,0,0,90,1804,0,0,90,1804,0,L,No,No,No,Yes,Yes, , , , ,,,SHELTER,,Risk Shelter Inventory,Critical Community and Emergency Facilities,Regionally Significant,RSI_PT_1476,St. Petersburg,Southwest Florida Water Management District,FDEM,Risk Shelter Inventory - General - FDEM,,,,Tampa Bay,Southwest District,Southwest,7,62,16,Not Affected,Not Affected,Not Affected,Not Affected,Not Affected,Not Affected,Not Affected,Not Affected,Not Affected,Not Affected,Not Affected,Not Affected,Not Affected,Not Affected,Not Affected,Not Affected,Not Affected,Not Affected,Not Affected,Not Affected,Not Affected,531256.676,416430.4557
1477,1461,Lealman Innovation Academy,4900 28th St N,St. Petersburg,33714,Pinellas,-82.67296298,27.81669999,"-82.67296298, 27.81669999",17R LL 35219 78020,SHELTER,RISK,7,2004,1 Admin / Classroom,A, ,0,0,1617,32334,0,0,1617,32334,686,"F, S, L",No,No,No,Yes,Yes, , , , ,,,SHELTER,,Risk Shelter Inventory,Critical Community and Emergency Facilities,Regionally Significant,RSI_PT_1477,,Southwest Florida Water Management District,FDEM,Risk Shelter Inventory - General - FDEM,,,,Tampa Bay,Southwest District,Southwest,7,60,18,Not Affected,Not Affected,Not Affected,Not Affected,Not Affected,Not Affected,Not Affected,Not Affected,Not Affected,Not Affected,Not Affected,Not Affected,Not Affected,Not Affected,Not Affected,Not Affected,Not Affected,Not Affected,Not Affected,Not Affected,Not Affected,530469.0494,424141.4371
1478,1462,John M Sexton ES,1997 54th Ave N,St. Petersburg,33714,Pinellas,-82.65995603,27.82213,"-82.65995603, 27.82213000",17R LL 36508 78604,SHELTER,RISK,7,1996,4 Classroom,R, ,0,0,0,0,0,0,522,10440,0,L,No,No,No,No,Yes, , , , ,,,SHELTER,,Risk Shelter Inventory,Critical Community and Emergency Facilities,Regionally Significant,RSI_PT_1478,St. Petersburg,Southwest Florida Water Management District,FDEM,Risk Shelter Inventory - General - FDEM,,,,Tampa Bay,Southwest District,Southwest,7,60,18,Not Affected,Not Affected,Not Affected,Not Affected,Not Affected,Not Affected,Not Affected,Not Affected,Not Affected,Not Affected,Not Affected,Not Affected,Not Affected,Not Affected,Not Affected,Medium,Medium,Medium,Medium,Medium,Medium,531741.2389,424758.2494
1479,1463,Palm Harbor University HS,1900 Omaha St,Palm Harbor,34683,Pinellas,-82.76261197,28.08565599,"-82.76261197, 28.08565599",17R LM 26817 07945,SHELTER,RISK,7,1995,4 Classroom,R, ,0,0,0,0,0,0,645,12896,0, ,No,No,No,No,Yes, , , , ,,,SHELTER,,Risk Shelter Inventory,Critical Community and Emergency Facilities,Regionally Significant,RSI_PT_1467,,Southwest Florida Water Management District,FDEM,Risk Shelter Inventory - General - FDEM,,,,Tampa Bay,Southwest District,Southwest,7,57,21,Not Affected,Not Affected,Not Affected,Not Affected,Not Affected,Not Affected,Not Affected,Not Affected,Not Affected,Not Affected,Not Affected,Not Affected,Not Affected,Not Affected,Not Affected,Not Affected,Not Affected,Not Affected,Not Affected,Not Affected,Not Affected,521355.7101,453917.1363
1480,1464,Joseph L Carwise MS,3301 Bentley Dr,Palm Harbor,34684,Pinellas,-82.72648303,28.08860499,"-82.72648303, 28.08860499",17R LM 30372 08221,SHELTER,RISK,7,1992,6 Admin / Classroom,R, ,0,0,0,0,1074,21487,1074,21487,1310,HMGP,No,No,No,No,Yes, , , , ,,,SHELTER,,Risk Shelter Inventory,Critical Community and Emergency Facilities,Regionally Significant,RSI_PT_1471,,Southwest Florida Water Management District,FDEM,Risk Shelter Inventory - General - FDEM,,,,Tampa Bay,Southwest District,Southwest,7,57,21,Not Affected,Not Affected,Not Affected,Not Affected,Not Affected,Not Affected,Not Affected,Not Affected,Not Affected,Not Affected,Not Affected,Not Affected,Not Affected,Not Affected,Not Affected,Not Affected,Not Affected,Not Affected,Not Affected,Not Affected,Not Affected,524895.5164,454280.6981
1481,1465,Palm Harbor University HS,1900 Omaha St,Palm Harbor,34683,Pinellas,-82.76261197,28.08565599,"-82.76261197, 28.08565599",17R LM 26817 07945,SHELTER,RISK,7,1995,12 Multipurpose,R, ,0,0,0,0,0,0,68,1364,0, ,No,No,No,No,Yes, , , , ,,,SHELTER,,Risk Shelter Inventory,Critical Community and Emergency Facilities,Regionally Significant,RSI_PT_1467,,Southwest Florida Water Management District,FDEM,Risk Shelter Inventory - General - FDEM,,,,Tampa Bay,Southwest District,Southwest,7,57,21,Not Affected,Not Affected,Not Affected,Not Affected,Not Affected,Not Affected,Not Affected,Not Affected,Not Affected,Not Affected,Not Affected,Not Affected,Not Affected,Not Affected,Not Affected,Not Affected,Not Affected,Not Affected,Not Affected,Not Affected,Not Affected,521355.7101,453917.1363
1482,1466,Mildred Helms ES,561 S Clearwater-Largo Rd,Largo,33770,Pinellas,-82.79751899,27.91203798,"-82.79751899, 27.91203798",17R LL 23103 88757,SHELTER,RISK,7,2009,12 Classroom,A, ,0,0,466,9315,0,0,466,9315,788, ,No,No,No,Yes,Yes, , , , ,,,SHELTER,,Risk Shelter Inventory,Critical Community and Emergency Facilities,Regionally Significant,RSI_PT_1482,Largo,Southwest Florida Water Management District,FDEM,Risk Shelter Inventory - General - FDEM,,,,Tampa Bay,Southwest District,Southwest,7,59,18,Not Affected,Not Affected,Not Affected,Not Affected,Not Affected,Not Affected,Not Affected,Not Affected,Not Affected,Not Affected,Not Affected,Not Affected,Not Affected,Not Affected,Not Affected,Medium,Medium,Medium,Medium,Medium,Medium,518120.3602,434602.9758
1483,1467,Lealman Innovation Academy,4900 28th St N,St. Petersburg,33714,Pinellas,-82.67296298,27.81669999,"-82.67296298, 27.81669999",17R LL 35219 78020,SHELTER,RISK,7,2004,2 Cafeteria,R, ,0,0,0,0,0,0,130,2598,217, ,No,No,No,No,Yes, , , , ,,,SHELTER,,Risk Shelter Inventory,Critical Community and Emergency Facilities,Regionally Significant,RSI_PT_1477,,Southwest Florida Water Management District,FDEM,Risk Shelter Inventory - General - FDEM,,,,Tampa Bay,Southwest District,Southwest,7,60,18,Not Affected,Not Affected,Not Affected,Not Affected,Not Affected,Not Affected,Not Affected,Not Affected,Not Affected,Not Affected,Not Affected,Not Affected,Not Affected,Not Affected,Not Affected,Not Affected,Not Affected,Not Affected,Not Affected,Not Affected,Not Affected,530469.0494,424141.4371
1484,1468,Clearwater Fundamental MS,1660 Palmetto St,Clearwater,33755,Pinellas,-82.766472,27.976174,"-82.76647200, 27.97617400",17R LL 26262 95819,SHELTER,RISK,7,1963,1 Main (1st Floor),R, ,0,0,0,0,0,0,1969,39387,375,L,No,No,No,No,Yes, , , , ,,,SHELTER,,Risk Shelter Inventory,Critical Community and Emergency Facilities,Regionally Significant,RSI_PT_1484,Clearwater,Southwest Florida Water Management District,FDEM,Risk Shelter Inventory - General - FDEM,,,,Tampa Bay,Southwest District,Southwest,7,58,21,Not Affected,Not Affected,Not Affected,Not Affected,Not Affected,Not Affected,Not Affected,Not Affected,Not Affected,Not Affected,Not Affected,Not Affected,Not Affected,Not Affected,Not Affected,Not Affected,Not Affected,Not Affected,Not Affected,Not Affected,Not Affected,521098.7752,441755.3551
1485,1469,Palm Harbor MS,1800 Tampa Rd,Palm Harbor,34683,Pinellas,-82.75251999,28.06661901,"-82.75251999, 28.06661901",17R LM 27778 05821,SHELTER,RISK,7,2009,7 Classroom,R, ,0,0,0,0,0,0,384,7684,155,HMGP,No,No,No,No,Yes, , , , ,,,SHELTER,,Risk Shelter Inventory,Critical Community and Emergency Facilities,Regionally Significant,RSI_PT_1468,,Southwest Florida Water Management District,FDEM,Risk Shelter Inventory - General - FDEM,,,,Tampa Bay,Southwest District,Southwest,7,57,21,Not Affected,Not Affected,Not Affected,Not Affected,Not Affected,Not Affected,Not Affected,Not Affected,Not Affected,Not Affected,Not Affected,Not Affected,Not Affected,Not Affected,Not Affected,Not Affected,Not Affected,Not Affected,Not Affected,Not Affected,Not Affected,522366.8253,451813.0449
1486,1470,St. Petersburg HS,2501 5th Ave N,St. Petersburg,33713,Pinellas,-82.66825101,27.77919999,"-82.66825101, 27.77919999",17R LL 35626 73859,SHELTER,RISK,7,1987,4 Classroom (2nd Floor),R, ,0,0,0,0,0,0,297,5944,122,HMGP,No,No,No,No,Yes, , , , ,,,SHELTER,,Risk Shelter Inventory,Critical Community and Emergency Facilities,Regionally Significant,RSI_PT_1486,St. Petersburg,Southwest Florida Water Management District,FDEM,Risk Shelter Inventory - General - FDEM,,,,Tampa Bay,Southwest District,Southwest,7,60,16,Not Affected,Not Affected,Not Affected,Not Affected,Not Affected,Not Affected,Not Affected,Not Affected,Not Affected,Not Affected,Not Affected,Not Affected,Not Affected,Not Affected,Not Affected,Not Affected,Not Affected,Not Affected,Not Affected,Not Affected,Not Affected,530977.2676,419982.1964
1487,1471,Lealman Innovation Academy,4900 28th St N,St. Petersburg,33714,Pinellas,-82.67296298,27.81669999,"-82.67296298, 27.81669999",17R LL 35219 78020,SHELTER,RISK,7,2004,4 Gym,A, ,0,0,393,7856,0,0,393,7856,382, ,No,No,No,Yes,Yes, , , , ,,,SHELTER,,Risk Shelter Inventory,Critical Community and Emergency Facilities,Regionally Significant,RSI_PT_1477,,Southwest Florida Water Management District,FDEM,Risk Shelter Inventory - General - FDEM,,,,Tampa Bay,Southwest District,Southwest,7,60,18,Not Affected,Not Affected,Not Affected,Not Affected,Not Affected,Not Affected,Not Affected,Not Affected,Not Affected,Not Affected,Not Affected,Not Affected,Not Affected,Not Affected,Not Affected,Not Affected,Not Affected,Not Affected,Not Affected,Not Affected,Not Affected,530469.0494,424141.4371
1488,1472,Fairmount Park ES,575 41 St S,St. Petersburg,33711,Pinellas,-82.69011001,27.76514701,"-82.69011001, 27.76514701",17R LL 33451 72331,SHELTER,RISK,7,2001,4 Classroom,R, ,0,0,0,0,521,10415,521,10415,161,S-1508-2005,No,No,No,No,Yes, , , , ,,,SHELTER,,Risk Shelter Inventory,Critical Community and Emergency Facilities,Regionally Significant,RSI_PT_1474,St. Petersburg,Southwest Florida Water Management District,FDEM,Risk Shelter Inventory - General - FDEM,,,,Tampa Bay,Southwest District,Southwest,7,62,16,Not Affected,Not Affected,Not Affected,Not Affected,Not Affected,Not Affected,Not Affected,Not Affected,Not Affected,Not Affected,Not Affected,Not Affected,Not Affected,Not Affected,Not Affected,Not Affected,Not Affected,Not Affected,Not Affected,Not Affected,Not Affected,528844.0979,418398.6429
1489,1473,Leila Davis ES,2630 Landmark Dr,Clearwater,33761,Pinellas,-82.717518,28.01665201,"-82.71751800, 28.01665201",17R LM 31141 00236,SHELTER,RISK,7,2009,5 Classroom,A, ,0,0,374,7481,0,0,374,7481,0, ,No,No,No,Yes,Yes, , , , ,,,SHELTER,,Risk Shelter Inventory,Critical Community and Emergency Facilities,Regionally Significant,RSI_PT_1489,Clearwater,Southwest Florida Water Management District,FDEM,Risk Shelter Inventory - General - FDEM,,,,Tampa Bay,Southwest District,Southwest,7,58,21,Not Affected,Not Affected,Not Affected,Not Affected,Not Affected,Not Affected,Not Affected,Not Affected,Not Affected,Not Affected,Not Affected,Not Affected,Not Affected,Not Affected,Not Affected,Not Affected,Not Affected,Not Affected,Low,Low,Low,525857.8012,446299.4408
1490,1474,Palm Harbor University HS,1900 Omaha St,Palm Harbor,34683,Pinellas,-82.76261197,28.08565599,"-82.76261197, 28.08565599",17R LM 26817 07945,SHELTER,RISK,7,1995,8 Gym,R, ,0,0,0,0,0,0,586,11727,0, ,No,No,No,No,Yes, , , , ,,,SHELTER,,Risk Shelter Inventory,Critical Community and Emergency Facilities,Regionally Significant,RSI_PT_1467,,Southwest Florida Water Management District,FDEM,Risk Shelter Inventory - General - FDEM,,,,Tampa Bay,Southwest District,Southwest,7,57,21,Not Affected,Not Affected,Not Affected,Not Affected,Not Affected,Not Affected,Not Affected,Not Affected,Not Affected,Not Affected,Not Affected,Not Affected,Not Affected,Not Affected,Not Affected,Not Affected,Not Affected,Not Affected,Not Affected,Not Affected,Not Affected,521355.7101,453917.1363
1491,1475,New Heights ES,3901 37th St N,St. Petersburg,33714,Pinellas,-82.682457,27.80794501,"-82.68245700, 27.80794501",17R LL 34270 77063,SHELTER,RISK,7,2008,4 Classroom,A, ,0,0,526,10519,0,0,526,10519,665, ,No,No,No,Yes,Yes, , , , ,,,SHELTER,,Risk Shelter Inventory,Critical Community and Emergency Facilities,Regionally Significant,RSI_PT_1473,St. Petersburg,Southwest Florida Water Management District,FDEM,Risk Shelter Inventory - General - FDEM,,,,Tampa Bay,Southwest District,Southwest,7,61,18,Not Affected,Not Affected,Not Affected,Not Affected,Not Affected,Not Affected,Not Affected,Not Affected,Not Affected,Not Affected,Not Affected,Not Affected,Not Affected,Not Affected,Not Affected,Not Affected,Not Affected,Not Affected,Not Affected,Not Affected,Not Affected,529546.0589,423159.217
1492,1476,Dunedin ES,900 Union St,Dunedin,34698,Pinellas,-82.77711199,27.99811501,"-82.77711199, 27.99811501",17R LL 25251 98266,SHELTER,RISK,7,2006,4 Classroom,A, ,0,0,315,6308,0,0,315,6308,0, ,D,No,No,Yes,Yes, , , , ,,,SHELTER,,Risk Shelter Inventory,Critical Community and Emergency Facilities,Regionally Significant,RSI_PT_1465,Dunedin,Southwest Florida Water Management District,FDEM,Risk Shelter Inventory - General - FDEM,,,,Tampa Bay,Southwest District,Southwest,7,58,21,Not Affected,Not Affected,Not Affected,Not Affected,Not Affected,Not Affected,Not Affected,Not Affected,Not Affected,Not Affected,Not Affected,Not Affected,Not Affected,Not Affected,Not Affected,Not Affected,Not Affected,Not Affected,Not Affected,Not Affected,Not Affected,520030.0896,444181.4969
1493,1477,Ridgecrest ES,1901 119th St N,Largo,33778,Pinellas,-82.8035426,27.89945503,"-82.80354260, 27.89945503",17R LL 22490 87372,SHELTER,RISK,7,2009,17 Classroom,A, ,0,0,129,2587,0,0,129,2587,0, ,No,No,No,Yes,Yes, , , , ,,,SHELTER,,Risk Shelter Inventory,Critical Community and Emergency Facilities,Regionally Significant,RSI_PT_1493,,Southwest Florida Water Management District,FDEM,Risk Shelter Inventory - General - FDEM,,,,Tampa Bay,Southwest District,Southwest,7,59,18,Not Affected,Not Affected,Not Affected,Not Affected,Not Affected,Not Affected,Not Affected,Not Affected,Not Affected,Not Affected,Not Affected,Not Affected,Not Affected,Not Affected,Not Affected,Not Affected,Not Affected,Not Affected,Not Affected,Not Affected,Not Affected,517542.2346,433199.8947
1494,1478,New Heights ES,3901 37th St N,St. Petersburg,33714,Pinellas,-82.682457,27.80794501,"-82.68245700, 27.80794501",17R LL 34270 77063,SHELTER,RISK,7,2008,2 Library / Classroom,A, ,0,0,0,0,0,0,114,2284,118, ,No,No,No,No,Yes, , , , ,,,SHELTER,,Risk Shelter Inventory,Critical Community and Emergency Facilities,Regionally Significant,RSI_PT_1473,St. Petersburg,Southwest Florida Water Management District,FDEM,Risk Shelter Inventory - General - FDEM,,,,Tampa Bay,Southwest District,Southwest,7,61,18,Not Affected,Not Affected,Not Affected,Not Affected,Not Affected,Not Affected,Not Affected,Not Affected,Not Affected,Not Affected,Not Affected,Not Affected,Not Affected,Not Affected,Not Affected,Not Affected,Not Affected,Not Affected,Not Affected,Not Affected,Not Affected,529546.0589,423159.217
1495,1479,Gibbs Senior HS,854 34th St S,St. Petersburg,33711,Pinellas,-82.67929262,27.76133567,"-82.67929262, 27.76133567",17R LL 34511 71894,SHELTER,RISK,7,2003,5 Classroom,R, ,0,0,0,0,0,0,799,15974,237,L,No,No,No,No,Yes, ,Yes, , ,,,SHELTER,,Risk Shelter Inventory,Critical Community and Emergency Facilities,Regionally Significant,RSI_PT_1495,St. Petersburg,Southwest Florida Water Management District,FDEM,Risk Shelter Inventory - General - FDEM,,,,Tampa Bay,Southwest District,Southwest,7,62,16,Not Affected,Not Affected,Not Affected,Not Affected,Not Affected,Not Affected,Not Affected,Not Affected,Not Affected,Not Affected,Not Affected,Not Affected,Not Affected,Not Affected,Not Affected,Not Affected,Not Affected,Not Affected,Not Affected,Not Affected,Not Affected,529912.6169,417986.7589
1496,1480,Bauder ES,12755 86th Ave N,Seminole,33776,Pinellas,-82.81471472,27.85104485,"-82.81471472, 27.85104485",17R LL 21310 82024,SHELTER,RISK,7,1973,1 Admin / Classroom,R, ,0,0,0,0,0,0,876,17522,653,L,No,No,No,No,Yes, , , , ,,,SHELTER,,Risk Shelter Inventory,Critical Community and Emergency Facilities,Regionally Significant,RSI_PT_1496,,Southwest Florida Water Management District,FDEM,Risk Shelter Inventory - General - FDEM,,,,Tampa Bay,Southwest District,Southwest,7,59,18,Not Affected,Not Affected,Not Affected,Not Affected,Not Affected,Not Affected,Not Affected,Not Affected,Not Affected,Not Affected,Not Affected,Not Affected,Not Affected,Not Affected,Not Affected,Not Affected,Not Affected,Not Affected,Medium,Medium,Medium,516496.3717,427813.4044
1497,1481,New Heights ES,3901 37th St N,St. Petersburg,33714,Pinellas,-82.682457,27.80794501,"-82.68245700, 27.80794501",17R LL 34270 77063,SHELTER,RISK,7,2008,3 Cafeteria,A, ,0,0,242,4843,0,0,242,4843,55, ,No,No,No,Yes,Yes, , , , ,,,SHELTER,,Risk Shelter Inventory,Critical Community and Emergency Facilities,Regionally Significant,RSI_PT_1473,St. Petersburg,Southwest Florida Water Management District,FDEM,Risk Shelter Inventory - General - FDEM,,,,Tampa Bay,Southwest District,Southwest,7,61,18,Not Affected,Not Affected,Not Affected,Not Affected,Not Affected,Not Affected,Not Affected,Not Affected,Not Affected,Not Affected,Not Affected,Not Affected,Not Affected,Not Affected,Not Affected,Not Affected,Not Affected,Not Affected,Not Affected,Not Affected,Not Affected,529546.0589,423159.217
1498,1482,Doug Jamerson ES,1200 37th St S,St. Petersburg,33711,Pinellas,-82.68246798,27.75836199,"-82.68246798, 27.75836199",17R LL 34194 71569,SHELTER,RISK,7,2002,5 Classroom,R, ,0,0,0,0,488,9767,488,9767,373,S-1508-2005,No,No,No,No,Yes, , , , ,,,SHELTER,,Risk Shelter Inventory,Critical Community and Emergency Facilities,Regionally Significant,RSI_PT_1475,St. Petersburg,Southwest Florida Water Management District,FDEM,Risk Shelter Inventory - General - FDEM,,,,Tampa Bay,Southwest District,Southwest,7,62,16,Not Affected,Not Affected,Not Affected,Not Affected,Not Affected,Not Affected,Not Affected,Not Affected,Not Affected,Not Affected,Not Affected,Not Affected,Not Affected,Not Affected,Not Affected,Not Affected,Not Affected,Not Affected,Not Affected,Not Affected,Not Affected,529603.8094,417653.2027
1499,1483,Ross Norton Recreation Center,1426 MLK Jr Ave,Clearwater,33756,Pinellas,-82.79364202,27.945068,"-82.79364202, 27.94506800",17R LL 23538 92411,SHELTER,RISK,7,2004,Gym,A, ,0,0,303,6060,0,0,303,6060,224,L,No,No,No,Yes,Yes, , , , ,,,SHELTER,,Risk Shelter Inventory,Critical Community and Emergency Facilities,Regionally Significant,RSI_PT_1499,Clearwater,Southwest Florida Water Management District,FDEM,Risk Shelter Inventory - General - FDEM,,,,Tampa Bay,Southwest District,Southwest,7,58,18,Not Affected,Not Affected,Not Affected,Not Affected,Not Affected,Not Affected,Not Affected,Not Affected,Not Affected,Not Affected,Not Affected,Not Affected,Not Affected,Not Affected,Not Affected,Medium,Not Affected,Medium,Medium,Medium,Medium,518465.3005,438274.6562
1500,1484,McMullen-Booth ES,3025 Union St,Clearwater,33579,Pinellas,-82.71188603,27.99572198,"-82.71188603, 27.99572198",17R LL 31662 97909,SHELTER,RISK,7,1996,4 Classroom (1st Floor),R, ,0,0,0,0,273,5455,273,5455,435,HMGP,No,No,No,No,Yes, , , , ,,,SHELTER,,Risk Shelter Inventory,Critical Community and Emergency Facilities,Regionally Significant,RSI_PT_1469,,Southwest Florida Water Management District,FDEM,Risk Shelter Inventory - General - FDEM,,,,Tampa Bay,Southwest District,Southwest,7,58,21,Not Affected,Not Affected,Not Affected,Not Affected,Not Affected,Not Affected,Not Affected,Not Affected,Not Affected,Not Affected,Not Affected,Not Affected,Not Affected,Not Affected,Not Affected,Medium,Medium,Medium,Medium,Medium,Medium,526434.7602,443980.9341
1501,1485,Countryside HS,3000 State Rd 580,Clearwater,33761,Pinellas,-82.71164497,28.02336499,"-82.71164497, 28.02336499",17R LM 31728 00971,SHELTER,RISK,7,1990,6 ESE,R, ,0,0,0,0,100,2007,100,2007,0,HMGP,No,No,No,No,Yes, , , , ,,,SHELTER,,Risk Shelter Inventory,Critical Community and Emergency Facilities,Regionally Significant,RSI_PT_1501,Clearwater,Southwest Florida Water Management District,FDEM,Risk Shelter Inventory - General - FDEM,,,,Tampa Bay,Southwest District,Southwest,7,58,21,Not Affected,Not Affected,Not Affected,Not Affected,Not Affected,Not Affected,Not Affected,Not Affected,Not Affected,Not Affected,Not Affected,Not Affected,Not Affected,Not Affected,Not Affected,Not Affected,Not Affected,Not Affected,Not Affected,Not Affected,Not Affected,526426.3479,447050.9224
1502,1486,Palm Harbor University HS,1900 Omaha St,Palm Harbor,34683,Pinellas,-82.76261197,28.08565599,"-82.76261197, 28.08565599",17R LM 26817 07945,SHELTER,RISK,7,1995,2 Cafeteria,R, ,0,0,0,0,0,0,327,6546,0, ,No,No,No,No,Yes, , , , ,,,SHELTER,,Risk Shelter Inventory,Critical Community and Emergency Facilities,Regionally Significant,RSI_PT_1467,,Southwest Florida Water Management District,FDEM,Risk Shelter Inventory - General - FDEM,,,,Tampa Bay,Southwest District,Southwest,7,57,21,Not Affected,Not Affected,Not Affected,Not Affected,Not Affected,Not Affected,Not Affected,Not Affected,Not Affected,Not Affected,Not Affected,Not Affected,Not Affected,Not Affected,Not Affected,Not Affected,Not Affected,Not Affected,Not Affected,Not Affected,Not Affected,521355.7101,453917.1363
1503,1487,Gibbs Senior HS,853 34th St S,St. Petersburg,33711,Pinellas,-82.67954501,27.76163099,"-82.67954501, 27.76163099",17R LL 34487 71927,SHELTER,RISK,7,2003,4 Auditorium / Classroom,R, ,0,0,0,0,0,0,1373,27464,237,L,No,No,No,No,Yes, ,Yes, , ,,,SHELTER,,Risk Shelter Inventory,Critical Community and Emergency Facilities,Regionally Significant,RSI_PT_1503,St. Petersburg,Southwest Florida Water Management District,FDEM,Risk Shelter Inventory - General - FDEM,,,,Tampa Bay,Southwest District,Southwest,7,62,16,Not Affected,Not Affected,Not Affected,Not Affected,Not Affected,Not Affected,Not Affected,Not Affected,Not Affected,Not Affected,Not Affected,Not Affected,Not Affected,Not Affected,Not Affected,High,High,High,High,High,High,529887.4396,418019.2862
1504,1488,Palm Harbor MS,1800 Tampa Rd,Palm Harbor,34683,Pinellas,-82.75251999,28.06661901,"-82.75251999, 28.06661901",17R LM 27778 05821,SHELTER,RISK,7,1982,5 Classroom (1st Floor),R, ,0,0,0,0,0,0,507,10140,116, ,No,No,No,No,Yes, , , , ,,,SHELTER,,Risk Shelter Inventory,Critical Community and Emergency Facilities,Regionally Significant,RSI_PT_1468,,Southwest Florida Water Management District,FDEM,Risk Shelter Inventory - General - FDEM,,,,Tampa Bay,Southwest District,Southwest,7,57,21,Not Affected,Not Affected,Not Affected,Not Affected,Not Affected,Not Affected,Not Affected,Not Affected,Not Affected,Not Affected,Not Affected,Not Affected,Not Affected,Not Affected,Not Affected,Not Affected,Not Affected,Not Affected,Not Affected,Not Affected,Not Affected,522366.8253,451813.0449
1505,1489,Gibbs Senior HS,855 34th St S,St. Petersburg,33711,Pinellas,-82.67954528,27.76161242,"-82.67954528, 27.76161242",17R LL 34487 71925,SHELTER,RISK,7,2003,6 Cafeteria,R, ,0,0,0,0,0,0,394,7881,238,L,No,No,No,No,Yes, ,Yes, , ,,,SHELTER,,Risk Shelter Inventory,Critical Community and Emergency Facilities,Regionally Significant,RSI_PT_1503,St. Petersburg,Southwest Florida Water Management District,FDEM,Risk Shelter Inventory - General - FDEM,,,,Tampa Bay,Southwest District,Southwest,7,62,16,Not Affected,Not Affected,Not Affected,Not Affected,Not Affected,Not Affected,Not Affected,Not Affected,Not Affected,Not Affected,Not Affected,Not Affected,Not Affected,Not Affected,Not Affected,Medium,High,High,High,High,High,529887.4353,418017.2246
1506,1490,St. Petersburg HS,2501 5th Ave N,St Petersburg,33713,Pinellas,-82.66825101,27.77919999,"-82.66825101, 27.77919999",17R LL 35626 73859,SHELTER,RISK,7,1996,5 Classroom (2nd Floor),R, ,0,0,0,0,269,5384,269,5384,122,HMGP,No,No,No,No,Yes, , , , ,,,SHELTER,,Risk Shelter Inventory,Critical Community and Emergency Facilities,Regionally Significant,RSI_PT_1486,St. Petersburg,Southwest Florida Water Management District,FDEM,Risk Shelter Inventory - General - FDEM,,,,Tampa Bay,Southwest District,Southwest,7,60,16,Not Affected,Not Affected,Not Affected,Not Affected,Not Affected,Not Affected,Not Affected,Not Affected,Not Affected,Not Affected,Not Affected,Not Affected,Not Affected,Not Affected,Not Affected,Not Affected,Not Affected,Not Affected,Not Affected,Not Affected,Not Affected,530977.2676,419982.1964
1507,1491,Palm Harbor University HS,1900 Omaha St,Palm Harbor,34683,Pinellas,-82.76261197,28.08565599,"-82.76261197, 28.08565599",17R LM 26817 07945,SHELTER,RISK,7,1995,9 Music,R, ,0,0,0,0,0,0,168,3369,0, ,No,No,No,No,Yes, , , , ,,,SHELTER,,Risk Shelter Inventory,Critical Community and Emergency Facilities,Regionally Significant,RSI_PT_1467,,Southwest Florida Water Management District,FDEM,Risk Shelter Inventory - General - FDEM,,,,Tampa Bay,Southwest District,Southwest,7,57,21,Not Affected,Not Affected,Not Affected,Not Affected,Not Affected,Not Affected,Not Affected,Not Affected,Not Affected,Not Affected,Not Affected,Not Affected,Not Affected,Not Affected,Not Affected,Not Affected,Not Affected,Not Affected,Not Affected,Not Affected,Not Affected,521355.7101,453917.1363
1508,1492,Eishenhower ES,2800 Drew St,Clearwater,33759,Pinellas,-82.72074302,27.96984998,"-82.72074302, 27.96984998",17R LL 30750 95054,SHELTER,RISK,7,2009,7 Classroom,A, ,0,0,0,0,292,5831,292,5831,0, ,No,No,No,No,Yes, , , , ,,,SHELTER,,Risk Shelter Inventory,Critical Community and Emergency Facilities,Regionally Significant,RSI_PT_1508,Clearwater,Southwest Florida Water Management District,FDEM,Risk Shelter Inventory - General - FDEM,,,,Tampa Bay,Southwest District,Southwest,7,58,21,Not Affected,Not Affected,Not Affected,Not Affected,Not Affected,Not Affected,Not Affected,Not Affected,Not Affected,Not Affected,Not Affected,Not Affected,Not Affected,Not Affected,Not Affected,Not Affected,Not Affected,Not Affected,Not Affected,Not Affected,Not Affected,525595.2402,441098.8176
1509,1493,Belleair ES,1156 Lakeview Rd,Clearwater,33756,Pinellas,-82.78881899,27.950841,"-82.78881899, 27.95084100",17R LL 24022 93044,SHELTER,RISK,7,2009,9 Classroom,A, ,0,0,0,0,0,0,577,11535,72,S,No,No,No,No,Yes, , , , ,,,SHELTER,,Risk Shelter Inventory,Critical Community and Emergency Facilities,Regionally Significant,RSI_PT_1509,Clearwater,Southwest Florida Water Management District,FDEM,Risk Shelter Inventory - General - FDEM,,,,Tampa Bay,Southwest District,Southwest,7,58,18,Not Affected,Not Affected,Not Affected,Not Affected,Not Affected,Not Affected,Not Affected,Not Affected,Not Affected,Not Affected,Not Affected,Not Affected,Not Affected,Not Affected,Not Affected,Not Affected,Not Affected,Not Affected,Not Affected,Not Affected,Not Affected,518932.6139,438920.3869
1510,1494,John M Sexton ES,1997 54th Ave N,St. Petersburg,33714,Pinellas,-82.65995603,27.82213,"-82.65995603, 27.82213000",17R LL 36508 78604,SHELTER,RISK,7,1996,5 Classroom,R, ,0,0,0,0,512,10237,512,10237,0,L,No,No,No,No,Yes, , , , ,,,SHELTER,,Risk Shelter Inventory,Critical Community and Emergency Facilities,Regionally Significant,RSI_PT_1478,St. Petersburg,Southwest Florida Water Management District,FDEM,Risk Shelter Inventory - General - FDEM,,,,Tampa Bay,Southwest District,Southwest,7,60,18,Not Affected,Not Affected,Not Affected,Not Affected,Not Affected,Not Affected,Not Affected,Not Affected,Not Affected,Not Affected,Not Affected,Not Affected,Not Affected,Not Affected,Not Affected,Medium,Medium,Medium,Medium,Medium,Medium,531741.2389,424758.2494
1511,1495,New Heights ES,3901 37th St N,St. Petersburg,33714,Pinellas,-82.682457,27.80794501,"-82.68245700, 27.80794501",17R LL 34270 77063,SHELTER,RISK,7,2008,6 Classroom,A, ,0,0,483,9666,0,0,483,9666,602, ,No,No,No,Yes,Yes, , , , ,,,SHELTER,,Risk Shelter Inventory,Critical Community and Emergency Facilities,Regionally Significant,RSI_PT_1473,St. Petersburg,Southwest Florida Water Management District,FDEM,Risk Shelter Inventory - General - FDEM,,,,Tampa Bay,Southwest District,Southwest,7,61,18,Not Affected,Not Affected,Not Affected,Not Affected,Not Affected,Not Affected,Not Affected,Not Affected,Not Affected,Not Affected,Not Affected,Not Affected,Not Affected,Not Affected,Not Affected,Not Affected,Not Affected,Not Affected,Not Affected,Not Affected,Not Affected,529546.0589,423159.217
1512,1496,Dunedin ES,900 Union St,Dunedin,34698,Pinellas,-82.77711199,27.99811501,"-82.77711199, 27.99811501",17R LL 25251 98266,SHELTER,RISK,7,2006,1 Admin / Classroom,A, ,0,0,575,11505,0,0,575,11505,0, ,D,No,No,Yes,Yes, , , , ,,,SHELTER,,Risk Shelter Inventory,Critical Community and Emergency Facilities,Regionally Significant,RSI_PT_1465,Dunedin,Southwest Florida Water Management District,FDEM,Risk Shelter Inventory - General - FDEM,,,,Tampa Bay,Southwest District,Southwest,7,58,21,Not Affected,Not Affected,Not Affected,Not Affected,Not Affected,Not Affected,Not Affected,Not Affected,Not Affected,Not Affected,Not Affected,Not Affected,Not Affected,Not Affected,Not Affected,Not Affected,Not Affected,Not Affected,Not Affected,Not Affected,Not Affected,520030.0896,444181.4969
1513,1497,Largo HS,410 Missouri Ave N,Largo,33770,Pinellas,-82.78548098,27.919865,"-82.78548098, 27.91986500",17R LL 24301 89607,SHELTER,RISK,7,2015,3 Gym / Cafeteria,A, ,0,0,0,0,1124,22477,1124,22477,1834,L,No,No,No,No,Yes, ,Yes, , ,,,SHELTER,,Risk Shelter Inventory,Critical Community and Emergency Facilities,Regionally Significant,RSI_PT_1513,Largo,Southwest Florida Water Management District,FDEM,Risk Shelter Inventory - General - FDEM,,,,Tampa Bay,Southwest District,Southwest,7,59,18,Not Affected,Not Affected,Not Affected,Not Affected,Not Affected,Not Affected,Not Affected,Not Affected,Not Affected,Not Affected,Not Affected,Not Affected,Not Affected,Not Affected,Not Affected,Medium,Medium,Medium,Medium,Medium,Medium,519294.2612,435483.748
1514,1498,McMullen-Booth ES,3025 Union St,Clearwater,33579,Pinellas,-82.71188603,27.99572198,"-82.71188603, 27.99572198",17R LL 31662 97909,SHELTER,RISK,7,1996,5 Classroom (1st Floor),R, ,0,0,0,0,226,4516,226,4516,399,HMGP,No,No,No,No,Yes, , , , ,,,SHELTER,,Risk Shelter Inventory,Critical Community and Emergency Facilities,Regionally Significant,RSI_PT_1469,,Southwest Florida Water Management District,FDEM,Risk Shelter Inventory - General - FDEM,,,,Tampa Bay,Southwest District,Southwest,7,58,21,Not Affected,Not Affected,Not Affected,Not Affected,Not Affected,Not Affected,Not Affected,Not Affected,Not Affected,Not Affected,Not Affected,Not Affected,Not Affected,Not Affected,Not Affected,Medium,Medium,Medium,Medium,Medium,Medium,526434.7602,443980.9341
1515,1499,Palm Harbor University HS,1900 Omaha St,Palm Harbor,34683,Pinellas,-82.76261197,28.08565599,"-82.76261197, 28.08565599",17R LM 26817 07945,SHELTER,RISK,7,1995,10 Auditorium,R, ,0,0,0,0,0,0,582,11633,0, ,No,No,No,No,Yes, , , , ,,,SHELTER,,Risk Shelter Inventory,Critical Community and Emergency Facilities,Regionally Significant,RSI_PT_1467,,Southwest Florida Water Management District,FDEM,Risk Shelter Inventory - General - FDEM,,,,Tampa Bay,Southwest District,Southwest,7,57,21,Not Affected,Not Affected,Not Affected,Not Affected,Not Affected,Not Affected,Not Affected,Not Affected,Not Affected,Not Affected,Not Affected,Not Affected,Not Affected,Not Affected,Not Affected,Not Affected,Not Affected,Not Affected,Not Affected,Not Affected,Not Affected,521355.7101,453917.1363
1516,1500,Gibbs Senior HS,850 34th St S,St. Petersburg,33711,Pinellas,-82.67833998,27.76156002,"-82.67833998, 27.76156002",17R LL 34606 71918,SHELTER,RISK,7,2003,2 Classroom,R, ,0,0,0,0,0,0,2060,41192,237,L,No,No,No,No,Yes, ,Yes, , ,,,SHELTER,,Risk Shelter Inventory,Critical Community and Emergency Facilities,Regionally Significant,RSI_PT_1470,St. Petersburg,Southwest Florida Water Management District,FDEM,Risk Shelter Inventory - General - FDEM,,,,Tampa Bay,Southwest District,Southwest,7,62,16,Not Affected,Not Affected,Not Affected,Not Affected,Not Affected,Not Affected,Not Affected,Not Affected,Not Affected,Not Affected,Not Affected,Not Affected,Not Affected,Not Affected,Not Affected,Not Affected,Not Affected,Not Affected,Not Affected,Not Affected,Not Affected,530006.0536,418012.6756
1517,1501,Palm Harbor University HS,1900 Omaha St,Palm Harbor,34683,Pinellas,-82.76261197,28.08565599,"-82.76261197, 28.08565599",17R LM 26817 07945,SHELTER,RISK,7,1995,3 Classroom,R, ,0,0,0,0,0,0,364,7275,0, ,No,No,No,No,Yes, , , , ,,,SHELTER,,Risk Shelter Inventory,Critical Community and Emergency Facilities,Regionally Significant,RSI_PT_1467,,Southwest Florida Water Management District,FDEM,Risk Shelter Inventory - General - FDEM,,,,Tampa Bay,Southwest District,Southwest,7,57,21,Not Affected,Not Affected,Not Affected,Not Affected,Not Affected,Not Affected,Not Affected,Not Affected,Not Affected,Not Affected,Not Affected,Not Affected,Not Affected,Not Affected,Not Affected,Not Affected,Not Affected,Not Affected,Not Affected,Not Affected,Not Affected,521355.7101,453917.1363
1518,1502,Palm Harbor University HS,1900 Omaha St,Palm Harbor,34683,Pinellas,-82.76261197,28.08565599,"-82.76261197, 28.08565599",17R LM 26817 07945,SHELTER,RISK,7,1995,5 Classroom,R, ,0,0,0,0,502,10037,502,10037,0,HMGP,No,No,No,No,Yes, ,Yes, , ,,,SHELTER,,Risk Shelter Inventory,Critical Community and Emergency Facilities,Regionally Significant,RSI_PT_1467,,Southwest Florida Water Management District,FDEM,Risk Shelter Inventory - General - FDEM,,,,Tampa Bay,Southwest District,Southwest,7,57,21,Not Affected,Not Affected,Not Affected,Not Affected,Not Affected,Not Affected,Not Affected,Not Affected,Not Affected,Not Affected,Not Affected,Not Affected,Not Affected,Not Affected,Not Affected,Not Affected,Not Affected,Not Affected,Not Affected,Not Affected,Not Affected,521355.7101,453917.1363
1519,1503,Dunedin ES,900 Union St,Dunedin,34698,Pinellas,-82.77711199,27.99811501,"-82.77711199, 27.99811501",17R LL 25251 98266,SHELTER,RISK,7,2006,3 Cafeteria,A, ,0,0,200,3991,0,0,200,3991,0, ,D,No,No,Yes,Yes, , , , ,,,SHELTER,,Risk Shelter Inventory,Critical Community and Emergency Facilities,Regionally Significant,RSI_PT_1465,Dunedin,Southwest Florida Water Management District,FDEM,Risk Shelter Inventory - General - FDEM,,,,Tampa Bay,Southwest District,Southwest,7,58,21,Not Affected,Not Affected,Not Affected,Not Affected,Not Affected,Not Affected,Not Affected,Not Affected,Not Affected,Not Affected,Not Affected,Not Affected,Not Affected,Not Affected,Not Affected,Not Affected,Not Affected,Not Affected,Not Affected,Not Affected,Not Affected,520030.0896,444181.4969
1520,1504,St Petersburg College - Midtown,1300 22nd St S,St. Petersburg,33712,Pinellas,-82.65279797,27.74808699,"-82.65279797, 27.74808699",17R LL 37103 70391,SHELTER,RISK,7,0, ,A, ,0,0,591,11820,0,0,591,11820,0, ,No,No,No,Yes,Yes, , , , ,,,SHELTER,,Risk Shelter Inventory,Critical Community and Emergency Facilities,Regionally Significant,RSI_PT_1520,St. Petersburg,Southwest Florida Water Management District,FDEM,Risk Shelter Inventory - General - FDEM,,,,Tampa Bay,Southwest District,Southwest,7,62,16,Not Affected,Not Affected,Not Affected,Not Affected,Not Affected,Not Affected,Not Affected,Not Affected,Not Affected,Not Affected,Not Affected,Not Affected,Not Affected,Not Affected,Not Affected,Not Affected,Not Affected,Not Affected,Not Affected,Not Affected,Not Affected,532534.7583,416543.7467
1521,1505,Lealman Innovation Academy,4900 28th St N,St. Petersburg,33714,Pinellas,-82.67296298,27.81669999,"-82.67296298, 27.81669999",17R LL 35219 78020,SHELTER,RISK,7,2015,5 Classroom,R, ,0,0,0,0,0,0,31,615,570, ,No,No,No,No,Yes, , , , ,,,SHELTER,,Risk Shelter Inventory,Critical Community and Emergency Facilities,Regionally Significant,RSI_PT_1477,,Southwest Florida Water Management District,FDEM,Risk Shelter Inventory - General - FDEM,,,,Tampa Bay,Southwest District,Southwest,7,60,18,Not Affected,Not Affected,Not Affected,Not Affected,Not Affected,Not Affected,Not Affected,Not Affected,Not Affected,Not Affected,Not Affected,Not Affected,Not Affected,Not Affected,Not Affected,Not Affected,Not Affected,Not Affected,Not Affected,Not Affected,Not Affected,530469.0494,424141.4371
1522,1506,Palm Harbor University HS,1900 Omaha St,Palm Harbor,34683,Pinellas,-82.76261197,28.08565599,"-82.76261197, 28.08565599",17R LM 26817 07945,SHELTER,RISK,7,1995,7 Multipurpose,R, ,0,0,0,0,0,0,305,6099,0, ,No,No,No,No,Yes, , , , ,,,SHELTER,,Risk Shelter Inventory,Critical Community and Emergency Facilities,Regionally Significant,RSI_PT_1467,,Southwest Florida Water Management District,FDEM,Risk Shelter Inventory - General - FDEM,,,,Tampa Bay,Southwest District,Southwest,7,57,21,Not Affected,Not Affected,Not Affected,Not Affected,Not Affected,Not Affected,Not Affected,Not Affected,Not Affected,Not Affected,Not Affected,Not Affected,Not Affected,Not Affected,Not Affected,Not Affected,Not Affected,Not Affected,Not Affected,Not Affected,Not Affected,521355.7101,453917.1363
1523,1507,Lake Marion Creek School,3055 Lake Marion Creek Rd,Poinciana,34759,Polk,-81.51146297,28.066782,"-81.51146297, 28.06678200",17R MM 49742 04705,SHELTER,RISK,6,2006,5 1st Floor,A, ,0,0,520,10400,0,0,604,12088,846,L,No,No,No,Yes,Yes, , , , ,,,SHELTER,,Risk Shelter Inventory,Critical Community and Emergency Facilities,Regionally Significant,RSI_PT_1523,,South Florida Water Management District,FDEM,Risk Shelter Inventory - General - FDEM,,,,Central Florida,Southwest District,Southwest,1,48,12,Not Affected,Not Affected,Not Affected,Not Affected,Not Affected,Not Affected,Not Affected,Not Affected,Not Affected,Not Affected,Not Affected,Not Affected,Not Affected,Not Affected,Not Affected,Not Affected,Not Affected,Not Affected,Not Affected,Not Affected,Not Affected,644090.8415,453675.2044
1524,1508,George Jenkins HS,6000 Lakeland Highlands Rd,Lakeland,33812,Polk,-81.92076999,27.95758801,"-81.92076999, 27.95758801",17R ML 09429 92845,SHELTER,RISK,6,1992,8 Cafeteria,R, ,0,0,0,0,660,13200,660,13200,0, ,No,No,No,No,Yes, , , , ,,,SHELTER,,Risk Shelter Inventory,Critical Community and Emergency Facilities,Regionally Significant,RSI_PT_1524,,Southwest Florida Water Management District,FDEM,Risk Shelter Inventory - General - FDEM,,,,Central Florida,Southwest District,Southwest,1,49,27,Not Affected,Not Affected,Not Affected,Not Affected,Not Affected,Not Affected,Not Affected,Not Affected,Not Affected,Not Affected,Not Affected,Not Affected,Not Affected,Not Affected,Not Affected,Not Affected,Not Affected,Not Affected,Not Affected,Not Affected,Not Affected,604152.1588,440806.7659
1525,1509,R.B. Wagner ES,5500 Yates Rd,Lakeland,33811,Polk,-82.01048896,27.96641801,"-82.01048896, 27.96641801",17R ML 00612 93893,SHELTER,RISK,6,2001,4 Classroom,A, ,0,0,371,7427,0,0,383,7661,487,L,No,No,No,Yes,Yes, , , , ,,,SHELTER,,Risk Shelter Inventory,Critical Community and Emergency Facilities,Regionally Significant,RSI_PT_1525,,Southwest Florida Water Management District,FDEM,Risk Shelter Inventory - General - FDEM,,,,Central Florida,Southwest District,Southwest,1,50,27,Not Affected,Not Affected,Not Affected,Not Affected,Not Affected,Not Affected,Not Affected,Not Affected,Not Affected,Not Affected,Not Affected,Not Affected,Not Affected,Not Affected,Not Affected,Not Affected,Not Affected,Not Affected,Not Affected,Not Affected,Not Affected,595327.9354,441641.9247
1526,1510,Horizons ES,1700 Forest Lake Dr,Davenport,33837,Polk,-81.62941897,28.16642899,"-81.62941897, 28.16642899",17R MM 38208 15799,SHELTER,RISK,6,2007,5 Cafeteria,A, ,0,0,268,5366,0,0,251,5023,444,L,No,No,No,Yes,Yes, , , , ,,,SHELTER,,Risk Shelter Inventory,Critical Community and Emergency Facilities,Regionally Significant,RSI_PT_1526,Davenport,Southwest Florida Water Management District,FDEM,Risk Shelter Inventory - General - FDEM,,,,Central Florida,Southwest District,Southwest,1,51,12,Not Affected,Not Affected,Not Affected,Not Affected,Not Affected,Not Affected,Not Affected,Not Affected,Not Affected,Not Affected,Not Affected,Not Affected,Not Affected,Not Affected,Not Affected,Not Affected,Not Affected,Not Affected,Not Affected,Not Affected,Not Affected,632309.7333,464511.6374
1527,1511,Polk/UF IFAS,1702 S. Holland Pkwy,Bartow,33830,Polk,-81.82821995,27.88457004,"-81.82821995, 27.88457004",17R ML 18479 84691,SHELTER,RISK,6,1989,W.H. Stuart Conference Center,A, ,0,0,0,0,0,0,304,6080,0, ,No,No,No,No,Yes, , , , ,,,SHELTER,,Risk Shelter Inventory,Critical Community and Emergency Facilities,Regionally Significant,RSI_PT_1527,Bartow,Southwest Florida Water Management District,FDEM,Risk Shelter Inventory - General - FDEM,,,,Central Florida,Southwest District,Southwest,1,49,27,Not Affected,Not Affected,Not Affected,Not Affected,Not Affected,Not Affected,Not Affected,Not Affected,Not Affected,Not Affected,Not Affected,Not Affected,Not Affected,Not Affected,Not Affected,Low,Low,Medium,Medium,Medium,Medium,613381.2027,432855.6788
1528,1512,Ridge Community HS,500 Orchid Dr,Davenport,33837,Polk,-81.63157232,28.15030699,"-81.63157232, 28.15030699",17R MM 37987 14014,SHELTER,RISK,6,2004,5 Cafeteria,A, ,0,0,310,6202,0,0,367,7345,405,L,No,No,No,Yes,Yes, , , , ,,,SHELTER,,Risk Shelter Inventory,Critical Community and Emergency Facilities,Regionally Significant,RSI_PT_1528,Haines City,Southwest Florida Water Management District,FDEM,Risk Shelter Inventory - General - FDEM,,,,Central Florida,Southwest District,Southwest,1,51,12,Not Affected,Not Affected,Not Affected,Not Affected,Not Affected,Not Affected,Not Affected,Not Affected,Not Affected,Not Affected,Not Affected,Not Affected,Not Affected,Not Affected,Not Affected,Not Affected,Not Affected,Not Affected,Not Affected,Not Affected,Not Affected,632133.1242,462717.4586
1529,1513,Jewett School of the Arts,2250 8th St NE,Winter Haven,33881,Polk,-81.717293,28.04679698,"-81.71729300, 28.04679698",17R MM 29503 02593,SHELTER,RISK,6,2001,8 Art,A, ,0,0,130,2596,0,0,101,2022,190,L,No,No,No,Yes,Yes, , , , ,,,SHELTER,,Risk Shelter Inventory,Critical Community and Emergency Facilities,Regionally Significant,RSI_PT_1529,Winter Haven,Southwest Florida Water Management District,FDEM,Risk Shelter Inventory - General - FDEM,,,,Central Florida,Southwest District,Southwest,1,48,12,Not Affected,Not Affected,Not Affected,Not Affected,Not Affected,Not Affected,Not Affected,Not Affected,Not Affected,Not Affected,Not Affected,Not Affected,Not Affected,Not Affected,Not Affected,Medium,Medium,Medium,Medium,Medium,Medium,623945.2727,451065.5541
1530,1514,Alta Vista ES,801 Scenic Hwy,Haines City,33844,Polk,-81.62389203,28.08592299,"-81.62389203, 28.08592299",17R MM 38705 06877,SHELTER,RISK,6,2005,9 Classroom,A, ,0,0,259,5182,0,0,257,5132,432,L,No,No,No,Yes,Yes, ,Yes, ,Yes,,,SHELTER,,Risk Shelter Inventory,Critical Community and Emergency Facilities,Regionally Significant,RSI_PT_1530,Haines City,Southwest Florida Water Management District,FDEM,Risk Shelter Inventory - General - FDEM,,,,Central Florida,Southwest District,Southwest,1,51,12,Not Affected,Not Affected,Not Affected,Not Affected,Not Affected,Not Affected,Not Affected,Not Affected,Not Affected,Not Affected,Not Affected,Not Affected,Not Affected,Not Affected,Not Affected,Medium,Medium,Medium,Medium,Medium,Medium,633023.5549,455583.0161
1531,1515,Laurel ES,1851 Laurel Ave,Poinciana,34759,Polk,-81.4896007,28.07554405,"-81.48960070, 28.07554405",17R MM 51894 05667,SHELTER,RISK,6,2006,1 Multipurpose,A, ,0,0,276,5516,0,0,252,5030,387,L,No,No,No,Yes,Yes, , , , ,,,SHELTER,,Risk Shelter Inventory,Critical Community and Emergency Facilities,Regionally Significant,RSI_PT_1531,,South Florida Water Management District,FDEM,Risk Shelter Inventory - General - FDEM,,,,Central Florida,Southwest District,Southwest,1,48,12,Not Affected,Not Affected,Not Affected,Not Affected,Not Affected,Not Affected,Not Affected,Not Affected,Not Affected,Not Affected,Not Affected,Not Affected,Not Affected,Not Affected,Not Affected,Not Affected,Not Affected,Not Affected,Not Affected,Not Affected,Not Affected,646215.122,454691.5467
1532,1516,Sleepy Hill ES,2285 Sleepy Hill Rd,Lakeland,33810,Polk,-81.99570404,28.094632,"-81.99570404, 28.09463200",17R MM 02182 08085,SHELTER,RISK,6,2006,3 2nd Floor,A, ,0,0,416,8325,0,0,420,8399,585,L,No,No,No,Yes,Yes, , , , ,,,SHELTER,,Risk Shelter Inventory,Critical Community and Emergency Facilities,Regionally Significant,RSI_PT_1532,Lakeland,Southwest Florida Water Management District,FDEM,Risk Shelter Inventory - General - FDEM,,,,Central Florida,Southwest District,Southwest,1,50,12,Not Affected,Not Affected,Not Affected,Not Affected,Not Affected,Not Affected,Not Affected,Not Affected,Not Affected,Not Affected,Not Affected,Not Affected,Not Affected,Not Affected,Not Affected,Not Affected,Not Affected,Not Affected,Low,Low,Low,596547.9528,455902.4411
1533,1517,Dr N E Roberts ES,6600 Green Rd,Lakeland,33810,Polk,-81.98749798,28.12635302,"-81.98749798, 28.12635302",17R MM 03017 11593,SHELTER,RISK,6,2001,6 Classrooms,A, ,0,0,244,4875,0,0,255,5109,0,L,No,No,No,Yes,Yes, , , , ,,,SHELTER,,Risk Shelter Inventory,Critical Community and Emergency Facilities,Regionally Significant,RSI_PT_1533,,Southwest Florida Water Management District,FDEM,Risk Shelter Inventory - General - FDEM,,,,Central Florida,Southwest District,Southwest,1,50,12,Not Affected,Not Affected,Not Affected,Not Affected,Not Affected,Not Affected,Not Affected,Not Affected,Not Affected,Not Affected,Not Affected,Not Affected,Not Affected,Not Affected,Not Affected,Not Affected,Not Affected,Not Affected,Not Affected,Low,Low,597295.1042,459437.8971
1534,1518,Jere L Stambaugh MS,226 N Main St,Auburndale,33823,Polk,-81.78848373,28.07025308,"-81.78848373, 28.07025308",17R MM 22523 05235,SHELTER,RISK,6,2008,9 Gym,R, ,0,0,0,0,437,8739,437,8739,0, ,No,No,No,No,Yes, , , , ,,,SHELTER,,Risk Shelter Inventory,Critical Community and Emergency Facilities,Regionally Significant,RSI_PT_1534,Auburndale,Southwest Florida Water Management District,FDEM,Risk Shelter Inventory - General - FDEM,,,,Central Florida,Southwest District,Southwest,1,51,12,Not Affected,Not Affected,Not Affected,Not Affected,Not Affected,Not Affected,Not Affected,Not Affected,Not Affected,Not Affected,Not Affected,Not Affected,Not Affected,Not Affected,Not Affected,Not Affected,Not Affected,Not Affected,Not Affected,Not Affected,Not Affected,616915.143,453542.8037
1535,1519,Lake Marion Creek School,3055 Lake Marion Creek Rd,Poinciana,34759,Polk,-81.51146297,28.066782,"-81.51146297, 28.06678200",17R MM 49742 04705,SHELTER,RISK,6,2006,3 2nd Floor,A, ,0,0,600,12008,0,0,600,12008,847,L,No,No,No,Yes,Yes, , , , ,,,SHELTER,,Risk Shelter Inventory,Critical Community and Emergency Facilities,Regionally Significant,RSI_PT_1523,,South Florida Water Management District,FDEM,Risk Shelter Inventory - General - FDEM,,,,Central Florida,Southwest District,Southwest,1,48,12,Not Affected,Not Affected,Not Affected,Not Affected,Not Affected,Not Affected,Not Affected,Not Affected,Not Affected,Not Affected,Not Affected,Not Affected,Not Affected,Not Affected,Not Affected,Not Affected,Not Affected,Not Affected,Not Affected,Not Affected,Not Affected,644090.8415,453675.2044
1536,1520,Highlands Grove ES,4510 Lakeland Highlands Rd,Lakeland,33813,Polk,-81.92238099,27.98268502,"-81.92238099, 27.98268502",17R ML 09292 95626,SHELTER,RISK,6,2005,3 1st Floor,A, ,0,0,346,6921,0,0,367,7332,582,L,No,No,No,Yes,Yes, , , , ,,,SHELTER,,Risk Shelter Inventory,Critical Community and Emergency Facilities,Regionally Significant,RSI_PT_1536,,Southwest Florida Water Management District,FDEM,Risk Shelter Inventory - General - FDEM,,,,Central Florida,Southwest District,Southwest,1,49,27,Not Affected,Not Affected,Not Affected,Not Affected,Not Affected,Not Affected,Not Affected,Not Affected,Not Affected,Not Affected,Not Affected,Not Affected,Not Affected,Not Affected,Not Affected,Not Affected,Not Affected,Not Affected,Low,Medium,Medium,603947.0392,443590.8551
1537,1521,Lake Region HS,1995 Thunder Rd,Eagle Lake,33839,Polk,-81.74941497,27.980223,"-81.74941497, 27.98022300",17R ML 26300 95237,SHELTER,RISK,6,1994,2 Multipurpose,R, ,0,0,238,4768,556,11111,556,11111,0,"S,F",No,No,No,Yes,Yes, , , , ,,,SHELTER,,Risk Shelter Inventory,Critical Community and Emergency Facilities,Regionally Significant,RSI_PT_1537,Eagle Lake,Southwest Florida Water Management District,FDEM,Risk Shelter Inventory - General - FDEM,,,,Central Florida,Southwest District,Southwest,1,49,27,Not Affected,Not Affected,Not Affected,Not Affected,Not Affected,Not Affected,Not Affected,Not Affected,Not Affected,Not Affected,Not Affected,Not Affected,Not Affected,Not Affected,Not Affected,Not Affected,Not Affected,Not Affected,Not Affected,Not Affected,Not Affected,620929.2233,443615.4522
1538,1522,Jere L Stambaugh MS,226 N Main St,Auburndale,33823,Polk,-81.78848373,28.07025308,"-81.78848373, 28.07025308",17R MM 22523 05235,SHELTER,RISK,6,1983,3 Music,R, ,0,0,53,1052,60,1201,60,1201,0,"S, F",No,No,No,Yes,Yes, , , , ,,,SHELTER,,Risk Shelter Inventory,Critical Community and Emergency Facilities,Regionally Significant,RSI_PT_1534,Auburndale,Southwest Florida Water Management District,FDEM,Risk Shelter Inventory - General - FDEM,,,,Central Florida,Southwest District,Southwest,1,51,12,Not Affected,Not Affected,Not Affected,Not Affected,Not Affected,Not Affected,Not Affected,Not Affected,Not Affected,Not Affected,Not Affected,Not Affected,Not Affected,Not Affected,Not Affected,Not Affected,Not Affected,Not Affected,Not Affected,Not Affected,Not Affected,616915.143,453542.8037
1539,1523,Dr N E Roberts ES,6600 Green Rd,Lakeland,33810,Polk,-81.98749798,28.12635302,"-81.98749798, 28.12635302",17R MM 03017 11593,SHELTER,RISK,6,2001,2 Cafeteria,A, ,0,0,222,4447,0,0,249,4972,0,L,No,No,No,Yes,Yes, , , , ,,,SHELTER,,Risk Shelter Inventory,Critical Community and Emergency Facilities,Regionally Significant,RSI_PT_1533,,Southwest Florida Water Management District,FDEM,Risk Shelter Inventory - General - FDEM,,,,Central Florida,Southwest District,Southwest,1,50,12,Not Affected,Not Affected,Not Affected,Not Affected,Not Affected,Not Affected,Not Affected,Not Affected,Not Affected,Not Affected,Not Affected,Not Affected,Not Affected,Not Affected,Not Affected,Not Affected,Not Affected,Not Affected,Not Affected,Low,Low,597295.1042,459437.8971
1540,1524,Tenoroc Senior HS,4905 Saddle Creek Rd,Lakeland,33801,Polk,-81.85990002,28.07233999,"-81.85990002, 28.07233999",17R MM 15507 05514,SHELTER,RISK,6,2006,6 Gym,A, ,0,0,843,16852,0,0,844,16876,754,L,No,No,No,Yes,Yes, , , , ,,,SHELTER,,Risk Shelter Inventory,Critical Community and Emergency Facilities,Regionally Significant,RSI_PT_1540,,Southwest Florida Water Management District,FDEM,Risk Shelter Inventory - General - FDEM,,,,Central Florida,Southwest District,Southwest,1,49,12,Not Affected,Not Affected,Not Affected,Not Affected,Not Affected,Not Affected,Not Affected,Not Affected,Not Affected,Not Affected,Not Affected,Not Affected,Not Affected,Not Affected,Not Affected,Not Affected,Not Affected,Not Affected,Not Affected,Not Affected,Not Affected,609907.0157,453650.9373
1541,1525,Loughman Oaks ES,4600 US Hwy 92 N,Davenport,33837,Polk,-81.569243,28.22032561,"-81.56924300, 28.22032561",17R MM 44144 21740,SHELTER,RISK,6,2005,7 Classroom,A, ,0,0,254,5084,0,0,256,5112,343,L,No,No,No,Yes,Yes, , , , ,,,SHELTER,,Risk Shelter Inventory,Critical Community and Emergency Facilities,Regionally Significant,RSI_PT_1541,,Southwest Florida Water Management District,FDEM,Risk Shelter Inventory - General - FDEM,,,,Central Florida,Southwest District,Southwest,1,51,12,Not Affected,Not Affected,Not Affected,Not Affected,Not Affected,Not Affected,Not Affected,Not Affected,Not Affected,Not Affected,Not Affected,Not Affected,Not Affected,Not Affected,Not Affected,Not Affected,Not Affected,Not Affected,Not Affected,Not Affected,Not Affected,638088.0627,470610.8572
1542,1526,Kathleen ES,3515 Sheretz Rd,Lakeland,33810,Polk,-82.01745251,28.126295,"-82.01745251, 28.12629500",17R MM 00075 11611,SHELTER,RISK,6,2006,11 Classrooms,A, ,0,0,402,8035,0,0,387,7732,651,L,No,No,No,Yes,Yes, , , , ,,,SHELTER,,Risk Shelter Inventory,Critical Community and Emergency Facilities,Regionally Significant,RSI_PT_1542,,Southwest Florida Water Management District,FDEM,Risk Shelter Inventory - General - FDEM,,,,Central Florida,Southwest District,Southwest,1,50,12,Not Affected,Not Affected,Not Affected,Not Affected,Not Affected,Not Affected,Not Affected,Not Affected,Not Affected,Not Affected,Not Affected,Not Affected,Not Affected,Not Affected,Not Affected,Not Affected,Not Affected,Not Affected,Not Affected,Medium,Medium,594358.8789,459383.8853
1543,1527,Ridge Community HS,500 Orchid Dr,Davenport,33837,Polk,-81.63157232,28.15030699,"-81.63157232, 28.15030699",17R MM 37987 14014,SHELTER,RISK,6,2004,2 1st Floor,A, ,0,0,746,14922,0,0,696,13928,909,L,No,No,No,Yes,Yes, , , , ,,,SHELTER,,Risk Shelter Inventory,Critical Community and Emergency Facilities,Regionally Significant,RSI_PT_1528,Haines City,Southwest Florida Water Management District,FDEM,Risk Shelter Inventory - General - FDEM,,,,Central Florida,Southwest District,Southwest,1,51,12,Not Affected,Not Affected,Not Affected,Not Affected,Not Affected,Not Affected,Not Affected,Not Affected,Not Affected,Not Affected,Not Affected,Not Affected,Not Affected,Not Affected,Not Affected,Not Affected,Not Affected,Not Affected,Not Affected,Not Affected,Not Affected,632133.1242,462717.4586
1544,1528,Sleepy Hill ES,2285 Sleepy Hill Rd,Lakeland,33810,Polk,-81.99570404,28.094632,"-81.99570404, 28.09463200",17R MM 02182 08085,SHELTER,RISK,6,2006,5 Cafeteria,A, ,0,0,268,5366,0,0,250,5002,444,L,No,No,No,Yes,Yes, , , , ,,,SHELTER,,Risk Shelter Inventory,Critical Community and Emergency Facilities,Regionally Significant,RSI_PT_1532,Lakeland,Southwest Florida Water Management District,FDEM,Risk Shelter Inventory - General - FDEM,,,,Central Florida,Southwest District,Southwest,1,50,12,Not Affected,Not Affected,Not Affected,Not Affected,Not Affected,Not Affected,Not Affected,Not Affected,Not Affected,Not Affected,Not Affected,Not Affected,Not Affected,Not Affected,Not Affected,Not Affected,Not Affected,Not Affected,Low,Low,Low,596547.9528,455902.4411
1545,1529,Ridgeview Global Studies Academy,1000 Dunson Rd,Davenport,33896,Polk,-81.64692701,28.24615401,"-81.64692701, 28.24615401",17R MM 36536 24640,SHELTER,RISK,6,2007,7 Classroom,A, ,0,0,0,0,0,0,223,4466,376,L,No,No,No,No,Yes, , , , ,,,SHELTER,,Risk Shelter Inventory,Critical Community and Emergency Facilities,Regionally Significant,RSI_PT_1545,,Southwest Florida Water Management District,FDEM,Risk Shelter Inventory - General - FDEM,,,,Central Florida,Southwest District,Southwest,1,51,12,Not Affected,Not Affected,Not Affected,Not Affected,Not Affected,Not Affected,Not Affected,Not Affected,Not Affected,Not Affected,Not Affected,Not Affected,Not Affected,Not Affected,Not Affected,Not Affected,Not Affected,Not Affected,Not Affected,Not Affected,Not Affected,630425.2673,473331.164
1546,1530,Sleepy Hill ES,2285 Sleepy Hill Rd,Lakeland,33810,Polk,-81.99570404,28.094632,"-81.99570404, 28.09463200",17R MM 02182 08085,SHELTER,RISK,6,2006,4 2nd Floor,A, ,0,0,340,6795,0,0,352,7048,585,L,No,No,No,Yes,Yes, , , , ,,,SHELTER,,Risk Shelter Inventory,Critical Community and Emergency Facilities,Regionally Significant,RSI_PT_1532,Lakeland,Southwest Florida Water Management District,FDEM,Risk Shelter Inventory - General - FDEM,,,,Central Florida,Southwest District,Southwest,1,50,12,Not Affected,Not Affected,Not Affected,Not Affected,Not Affected,Not Affected,Not Affected,Not Affected,Not Affected,Not Affected,Not Affected,Not Affected,Not Affected,Not Affected,Not Affected,Not Affected,Not Affected,Not Affected,Low,Low,Low,596547.9528,455902.4411
1547,1531,Lake Region HS,1995 Thunder Rd,Eagle Lake,33839,Polk,-81.74941497,27.980223,"-81.74941497, 27.98022300",17R ML 26300 95237,SHELTER,RISK,6,1994,1 Admin/Classrooms,R, ,0,0,852,17033,840,16801,840,16801,0,"S, F",No,No,No,Yes,Yes, , , , ,,,SHELTER,,Risk Shelter Inventory,Critical Community and Emergency Facilities,Regionally Significant,RSI_PT_1537,Eagle Lake,Southwest Florida Water Management District,FDEM,Risk Shelter Inventory - General - FDEM,,,,Central Florida,Southwest District,Southwest,1,49,27,Not Affected,Not Affected,Not Affected,Not Affected,Not Affected,Not Affected,Not Affected,Not Affected,Not Affected,Not Affected,Not Affected,Not Affected,Not Affected,Not Affected,Not Affected,Not Affected,Not Affected,Not Affected,Not Affected,Not Affected,Not Affected,620929.2233,443615.4522
1548,1532,Sandhill ES,1801 Tyner Rd,Haines City,33844,Polk,-81.56105902,28.042615,"-81.56105902, 28.04261500",17R MM 44856 02050,SHELTER,RISK,6,2003,6 Classroom,A, ,0,0,285,5703,0,0,302,6031,501,L,No,No,No,Yes,Yes, , , , ,,,SHELTER,,Risk Shelter Inventory,Critical Community and Emergency Facilities,Regionally Significant,RSI_PT_1548,,Southwest Florida Water Management District,FDEM,Risk Shelter Inventory - General - FDEM,,,,Central Florida,Southwest District,Southwest,1,48,12,Not Affected,Not Affected,Not Affected,Not Affected,Not Affected,Not Affected,Not Affected,Not Affected,Not Affected,Not Affected,Not Affected,Not Affected,Not Affected,Not Affected,Not Affected,Low,Medium,Low,Low,Low,Low,639279.8787,450894.6486
1549,1533,Phillip O'Brien ES,1225 E Lime St,Lakeland,33801,Polk,-81.94019698,28.03963301,"-81.94019698, 28.03963301",17R MM 07588 01949,SHELTER,RISK,6,2005,10 Classrooms,A, ,0,0,315,6303,0,0,315,6303,0,L,No,No,No,Yes,Yes, , , , ,,,SHELTER,,Risk Shelter Inventory,Critical Community and Emergency Facilities,Regionally Significant,RSI_PT_1549,Lakeland,Southwest Florida Water Management District,FDEM,Risk Shelter Inventory - General - FDEM,,,,Central Florida,Southwest District,Southwest,1,50,12,Not Affected,Not Affected,Not Affected,Not Affected,Not Affected,Not Affected,Not Affected,Not Affected,Not Affected,Not Affected,Not Affected,Not Affected,Not Affected,Not Affected,Not Affected,Not Affected,Not Affected,Not Affected,Not Affected,Low,Low,602092.6815,449885.022
1550,1534,Highlands Grove ES,4510 Lakeland Highlands Rd,Lakeland,33813,Polk,-81.92238099,27.98268502,"-81.92238099, 27.98268502",17R ML 09292 95626,SHELTER,RISK,6,2005,5 Cafeteria,A, ,0,0,249,4981,0,0,253,5061,435,L,No,No,No,Yes,Yes, , , , ,,,SHELTER,,Risk Shelter Inventory,Critical Community and Emergency Facilities,Regionally Significant,RSI_PT_1536,,Southwest Florida Water Management District,FDEM,Risk Shelter Inventory - General - FDEM,,,,Central Florida,Southwest District,Southwest,1,49,27,Not Affected,Not Affected,Not Affected,Not Affected,Not Affected,Not Affected,Not Affected,Not Affected,Not Affected,Not Affected,Not Affected,Not Affected,Not Affected,Not Affected,Not Affected,Not Affected,Not Affected,Not Affected,Low,Medium,Medium,603947.0392,443590.8551
1551,1535,R.B. Wagner ES,5500 Yates Rd,Lakeland,33811,Polk,-82.01048896,27.96641801,"-82.01048896, 27.96641801",17R ML 00612 93893,SHELTER,RISK,6,2007,7 Classroom,A, ,0,0,180,3602,0,0,211,4218,376,L,No,No,No,Yes,Yes, , , , ,,,SHELTER,,Risk Shelter Inventory,Critical Community and Emergency Facilities,Regionally Significant,RSI_PT_1525,,Southwest Florida Water Management District,FDEM,Risk Shelter Inventory - General - FDEM,,,,Central Florida,Southwest District,Southwest,1,50,27,Not Affected,Not Affected,Not Affected,Not Affected,Not Affected,Not Affected,Not Affected,Not Affected,Not Affected,Not Affected,Not Affected,Not Affected,Not Affected,Not Affected,Not Affected,Not Affected,Not Affected,Not Affected,Not Affected,Not Affected,Not Affected,595327.9354,441641.9247
1552,1536,Lake Gibson HS,7007 N Socrum Loop Rd,Lakeland,33809,Polk,-81.95532497,28.13439701,"-81.95532497, 28.13439701",17R MM 06184 12459,SHELTER,RISK,6,2005,14 1st Floor,A, ,0,0,315,6300,0,0,315,6300,417,L,No,No,No,Yes,Yes, , , , ,,,SHELTER,,Risk Shelter Inventory,Critical Community and Emergency Facilities,Regionally Significant,RSI_PT_1552,,Southwest Florida Water Management District,FDEM,Risk Shelter Inventory - General - FDEM,,,,Central Florida,Southwest District,Southwest,1,50,12,Not Affected,Not Affected,Not Affected,Not Affected,Not Affected,Not Affected,Not Affected,Not Affected,Not Affected,Not Affected,Not Affected,Not Affected,Not Affected,Not Affected,Not Affected,Not Affected,Not Affected,Not Affected,Not Affected,Not Affected,Not Affected,600434.0785,460382.9968
1553,1537,Highlands Grove ES,4510 Lakeland Highlands Rd,Lakeland,33813,Polk,-81.92238099,27.98268502,"-81.92238099, 27.98268502",17R ML 09292 95626,SHELTER,RISK,6,2005,4 1st Floor,A, ,0,0,357,7149,0,0,367,7344,582,L,No,No,No,Yes,Yes, , , , ,,,SHELTER,,Risk Shelter Inventory,Critical Community and Emergency Facilities,Regionally Significant,RSI_PT_1536,,Southwest Florida Water Management District,FDEM,Risk Shelter Inventory - General - FDEM,,,,Central Florida,Southwest District,Southwest,1,49,27,Not Affected,Not Affected,Not Affected,Not Affected,Not Affected,Not Affected,Not Affected,Not Affected,Not Affected,Not Affected,Not Affected,Not Affected,Not Affected,Not Affected,Not Affected,Not Affected,Not Affected,Not Affected,Low,Medium,Medium,603947.0392,443590.8551
1554,1538,Tenoroc Senior HS,4905 Saddle Creek Rd,Lakeland,33801,Polk,-81.85990002,28.07233999,"-81.85990002, 28.07233999",17R MM 15507 05514,SHELTER,RISK,6,2006,3 1st Floor,A, ,0,0,512,10245,0,0,534,10680,742,L,No,No,No,Yes,Yes, , , , ,,,SHELTER,,Risk Shelter Inventory,Critical Community and Emergency Facilities,Regionally Significant,RSI_PT_1540,,Southwest Florida Water Management District,FDEM,Risk Shelter Inventory - General - FDEM,,,,Central Florida,Southwest District,Southwest,1,49,12,Not Affected,Not Affected,Not Affected,Not Affected,Not Affected,Not Affected,Not Affected,Not Affected,Not Affected,Not Affected,Not Affected,Not Affected,Not Affected,Not Affected,Not Affected,Not Affected,Not Affected,Not Affected,Not Affected,Not Affected,Not Affected,609907.0157,453650.9373
1555,1539,Lake Gibson MS,6901 N Socrum Loop Rd,Lakeland,33809,Polk,-81.95639321,28.12941792,"-81.95639321, 28.12941792",17R MM 06075 11908,SHELTER,RISK,6,1976,1 Multipurpose, , ,0,0,0,0,0,0,2371,47421,0, ,No,No,No,No,Yes, , , , ,,,SHELTER,,Risk Shelter Inventory,Critical Community and Emergency Facilities,Regionally Significant,RSI_PT_1555,,Southwest Florida Water Management District,FDEM,Risk Shelter Inventory - General - FDEM,,,,Central Florida,Southwest District,Southwest,1,50,12,Not Affected,Not Affected,Not Affected,Not Affected,Not Affected,Not Affected,Not Affected,Not Affected,Not Affected,Not Affected,Not Affected,Not Affected,Not Affected,Not Affected,Not Affected,Not Affected,Not Affected,Not Affected,Not Affected,Not Affected,Not Affected,600338.535,459828.3768
1556,1540,Chain of Lakes ES,7001 CR 653,Winter Haven,33884,Polk,-81.67715602,27.95657155,"-81.67715602, 27.95657155",17R ML 33392 92576,SHELTER,RISK,6,2004,5 Cafeteria,A, ,0,0,242,4840,0,0,233,4660,327,L,No,No,No,Yes,Yes, , , , ,,,SHELTER,,Risk Shelter Inventory,Critical Community and Emergency Facilities,Regionally Significant,RSI_PT_1556,Winter Haven,Southwest Florida Water Management District,FDEM,Risk Shelter Inventory - General - FDEM,,,,Central Florida,Southwest District,Southwest,1,48,12,Not Affected,Not Affected,Not Affected,Not Affected,Not Affected,Not Affected,Not Affected,Not Affected,Not Affected,Not Affected,Not Affected,Not Affected,Not Affected,Not Affected,Not Affected,Low,Low,Low,Low,Low,Low,628071.1888,441120.8412
1557,1541,Jere L Stambaugh MS,226 N Main St,Auburndale,33823,Polk,-81.78848373,28.07025308,"-81.78848373, 28.07025308",17R MM 22523 05235,SHELTER,RISK,6,1983,1 Admin / Classroom,R, ,0,0,1353,27060,1470,29406,1470,29406,0,"S, F",No,No,No,Yes,Yes, , , , ,,,SHELTER,,Risk Shelter Inventory,Critical Community and Emergency Facilities,Regionally Significant,RSI_PT_1534,Auburndale,Southwest Florida Water Management District,FDEM,Risk Shelter Inventory - General - FDEM,,,,Central Florida,Southwest District,Southwest,1,51,12,Not Affected,Not Affected,Not Affected,Not Affected,Not Affected,Not Affected,Not Affected,Not Affected,Not Affected,Not Affected,Not Affected,Not Affected,Not Affected,Not Affected,Not Affected,Not Affected,Not Affected,Not Affected,Not Affected,Not Affected,Not Affected,616915.143,453542.8037
1558,1542,Combee ES,2805 Morgan Combee Rd,Lakeland,33801,Polk,-81.90244899,28.06181098,"-81.90244899, 28.06181098",17R MM 11317 04378,SHELTER,RISK,6,2006,17 Classrooms,A, ,0,0,269,5371,0,0,302,6048,342,L,No,No,No,Yes,Yes, , , , ,,,SHELTER,,Risk Shelter Inventory,Critical Community and Emergency Facilities,Regionally Significant,RSI_PT_1558,,Southwest Florida Water Management District,FDEM,Risk Shelter Inventory - General - FDEM,,,,Central Florida,Southwest District,Southwest,1,49,12,Not Affected,Not Affected,Not Affected,Not Affected,Not Affected,Not Affected,Not Affected,Not Affected,Not Affected,Not Affected,Not Affected,Not Affected,Not Affected,Not Affected,Not Affected,Not Affected,Not Affected,Not Affected,Not Affected,Not Affected,Not Affected,605753.9885,452410.0892
1559,1543,Bartow Senior HS,1270 S Broadway Ave,Bartow,33830,Polk,-81.84244202,27.883911,"-81.84244202, 27.88391100",17R ML 17078 84627,SHELTER,RISK,6,2004,23 Cafeteria,A, ,0,0,327,6536,0,0,276,5518,495,L,No,No,No,Yes,Yes, , , , ,,,SHELTER,,Risk Shelter Inventory,Critical Community and Emergency Facilities,Regionally Significant,RSI_PT_1559,Bartow,Southwest Florida Water Management District,FDEM,Risk Shelter Inventory - General - FDEM,,,,Central Florida,Southwest District,Southwest,1,49,27,Not Affected,Not Affected,Not Affected,Not Affected,Not Affected,Not Affected,Not Affected,Not Affected,Not Affected,Not Affected,Not Affected,Not Affected,Not Affected,Not Affected,Not Affected,Medium,Medium,Medium,Medium,Medium,Medium,611985.2819,432757.9712
1560,1544,Charles R Richardson Center,751 Scenic Hwy,Haines City,33844,Polk,-81.62570498,28.08457204,"-81.62570498, 28.08457204",17R MM 38526 06728,SHELTER,RISK,6,1995,Bartow Adult Day Care Center,A,80 kW,0,0,0,0,0,0,180,3618,0, ,No,No,No,No,Yes, , , , ,,,SHELTER,,Risk Shelter Inventory,Critical Community and Emergency Facilities,Regionally Significant,RSI_PT_1560,Haines City,Southwest Florida Water Management District,FDEM,Risk Shelter Inventory - General - FDEM,,,,Central Florida,Southwest District,Southwest,1,51,12,Not Affected,Not Affected,Not Affected,Not Affected,Not Affected,Not Affected,Not Affected,Not Affected,Not Affected,Not Affected,Not Affected,Not Affected,Not Affected,Not Affected,Not Affected,Not Affected,Not Affected,Not Affected,Not Affected,Low,Low,632848.6704,455429.5881
1561,1545,Palmetto ES,315 Palmetto St,Poinciana,34759,Polk,-81.460387,28.11332201,"-81.46038700, 28.11332201",17R MM 54780 09841,SHELTER,RISK,6,2007,5 Classrooms,A, ,0,0,523,10465,0,0,518,10363,797,L,No,No,No,Yes,Yes, , , , ,,,SHELTER,,Risk Shelter Inventory,Critical Community and Emergency Facilities,Regionally Significant,RSI_PT_1561,,South Florida Water Management District,FDEM,Risk Shelter Inventory - General - FDEM,,,,Central Florida,Southwest District,Southwest,1,48,12,Not Affected,Not Affected,Not Affected,Not Affected,Not Affected,Not Affected,Not Affected,Not Affected,Not Affected,Not Affected,Not Affected,Not Affected,Not Affected,Not Affected,Not Affected,Not Affected,Not Affected,Not Affected,Not Affected,Not Affected,Not Affected,648993.5446,458944.8018
1562,1546,Highlands Grove ES,4510 Lakeland Highlands Rd,Lakeland,33813,Polk,-81.92238099,27.98268502,"-81.92238099, 27.98268502",17R ML 09292 95626,SHELTER,RISK,6,2005,4 2nd Floor,A, ,0,0,355,7105,0,0,355,7105,585,L,No,No,No,Yes,Yes, , , , ,,,SHELTER,,Risk Shelter Inventory,Critical Community and Emergency Facilities,Regionally Significant,RSI_PT_1536,,Southwest Florida Water Management District,FDEM,Risk Shelter Inventory - General - FDEM,,,,Central Florida,Southwest District,Southwest,1,49,27,Not Affected,Not Affected,Not Affected,Not Affected,Not Affected,Not Affected,Not Affected,Not Affected,Not Affected,Not Affected,Not Affected,Not Affected,Not Affected,Not Affected,Not Affected,Not Affected,Not Affected,Not Affected,Low,Medium,Medium,603947.0392,443590.8551
1563,1547,Jewett School of the Arts,2250 8th St NE,Winter Haven,33881,Polk,-81.717293,28.04679698,"-81.71729300, 28.04679698",17R MM 29503 02593,SHELTER,RISK,6,2001,7 Multipurpose,A, ,0,0,265,5299,0,0,417,8345,590,L,No,No,No,Yes,Yes, , , , ,,,SHELTER,,Risk Shelter Inventory,Critical Community and Emergency Facilities,Regionally Significant,RSI_PT_1529,Winter Haven,Southwest Florida Water Management District,FDEM,Risk Shelter Inventory - General - FDEM,,,,Central Florida,Southwest District,Southwest,1,48,12,Not Affected,Not Affected,Not Affected,Not Affected,Not Affected,Not Affected,Not Affected,Not Affected,Not Affected,Not Affected,Not Affected,Not Affected,Not Affected,Not Affected,Not Affected,Medium,Medium,Medium,Medium,Medium,Medium,623945.2727,451065.5541
1564,1548,Lakeland Highlands MS,740 Lake Miriam Dr,Lakeland,33813,Polk,-81.95141397,27.97581098,"-81.95141397, 27.97581098",17R ML 06431 94887,SHELTER,RISK,6,2005,3 Classrooms,A, ,0,0,420,8400,0,0,420,8400,557,L,No,No,No,Yes,Yes, , , , ,,,SHELTER,,Risk Shelter Inventory,Critical Community and Emergency Facilities,Regionally Significant,RSI_PT_1564,Lakeland,Southwest Florida Water Management District,FDEM,Risk Shelter Inventory - General - FDEM,,,,Central Florida,Southwest District,Southwest,1,50,27,Not Affected,Not Affected,Not Affected,Not Affected,Not Affected,Not Affected,Not Affected,Not Affected,Not Affected,Not Affected,Not Affected,Not Affected,Not Affected,Not Affected,Not Affected,Low,Low,Low,Low,Low,Low,601109.9958,442779.881
1565,1549,Dr N E Roberts ES,6600 Green Rd,Lakeland,33810,Polk,-81.98749798,28.12635302,"-81.98749798, 28.12635302",17R MM 03017 11593,SHELTER,RISK,6,2007,7 Classrooms,A, ,0,0,206,4124,0,0,204,4085,0,L,No,No,No,Yes,Yes, , , , ,,,SHELTER,,Risk Shelter Inventory,Critical Community and Emergency Facilities,Regionally Significant,RSI_PT_1533,,Southwest Florida Water Management District,FDEM,Risk Shelter Inventory - General - FDEM,,,,Central Florida,Southwest District,Southwest,1,50,12,Not Affected,Not Affected,Not Affected,Not Affected,Not Affected,Not Affected,Not Affected,Not Affected,Not Affected,Not Affected,Not Affected,Not Affected,Not Affected,Not Affected,Not Affected,Not Affected,Not Affected,Not Affected,Not Affected,Low,Low,597295.1042,459437.8971
1566,1550,Auburndale HS,1 Bloodhound Tr,Auburndale,33823,Polk,-81.78466004,28.07437701,"-81.78466004, 28.07437701",17R MM 22901 05689,SHELTER,RISK,6,2010,35 Cafeteria,A, ,0,0,0,0,0,0,294,5888,0, ,No,No,No,No,Yes, , , , ,,,SHELTER,,Risk Shelter Inventory,Critical Community and Emergency Facilities,Regionally Significant,RSI_PT_1566,Auburndale,Southwest Florida Water Management District,FDEM,Risk Shelter Inventory - General - FDEM,,,,Central Florida,Southwest District,Southwest,1,51,12,Not Affected,Not Affected,Not Affected,Not Affected,Not Affected,Not Affected,Not Affected,Not Affected,Not Affected,Not Affected,Not Affected,Not Affected,Not Affected,Not Affected,Not Affected,Not Affected,Not Affected,Not Affected,Not Affected,Not Affected,Not Affected,617281.9205,454007.4487
1567,1551,Chain of Lakes ES,7001 CR 653,Winter Haven,33884,Polk,-81.67715602,27.95657155,"-81.67715602, 27.95657155",17R ML 33392 92576,SHELTER,RISK,6,2004,3 1st Floor,A, ,0,0,371,7421,0,0,324,6477,521,L,No,No,No,Yes,Yes, , , , ,,,SHELTER,,Risk Shelter Inventory,Critical Community and Emergency Facilities,Regionally Significant,RSI_PT_1556,Winter Haven,Southwest Florida Water Management District,FDEM,Risk Shelter Inventory - General - FDEM,,,,Central Florida,Southwest District,Southwest,1,48,12,Not Affected,Not Affected,Not Affected,Not Affected,Not Affected,Not Affected,Not Affected,Not Affected,Not Affected,Not Affected,Not Affected,Not Affected,Not Affected,Not Affected,Not Affected,Low,Low,Low,Low,Low,Low,628071.1888,441120.8412
1568,1552,Jewett School of the Arts,2250 8th St NE,Winter Haven,33881,Polk,-81.717293,28.04679698,"-81.71729300, 28.04679698",17R MM 29503 02593,SHELTER,RISK,6,2006,9 Classroom,A, ,0,0,335,6707,0,0,270,5400,417,L,No,No,No,Yes,Yes, , , , ,,,SHELTER,,Risk Shelter Inventory,Critical Community and Emergency Facilities,Regionally Significant,RSI_PT_1529,Winter Haven,Southwest Florida Water Management District,FDEM,Risk Shelter Inventory - General - FDEM,,,,Central Florida,Southwest District,Southwest,1,48,12,Not Affected,Not Affected,Not Affected,Not Affected,Not Affected,Not Affected,Not Affected,Not Affected,Not Affected,Not Affected,Not Affected,Not Affected,Not Affected,Not Affected,Not Affected,Medium,Medium,Medium,Medium,Medium,Medium,623945.2727,451065.5541
1569,1553,R.B. Wagner ES,5500 Yates Rd,Lakeland,33811,Polk,-82.01048896,27.96641801,"-82.01048896, 27.96641801",17R ML 00612 93893,SHELTER,RISK,6,2001,6 Classroom,A, ,0,0,244,4875,0,0,261,5219,487,L,No,No,No,Yes,Yes, , , , ,,,SHELTER,,Risk Shelter Inventory,Critical Community and Emergency Facilities,Regionally Significant,RSI_PT_1525,,Southwest Florida Water Management District,FDEM,Risk Shelter Inventory - General - FDEM,,,,Central Florida,Southwest District,Southwest,1,50,27,Not Affected,Not Affected,Not Affected,Not Affected,Not Affected,Not Affected,Not Affected,Not Affected,Not Affected,Not Affected,Not Affected,Not Affected,Not Affected,Not Affected,Not Affected,Not Affected,Not Affected,Not Affected,Not Affected,Not Affected,Not Affected,595327.9354,441641.9247
1570,1554,Lake Marion Creek School,3055 Lake Marion Creek Rd,Poinciana,34759,Polk,-81.51146297,28.066782,"-81.51146297, 28.06678200",17R MM 49742 04705,SHELTER,RISK,6,2006,6 Cafeteria,A, ,0,0,243,4845,0,0,235,4690,442,L,No,No,No,Yes,Yes, , , , ,,,SHELTER,,Risk Shelter Inventory,Critical Community and Emergency Facilities,Regionally Significant,RSI_PT_1523,,South Florida Water Management District,FDEM,Risk Shelter Inventory - General - FDEM,,,,Central Florida,Southwest District,Southwest,1,48,12,Not Affected,Not Affected,Not Affected,Not Affected,Not Affected,Not Affected,Not Affected,Not Affected,Not Affected,Not Affected,Not Affected,Not Affected,Not Affected,Not Affected,Not Affected,Not Affected,Not Affected,Not Affected,Not Affected,Not Affected,Not Affected,644090.8415,453675.2044
1571,1555,James E Stephens ES,1350 N Maple Ave,Bartow,33830,Polk,-81.85616697,27.909754,"-81.85616697, 27.90975400",17R ML 15747 87500,SHELTER,RISK,6,2006,5 Classrooms,A, ,0,0,238,4763,0,0,257,5141,0,L,No,No,No,Yes,Yes, , , , ,,,SHELTER,,Risk Shelter Inventory,Critical Community and Emergency Facilities,Regionally Significant,RSI_PT_1571,Bartow,Southwest Florida Water Management District,FDEM,Risk Shelter Inventory - General - FDEM,,,,Central Florida,Southwest District,Southwest,1,49,27,Not Affected,Not Affected,Not Affected,Not Affected,Not Affected,Not Affected,Not Affected,Not Affected,Not Affected,Not Affected,Not Affected,Not Affected,Not Affected,Not Affected,Not Affected,Low,Low,Low,Low,Low,Low,610587.0167,435603.9923
1572,1556,Haines City HS,2800 Hornet Dr,Haines City,33844,Polk,-81.60840504,28.09841002,"-81.60840504, 28.09841002",17R MM 40233 08253,SHELTER,RISK,6,2008,20 Classroom,A, ,0,0,3302,66042,0,0,1524,30484,3300,L,No,No,No,Yes,Yes, , , , ,,,SHELTER,,Risk Shelter Inventory,Critical Community and Emergency Facilities,Regionally Significant,RSI_PT_1572,,Southwest Florida Water Management District,FDEM,Risk Shelter Inventory - General - FDEM,,,,Central Florida,Southwest District,Southwest,1,51,12,Not Affected,Not Affected,Not Affected,Not Affected,Not Affected,Not Affected,Not Affected,Not Affected,Not Affected,Not Affected,Not Affected,Not Affected,Not Affected,Not Affected,Not Affected,High,Medium,High,High,High,High,634515.2721,456998.8772
1573,1557,Sandhill ES,1801 Tyner Rd,Haines City,33844,Polk,-81.56105902,28.042615,"-81.56105902, 28.04261500",17R MM 44856 02050,SHELTER,RISK,6,2007,7 Classroom,A, ,0,0,179,3577,0,0,215,4290,376,L,No,No,No,Yes,Yes, , , , ,,,SHELTER,,Risk Shelter Inventory,Critical Community and Emergency Facilities,Regionally Significant,RSI_PT_1548,,Southwest Florida Water Management District,FDEM,Risk Shelter Inventory - General - FDEM,,,,Central Florida,Southwest District,Southwest,1,48,12,Not Affected,Not Affected,Not Affected,Not Affected,Not Affected,Not Affected,Not Affected,Not Affected,Not Affected,Not Affected,Not Affected,Not Affected,Not Affected,Not Affected,Not Affected,Low,Medium,Low,Low,Low,Low,639279.8787,450894.6486
1574,1558,Phillip O'Brien ES,1225 E Lime St,Lakeland,33801,Polk,-81.94019698,28.03963301,"-81.94019698, 28.03963301",17R MM 07588 01949,SHELTER,RISK,6,2005,9 Classrooms,A, ,0,0,298,5960,0,0,298,5960,0,L,No,No,No,Yes,Yes, ,Yes, , ,,,SHELTER,,Risk Shelter Inventory,Critical Community and Emergency Facilities,Regionally Significant,RSI_PT_1549,Lakeland,Southwest Florida Water Management District,FDEM,Risk Shelter Inventory - General - FDEM,,,,Central Florida,Southwest District,Southwest,1,50,12,Not Affected,Not Affected,Not Affected,Not Affected,Not Affected,Not Affected,Not Affected,Not Affected,Not Affected,Not Affected,Not Affected,Not Affected,Not Affected,Not Affected,Not Affected,Not Affected,Not Affected,Not Affected,Not Affected,Low,Low,602092.6815,449885.022
1575,1559,Ridgeview Global Studies Academy,1000 Dunson Rd,Davenport,33896,Polk,-81.64692701,28.24615401,"-81.64692701, 28.24615401",17R MM 36536 24640,SHELTER,RISK,6,1999,2 Cafeteria,A, ,0,0,0,0,0,0,248,4962,374,"L, S",No,No,No,No,Yes, , , , ,,,SHELTER,,Risk Shelter Inventory,Critical Community and Emergency Facilities,Regionally Significant,RSI_PT_1545,,Southwest Florida Water Management District,FDEM,Risk Shelter Inventory - General - FDEM,,,,Central Florida,Southwest District,Southwest,1,51,12,Not Affected,Not Affected,Not Affected,Not Affected,Not Affected,Not Affected,Not Affected,Not Affected,Not Affected,Not Affected,Not Affected,Not Affected,Not Affected,Not Affected,Not Affected,Not Affected,Not Affected,Not Affected,Not Affected,Not Affected,Not Affected,630425.2673,473331.164
1576,1560,Tenoroc Senior HS,4905 Saddle Creek Rd,Lakeland,33801,Polk,-81.85990002,28.07233999,"-81.85990002, 28.07233999",17R MM 15507 05514,SHELTER,RISK,6,2006,2 2nd Floor,A, ,0,0,681,13623,0,0,686,13724,870,L,No,No,No,Yes,Yes, , , , ,,,SHELTER,,Risk Shelter Inventory,Critical Community and Emergency Facilities,Regionally Significant,RSI_PT_1540,,Southwest Florida Water Management District,FDEM,Risk Shelter Inventory - General - FDEM,,,,Central Florida,Southwest District,Southwest,1,49,12,Not Affected,Not Affected,Not Affected,Not Affected,Not Affected,Not Affected,Not Affected,Not Affected,Not Affected,Not Affected,Not Affected,Not Affected,Not Affected,Not Affected,Not Affected,Not Affected,Not Affected,Not Affected,Not Affected,Not Affected,Not Affected,609907.0157,453650.9373
1577,1561,Shelley S Boone MS,225 S 22nd St,Haines City,33844,Polk,-81.61277897,28.10179199,"-81.61277897, 28.10179199",17R MM 39806 08630,SHELTER,RISK,6,2010,19 Cafeteria, , ,0,0,0,0,0,0,333,6654,0, ,No,No,No,No,Yes, , , , ,,,SHELTER,,Risk Shelter Inventory,Critical Community and Emergency Facilities,Regionally Significant,RSI_PT_1577,Haines City,Southwest Florida Water Management District,FDEM,Risk Shelter Inventory - General - FDEM,,,,Central Florida,Southwest District,Southwest,1,51,12,Not Affected,Not Affected,Not Affected,Not Affected,Not Affected,Not Affected,Not Affected,Not Affected,Not Affected,Not Affected,Not Affected,Not Affected,Not Affected,Not Affected,Not Affected,Not Affected,Low,Low,Low,Low,Low,634079.156,457366.0853
1578,1562,Lake Region HS,1995 Thunder Rd,Eagle Lake,33839,Polk,-81.74941497,27.980223,"-81.74941497, 27.98022300",17R ML 26300 95237,SHELTER,RISK,6,1994,4 Classrooms,R, ,0,0,358,7168,659,13173,659,13173,0,"S, F",No,No,No,Yes,Yes, , , , ,,,SHELTER,,Risk Shelter Inventory,Critical Community and Emergency Facilities,Regionally Significant,RSI_PT_1537,Eagle Lake,Southwest Florida Water Management District,FDEM,Risk Shelter Inventory - General - FDEM,,,,Central Florida,Southwest District,Southwest,1,49,27,Not Affected,Not Affected,Not Affected,Not Affected,Not Affected,Not Affected,Not Affected,Not Affected,Not Affected,Not Affected,Not Affected,Not Affected,Not Affected,Not Affected,Not Affected,Not Affected,Not Affected,Not Affected,Not Affected,Not Affected,Not Affected,620929.2233,443615.4522
1579,1563,Purcell ES,305 1st Ave NE,Mulberry,33860,Polk,-81.97229397,27.897149,"-81.97229397, 27.89714900",17R ML 04308 86189,SHELTER,RISK,6,2005,3 Classroom,A, ,0,0,311,6211,0,0,317,6341,541,L,No,No,No,Yes,Yes, , , , ,,,SHELTER,,Risk Shelter Inventory,Critical Community and Emergency Facilities,Regionally Significant,RSI_PT_1579,Mulberry,Southwest Florida Water Management District,FDEM,Risk Shelter Inventory - General - FDEM,,,,Central Florida,Southwest District,Southwest,1,49,27,Not Affected,Not Affected,Not Affected,Not Affected,Not Affected,Not Affected,Not Affected,Not Affected,Not Affected,Not Affected,Not Affected,Not Affected,Not Affected,Not Affected,Not Affected,Not Affected,Not Affected,Not Affected,Not Affected,Not Affected,Not Affected,599204.0289,434011.3999
1580,1564,Lake Gibson HS,7007 N Socrum Loop Rd,Lakeland,33809,Polk,-81.95532497,28.13439701,"-81.95532497, 28.13439701",17R MM 06184 12459,SHELTER,RISK,6,2005,14 2nd Floor,A, ,0,0,283,5651,0,0,283,5651,417,L,No,No,No,Yes,Yes, , , , ,,,SHELTER,,Risk Shelter Inventory,Critical Community and Emergency Facilities,Regionally Significant,RSI_PT_1552,,Southwest Florida Water Management District,FDEM,Risk Shelter Inventory - General - FDEM,,,,Central Florida,Southwest District,Southwest,1,50,12,Not Affected,Not Affected,Not Affected,Not Affected,Not Affected,Not Affected,Not Affected,Not Affected,Not Affected,Not Affected,Not Affected,Not Affected,Not Affected,Not Affected,Not Affected,Not Affected,Not Affected,Not Affected,Not Affected,Not Affected,Not Affected,600434.0785,460382.9968
1581,1565,Ridge Community HS,500 Orchid Dr,Davenport,33837,Polk,-81.63157232,28.15030699,"-81.63157232, 28.15030699",17R MM 37987 14014,SHELTER,RISK,6,2004,3 2nd Floor,A, ,0,0,553,11062,0,0,602,12032,711,L,No,No,No,Yes,Yes, , , , ,,,SHELTER,,Risk Shelter Inventory,Critical Community and Emergency Facilities,Regionally Significant,RSI_PT_1528,Haines City,Southwest Florida Water Management District,FDEM,Risk Shelter Inventory - General - FDEM,,,,Central Florida,Southwest District,Southwest,1,51,12,Not Affected,Not Affected,Not Affected,Not Affected,Not Affected,Not Affected,Not Affected,Not Affected,Not Affected,Not Affected,Not Affected,Not Affected,Not Affected,Not Affected,Not Affected,Not Affected,Not Affected,Not Affected,Not Affected,Not Affected,Not Affected,632133.1242,462717.4586
1582,1566,Sandhill ES,1801 Tyner Rd,Haines City,33844,Polk,-81.56105902,28.042615,"-81.56105902, 28.04261500",17R MM 44856 02050,SHELTER,RISK,6,1999,2 Cafeteria,R, ,0,0,0,0,249,4979,249,4979,374,"L, S",No,No,No,No,Yes, , , , ,,,SHELTER,,Risk Shelter Inventory,Critical Community and Emergency Facilities,Regionally Significant,RSI_PT_1548,,Southwest Florida Water Management District,FDEM,Risk Shelter Inventory - General - FDEM,,,,Central Florida,Southwest District,Southwest,1,48,12,Not Affected,Not Affected,Not Affected,Not Affected,Not Affected,Not Affected,Not Affected,Not Affected,Not Affected,Not Affected,Not Affected,Not Affected,Not Affected,Not Affected,Not Affected,Low,Medium,Low,Low,Low,Low,639279.8787,450894.6486
1583,1567,Horizons ES,1700 Forest Lake Dr,Davenport,33837,Polk,-81.62941897,28.16642899,"-81.62941897, 28.16642899",17R MM 38208 15799,SHELTER,RISK,6,2007,4 1st Floor,A, ,0,0,356,7122,0,0,356,7122,582,L,No,No,No,Yes,Yes, , , , ,,,SHELTER,,Risk Shelter Inventory,Critical Community and Emergency Facilities,Regionally Significant,RSI_PT_1526,Davenport,Southwest Florida Water Management District,FDEM,Risk Shelter Inventory - General - FDEM,,,,Central Florida,Southwest District,Southwest,1,51,12,Not Affected,Not Affected,Not Affected,Not Affected,Not Affected,Not Affected,Not Affected,Not Affected,Not Affected,Not Affected,Not Affected,Not Affected,Not Affected,Not Affected,Not Affected,Not Affected,Not Affected,Not Affected,Not Affected,Not Affected,Not Affected,632309.7333,464511.6374
1584,1568,Rochelle School of the Arts,1501 MLK Jr Ave,Lakeland,33805,Polk,-81.96060699,28.064166,"-81.96060699, 28.06416600",17R MM 05604 04682,SHELTER,RISK,6,2005,15 2nd Floor,A, ,0,0,281,5617,0,0,303,6051,511,L,No,No,No,Yes,Yes, , , , ,,,SHELTER,,Risk Shelter Inventory,Critical Community and Emergency Facilities,Regionally Significant,RSI_PT_1584,Lakeland,Southwest Florida Water Management District,FDEM,Risk Shelter Inventory - General - FDEM,,,,Central Florida,Southwest District,Southwest,1,50,12,Not Affected,Not Affected,Not Affected,Not Affected,Not Affected,Not Affected,Not Affected,Not Affected,Not Affected,Not Affected,Not Affected,Not Affected,Not Affected,Not Affected,Not Affected,Not Affected,Not Affected,Not Affected,Not Affected,Not Affected,Not Affected,600045.3279,452575.8994
1585,1569,Palmetto ES,315 Palmetto St,Poinciana,34759,Polk,-81.460387,28.11332201,"-81.46038700, 28.11332201",17R MM 54780 09841,SHELTER,RISK,6,2007,4 Cafeteria,A, ,0,0,261,5227,0,0,250,4991,346,L,No,No,No,Yes,Yes, , , , ,,,SHELTER,,Risk Shelter Inventory,Critical Community and Emergency Facilities,Regionally Significant,RSI_PT_1561,,South Florida Water Management District,FDEM,Risk Shelter Inventory - General - FDEM,,,,Central Florida,Southwest District,Southwest,1,48,12,Not Affected,Not Affected,Not Affected,Not Affected,Not Affected,Not Affected,Not Affected,Not Affected,Not Affected,Not Affected,Not Affected,Not Affected,Not Affected,Not Affected,Not Affected,Not Affected,Not Affected,Not Affected,Not Affected,Not Affected,Not Affected,648993.5446,458944.8018
1586,1570,Chain of Lakes ES,7001 CR 653,Winter Haven,33884,Polk,-81.67715602,27.95657155,"-81.67715602, 27.95657155",17R ML 33392 92576,SHELTER,RISK,6,2004,4 1st Floor,A, ,0,0,336,6714,0,0,329,6582,522,L,No,No,No,Yes,Yes, , , , ,,,SHELTER,,Risk Shelter Inventory,Critical Community and Emergency Facilities,Regionally Significant,RSI_PT_1556,Winter Haven,Southwest Florida Water Management District,FDEM,Risk Shelter Inventory - General - FDEM,,,,Central Florida,Southwest District,Southwest,1,48,12,Not Affected,Not Affected,Not Affected,Not Affected,Not Affected,Not Affected,Not Affected,Not Affected,Not Affected,Not Affected,Not Affected,Not Affected,Not Affected,Not Affected,Not Affected,Low,Low,Low,Low,Low,Low,628071.1888,441120.8412
1587,1571,Tenoroc Senior HS,4905 Saddle Creek Rd,Lakeland,33801,Polk,-81.85990002,28.07233999,"-81.85990002, 28.07233999",17R MM 15507 05514,SHELTER,RISK,6,2006,2 1st Floor,A, ,0,0,762,15237,0,0,739,14775,962,L,No,No,No,Yes,Yes, , , , ,,,SHELTER,,Risk Shelter Inventory,Critical Community and Emergency Facilities,Regionally Significant,RSI_PT_1540,,Southwest Florida Water Management District,FDEM,Risk Shelter Inventory - General - FDEM,,,,Central Florida,Southwest District,Southwest,1,49,12,Not Affected,Not Affected,Not Affected,Not Affected,Not Affected,Not Affected,Not Affected,Not Affected,Not Affected,Not Affected,Not Affected,Not Affected,Not Affected,Not Affected,Not Affected,Not Affected,Not Affected,Not Affected,Not Affected,Not Affected,Not Affected,609907.0157,453650.9373
1588,1572,Ridge Community HS,500 Orchid Dr,Davenport,33837,Polk,-81.63157232,28.15030699,"-81.63157232, 28.15030699",17R MM 37987 14014,SHELTER,RISK,6,2004,3 1st Floor,A, ,0,0,535,10696,0,0,529,10572,888,L,No,No,No,Yes,Yes, , , , ,,,SHELTER,,Risk Shelter Inventory,Critical Community and Emergency Facilities,Regionally Significant,RSI_PT_1528,Haines City,Southwest Florida Water Management District,FDEM,Risk Shelter Inventory - General - FDEM,,,,Central Florida,Southwest District,Southwest,1,51,12,Not Affected,Not Affected,Not Affected,Not Affected,Not Affected,Not Affected,Not Affected,Not Affected,Not Affected,Not Affected,Not Affected,Not Affected,Not Affected,Not Affected,Not Affected,Not Affected,Not Affected,Not Affected,Not Affected,Not Affected,Not Affected,632133.1242,462717.4586
1589,1573,Lake Marion Creek School,3055 Lake Marion Creek Rd,Poinciana,34759,Polk,-81.51146297,28.066782,"-81.51146297, 28.06678200",17R MM 49742 04705,SHELTER,RISK,6,2006,3 1st Floor,A, ,0,0,431,8626,0,0,480,9592,802,L,No,No,No,Yes,Yes, , , , ,,,SHELTER,,Risk Shelter Inventory,Critical Community and Emergency Facilities,Regionally Significant,RSI_PT_1523,,South Florida Water Management District,FDEM,Risk Shelter Inventory - General - FDEM,,,,Central Florida,Southwest District,Southwest,1,48,12,Not Affected,Not Affected,Not Affected,Not Affected,Not Affected,Not Affected,Not Affected,Not Affected,Not Affected,Not Affected,Not Affected,Not Affected,Not Affected,Not Affected,Not Affected,Not Affected,Not Affected,Not Affected,Not Affected,Not Affected,Not Affected,644090.8415,453675.2044
1590,1574,Jere L Stambaugh MS,226 N Main St,Auburndale,33823,Polk,-81.78848373,28.07025308,"-81.78848373, 28.07025308",17R MM 22523 05235,SHELTER,RISK,6,1990,8 Classroom,R, ,0,0,726,14519,596,11919,596,11919,0,"S, F",No,No,No,Yes,Yes, , , , ,,,SHELTER,,Risk Shelter Inventory,Critical Community and Emergency Facilities,Regionally Significant,RSI_PT_1534,Auburndale,Southwest Florida Water Management District,FDEM,Risk Shelter Inventory - General - FDEM,,,,Central Florida,Southwest District,Southwest,1,51,12,Not Affected,Not Affected,Not Affected,Not Affected,Not Affected,Not Affected,Not Affected,Not Affected,Not Affected,Not Affected,Not Affected,Not Affected,Not Affected,Not Affected,Not Affected,Not Affected,Not Affected,Not Affected,Not Affected,Not Affected,Not Affected,616915.143,453542.8037
1591,1575,Ridgeview Global Studies Academy,1000 Dunson Rd,Davenport,33896,Polk,-81.64692701,28.24615401,"-81.64692701, 28.24615401",17R MM 36536 24640,SHELTER,RISK,6,2003,6 Classroom,A, ,0,0,236,4725,0,0,261,5229,501, ,No,No,No,Yes,Yes, , , , ,,,SHELTER,,Risk Shelter Inventory,Critical Community and Emergency Facilities,Regionally Significant,RSI_PT_1545,,Southwest Florida Water Management District,FDEM,Risk Shelter Inventory - General - FDEM,,,,Central Florida,Southwest District,Southwest,1,51,12,Not Affected,Not Affected,Not Affected,Not Affected,Not Affected,Not Affected,Not Affected,Not Affected,Not Affected,Not Affected,Not Affected,Not Affected,Not Affected,Not Affected,Not Affected,Not Affected,Not Affected,Not Affected,Not Affected,Not Affected,Not Affected,630425.2673,473331.164
1592,1576,Pinewood ES,1400 Gilbert St,Eagle Lake,33839,Polk,-81.74167101,27.98322599,"-81.74167101, 27.98322599",17R ML 27064 95565,SHELTER,RISK,6,2005,6 Classrooms,A, ,0,0,237,4746,0,0,244,4888,404,L,No,No,No,Yes,Yes, , , , ,,,SHELTER,,Risk Shelter Inventory,Critical Community and Emergency Facilities,Regionally Significant,RSI_PT_1592,Eagle Lake,Southwest Florida Water Management District,FDEM,Risk Shelter Inventory - General - FDEM,,,,Central Florida,Southwest District,Southwest,1,49,27,Not Affected,Not Affected,Not Affected,Not Affected,Not Affected,Not Affected,Not Affected,Not Affected,Not Affected,Not Affected,Not Affected,Not Affected,Not Affected,Not Affected,Not Affected,Low,Low,Low,Low,Low,Low,621683.2185,443962.7912
1593,1577,Lincoln Avenue Academy,1330 N Lincoln Ave,Lakeland,33805,Polk,-81.96636603,28.06137898,"-81.96636603, 28.06137898",17R MM 05035 04378,SHELTER,RISK,6,2005,9 Classroom,A, ,0,0,298,5955,0,0,348,6951,445,L,No,No,No,Yes,Yes, , , , ,,,SHELTER,,Risk Shelter Inventory,Critical Community and Emergency Facilities,Regionally Significant,RSI_PT_1593,Lakeland,Southwest Florida Water Management District,FDEM,Risk Shelter Inventory - General - FDEM,,,,Central Florida,Southwest District,Southwest,1,50,12,Not Affected,Not Affected,Not Affected,Not Affected,Not Affected,Not Affected,Not Affected,Not Affected,Not Affected,Not Affected,Not Affected,Not Affected,Not Affected,Not Affected,Not Affected,Not Affected,Not Affected,Not Affected,Not Affected,Not Affected,Not Affected,599485.5757,452257.0964
1594,1578,Haines City HS,2800 Hornet Dr,Haines City,33844,Polk,-81.60840504,28.09841002,"-81.60840504, 28.09841002",17R MM 40233 08253,SHELTER,RISK,6,2002,8 Cafeteria,A, ,0,0,322,6431,0,0,319,6384,559,L,No,No,No,Yes,Yes, , , , ,,,SHELTER,,Risk Shelter Inventory,Critical Community and Emergency Facilities,Regionally Significant,RSI_PT_1572,,Southwest Florida Water Management District,FDEM,Risk Shelter Inventory - General - FDEM,,,,Central Florida,Southwest District,Southwest,1,51,12,Not Affected,Not Affected,Not Affected,Not Affected,Not Affected,Not Affected,Not Affected,Not Affected,Not Affected,Not Affected,Not Affected,Not Affected,Not Affected,Not Affected,Not Affected,High,Medium,High,High,High,High,634515.2721,456998.8772
1595,1579,Horizons ES,1700 Forest Lake Dr,Davenport,33837,Polk,-81.62941897,28.16642899,"-81.62941897, 28.16642899",17R MM 38208 15799,SHELTER,RISK,6,2007,3 2nd Floor,A, ,0,0,428,8564,0,0,198,3962,585,L,No,No,No,Yes,Yes, , , , ,,,SHELTER,,Risk Shelter Inventory,Critical Community and Emergency Facilities,Regionally Significant,RSI_PT_1526,Davenport,Southwest Florida Water Management District,FDEM,Risk Shelter Inventory - General - FDEM,,,,Central Florida,Southwest District,Southwest,1,51,12,Not Affected,Not Affected,Not Affected,Not Affected,Not Affected,Not Affected,Not Affected,Not Affected,Not Affected,Not Affected,Not Affected,Not Affected,Not Affected,Not Affected,Not Affected,Not Affected,Not Affected,Not Affected,Not Affected,Not Affected,Not Affected,632309.7333,464511.6374
1596,1580,Dr N E Roberts ES,6600 Green Rd,Lakeland,33810,Polk,-81.98749798,28.12635302,"-81.98749798, 28.12635302",17R MM 03017 11593,SHELTER,RISK,6,2001,4 Classrooms,A, ,0,0,371,7427,0,0,391,7823,0,L,No,No,No,Yes,Yes, , , , ,,,SHELTER,,Risk Shelter Inventory,Critical Community and Emergency Facilities,Regionally Significant,RSI_PT_1533,,Southwest Florida Water Management District,FDEM,Risk Shelter Inventory - General - FDEM,,,,Central Florida,Southwest District,Southwest,1,50,12,Not Affected,Not Affected,Not Affected,Not Affected,Not Affected,Not Affected,Not Affected,Not Affected,Not Affected,Not Affected,Not Affected,Not Affected,Not Affected,Not Affected,Not Affected,Not Affected,Not Affected,Not Affected,Not Affected,Low,Low,597295.1042,459437.8971
1597,1581,Laurel ES,1851 Laurel Ave,Poinciana,34759,Polk,-81.4896007,28.07554405,"-81.48960070, 28.07554405",17R MM 51894 05667,SHELTER,RISK,6,2009,6 Classroom,A, ,0,0,432,8634,0,0,460,9204,832,L,No,No,No,Yes,Yes, , , , ,,,SHELTER,,Risk Shelter Inventory,Critical Community and Emergency Facilities,Regionally Significant,RSI_PT_1531,,South Florida Water Management District,FDEM,Risk Shelter Inventory - General - FDEM,,,,Central Florida,Southwest District,Southwest,1,48,12,Not Affected,Not Affected,Not Affected,Not Affected,Not Affected,Not Affected,Not Affected,Not Affected,Not Affected,Not Affected,Not Affected,Not Affected,Not Affected,Not Affected,Not Affected,Not Affected,Not Affected,Not Affected,Not Affected,Not Affected,Not Affected,646215.122,454691.5467
1598,1582,Horizons ES,1700 Forest Lake Dr,Davenport,33837,Polk,-81.62941897,28.16642899,"-81.62941897, 28.16642899",17R MM 38208 15799,SHELTER,RISK,6,2007,3 1st Floor,A, ,0,0,346,6924,0,0,367,7332,582,L,No,No,No,Yes,Yes, , , , ,,,SHELTER,,Risk Shelter Inventory,Critical Community and Emergency Facilities,Regionally Significant,RSI_PT_1526,Davenport,Southwest Florida Water Management District,FDEM,Risk Shelter Inventory - General - FDEM,,,,Central Florida,Southwest District,Southwest,1,51,12,Not Affected,Not Affected,Not Affected,Not Affected,Not Affected,Not Affected,Not Affected,Not Affected,Not Affected,Not Affected,Not Affected,Not Affected,Not Affected,Not Affected,Not Affected,Not Affected,Not Affected,Not Affected,Not Affected,Not Affected,Not Affected,632309.7333,464511.6374
1599,1583,Chain of Lakes ES,7001 CR 653,Winter Haven,33884,Polk,-81.67715602,27.95657155,"-81.67715602, 27.95657155",17R ML 33392 92576,SHELTER,RISK,6,2004,6 Multipurpose,A, ,0,0,33,654,0,0,33,654,0,L,No,No,No,Yes,Yes, , , , ,,,SHELTER,,Risk Shelter Inventory,Critical Community and Emergency Facilities,Regionally Significant,RSI_PT_1556,Winter Haven,Southwest Florida Water Management District,FDEM,Risk Shelter Inventory - General - FDEM,,,,Central Florida,Southwest District,Southwest,1,48,12,Not Affected,Not Affected,Not Affected,Not Affected,Not Affected,Not Affected,Not Affected,Not Affected,Not Affected,Not Affected,Not Affected,Not Affected,Not Affected,Not Affected,Not Affected,Low,Low,Low,Low,Low,Low,628071.1888,441120.8412
1600,1584,Tenoroc Senior HS,4905 Saddle Creek Rd,Lakeland,33801,Polk,-81.85990002,28.07233999,"-81.85990002, 28.07233999",17R MM 15507 05514,SHELTER,RISK,6,2006,3 2nd Floor,A, ,0,0,556,11125,0,0,658,13153,654,L,No,No,No,Yes,Yes, , , , ,,,SHELTER,,Risk Shelter Inventory,Critical Community and Emergency Facilities,Regionally Significant,RSI_PT_1540,,Southwest Florida Water Management District,FDEM,Risk Shelter Inventory - General - FDEM,,,,Central Florida,Southwest District,Southwest,1,49,12,Not Affected,Not Affected,Not Affected,Not Affected,Not Affected,Not Affected,Not Affected,Not Affected,Not Affected,Not Affected,Not Affected,Not Affected,Not Affected,Not Affected,Not Affected,Not Affected,Not Affected,Not Affected,Not Affected,Not Affected,Not Affected,609907.0157,453650.9373
1601,1585,Ridge Community HS,500 Orchid Dr,Davenport,33837,Polk,-81.63157232,28.15030699,"-81.63157232, 28.15030699",17R MM 37987 14014,SHELTER,RISK,6,2004,2 2nd Floor,A, ,0,0,580,11601,0,0,549,10987,868,L,No,No,No,Yes,Yes, , , , ,,,SHELTER,,Risk Shelter Inventory,Critical Community and Emergency Facilities,Regionally Significant,RSI_PT_1528,Haines City,Southwest Florida Water Management District,FDEM,Risk Shelter Inventory - General - FDEM,,,,Central Florida,Southwest District,Southwest,1,51,12,Not Affected,Not Affected,Not Affected,Not Affected,Not Affected,Not Affected,Not Affected,Not Affected,Not Affected,Not Affected,Not Affected,Not Affected,Not Affected,Not Affected,Not Affected,Not Affected,Not Affected,Not Affected,Not Affected,Not Affected,Not Affected,632133.1242,462717.4586
1602,1586,Tenoroc Senior HS,4905 Saddle Creek Rd,Lakeland,33801,Polk,-81.85990002,28.07233999,"-81.85990002, 28.07233999",17R MM 15507 05514,SHELTER,RISK,6,2006,5 Cafeteria,A, ,0,0,303,6056,0,0,309,6178,437,L,No,No,No,Yes,Yes, , , , ,,,SHELTER,,Risk Shelter Inventory,Critical Community and Emergency Facilities,Regionally Significant,RSI_PT_1540,,Southwest Florida Water Management District,FDEM,Risk Shelter Inventory - General - FDEM,,,,Central Florida,Southwest District,Southwest,1,49,12,Not Affected,Not Affected,Not Affected,Not Affected,Not Affected,Not Affected,Not Affected,Not Affected,Not Affected,Not Affected,Not Affected,Not Affected,Not Affected,Not Affected,Not Affected,Not Affected,Not Affected,Not Affected,Not Affected,Not Affected,Not Affected,609907.0157,453650.9373
1603,1587,Lake Region HS,1995 Thunder Rd,Eagle Lake,33839,Polk,-81.74941497,27.980223,"-81.74941497, 27.98022300",17R ML 26300 95237,SHELTER,RISK,6,1994,3 Library/Classroom,R, ,0,0,159,3172,567,11336,567,11336,0,"S, F",No,No,No,Yes,Yes, ,Yes, , ,,,SHELTER,,Risk Shelter Inventory,Critical Community and Emergency Facilities,Regionally Significant,RSI_PT_1537,Eagle Lake,Southwest Florida Water Management District,FDEM,Risk Shelter Inventory - General - FDEM,,,,Central Florida,Southwest District,Southwest,1,49,27,Not Affected,Not Affected,Not Affected,Not Affected,Not Affected,Not Affected,Not Affected,Not Affected,Not Affected,Not Affected,Not Affected,Not Affected,Not Affected,Not Affected,Not Affected,Not Affected,Not Affected,Not Affected,Not Affected,Not Affected,Not Affected,620929.2233,443615.4522
1604,1588,Scott Lake ES,1140 E County Rd 540A,Lakeland,33813,Polk,-81.94514398,27.95438298,"-81.94514398, 27.95438298",17R ML 07029 92508,SHELTER,RISK,6,2005,4 Classroom,A, ,0,0,310,6201,0,0,310,6201,432,L,No,No,No,Yes,Yes, , , , ,,,SHELTER,,Risk Shelter Inventory,Critical Community and Emergency Facilities,Regionally Significant,RSI_PT_1604,,Southwest Florida Water Management District,FDEM,Risk Shelter Inventory - General - FDEM,,,,Central Florida,Southwest District,Southwest,1,49,27,Not Affected,Not Affected,Not Affected,Not Affected,Not Affected,Not Affected,Not Affected,Not Affected,Not Affected,Not Affected,Not Affected,Not Affected,Not Affected,Not Affected,Not Affected,Not Affected,Not Affected,Not Affected,Not Affected,Not Affected,Not Affected,601765.1178,440410.7651
1605,1589,Lake Marion Creek School,3055 Lake Marion Creek Rd,Poinciana,34759,Polk,-81.51146297,28.066782,"-81.51146297, 28.06678200",17R MM 49742 04705,SHELTER,RISK,6,2006,2 Gym,A, ,0,0,435,8694,0,0,420,8390,512,L,No,No,No,Yes,Yes, , , , ,,,SHELTER,,Risk Shelter Inventory,Critical Community and Emergency Facilities,Regionally Significant,RSI_PT_1523,,South Florida Water Management District,FDEM,Risk Shelter Inventory - General - FDEM,,,,Central Florida,Southwest District,Southwest,1,48,12,Not Affected,Not Affected,Not Affected,Not Affected,Not Affected,Not Affected,Not Affected,Not Affected,Not Affected,Not Affected,Not Affected,Not Affected,Not Affected,Not Affected,Not Affected,Not Affected,Not Affected,Not Affected,Not Affected,Not Affected,Not Affected,644090.8415,453675.2044
1606,1590,Sleepy Hill ES,2285 Sleepy Hill Rd,Lakeland,33810,Polk,-81.99570404,28.094632,"-81.99570404, 28.09463200",17R MM 02182 08085,SHELTER,RISK,6,2006,4 1st Floor,A, ,0,0,346,6911,0,0,342,6840,582,L,No,No,No,Yes,Yes, , , , ,,,SHELTER,,Risk Shelter Inventory,Critical Community and Emergency Facilities,Regionally Significant,RSI_PT_1532,Lakeland,Southwest Florida Water Management District,FDEM,Risk Shelter Inventory - General - FDEM,,,,Central Florida,Southwest District,Southwest,1,50,12,Not Affected,Not Affected,Not Affected,Not Affected,Not Affected,Not Affected,Not Affected,Not Affected,Not Affected,Not Affected,Not Affected,Not Affected,Not Affected,Not Affected,Not Affected,Not Affected,Not Affected,Not Affected,Low,Low,Low,596547.9528,455902.4411
1607,1591,Karen Siegel Academy,935 Evanhouse Rd,Lake Alfred,33850,Polk,-81.726511,28.10701299,"-81.72651100, 28.10701299",17R MM 28637 09270,SHELTER,RISK,6,2003,7 Cafeteria,A, ,0,0,51,1018,0,0,59,1175,78,L,No,No,No,Yes,Yes, , , , ,,,SHELTER,,Risk Shelter Inventory,Critical Community and Emergency Facilities,Regionally Significant,RSI_PT_1607,Lake Alfred,Southwest Florida Water Management District,FDEM,Risk Shelter Inventory - General - FDEM,,,,Central Florida,Southwest District,Southwest,1,51,12,Not Affected,Not Affected,Not Affected,Not Affected,Not Affected,Not Affected,Not Affected,Not Affected,Not Affected,Not Affected,Not Affected,Not Affected,Not Affected,Not Affected,Not Affected,Not Affected,Not Affected,Not Affected,Not Affected,Not Affected,Not Affected,622917.7579,457735.0645
1608,1592,Southwest ES,2650 SWAve,Lakeland,33803,Polk,-81.9589621,28.0189772,"-81.95896210, 28.01897720",17R ML 05726 99675,SHELTER,RISK,6,2006,9 Classroom,A, ,0,0,289,5771,0,0,289,5771,425,L,No,No,No,Yes,Yes, , , , ,,,SHELTER,,Risk Shelter Inventory,Critical Community and Emergency Facilities,Regionally Significant,RSI_PT_1608,Lakeland,Southwest Florida Water Management District,FDEM,Risk Shelter Inventory - General - FDEM,,,,Central Florida,Southwest District,Southwest,1,50,12,Not Affected,Not Affected,Not Affected,Not Affected,Not Affected,Not Affected,Not Affected,Not Affected,Not Affected,Not Affected,Not Affected,Not Affected,Not Affected,Not Affected,Not Affected,Not Affected,Not Affected,Not Affected,Not Affected,Not Affected,Not Affected,600289.7214,447560.778
1609,1593,Chain of Lakes ES,7001 CR 653,Winter Haven,33884,Polk,-81.67715602,27.95657155,"-81.67715602, 27.95657155",17R ML 33392 92576,SHELTER,RISK,6,2004,3 2nd Floor,A, ,0,0,340,6804,0,0,365,7306,521,L,No,No,No,Yes,Yes, , , , ,,,SHELTER,,Risk Shelter Inventory,Critical Community and Emergency Facilities,Regionally Significant,RSI_PT_1556,Winter Haven,Southwest Florida Water Management District,FDEM,Risk Shelter Inventory - General - FDEM,,,,Central Florida,Southwest District,Southwest,1,48,12,Not Affected,Not Affected,Not Affected,Not Affected,Not Affected,Not Affected,Not Affected,Not Affected,Not Affected,Not Affected,Not Affected,Not Affected,Not Affected,Not Affected,Not Affected,Low,Low,Low,Low,Low,Low,628071.1888,441120.8412
1610,1594,Chain of Lakes ES,7001 CR 653,Winter Haven,33884,Polk,-81.67715602,27.95657155,"-81.67715602, 27.95657155",17R ML 33392 92576,SHELTER,RISK,6,2004,4 2nd Floor,A, ,0,0,362,7248,0,0,369,7380,521,L,No,No,No,Yes,Yes, , , , ,,,SHELTER,,Risk Shelter Inventory,Critical Community and Emergency Facilities,Regionally Significant,RSI_PT_1556,Winter Haven,Southwest Florida Water Management District,FDEM,Risk Shelter Inventory - General - FDEM,,,,Central Florida,Southwest District,Southwest,1,48,12,Not Affected,Not Affected,Not Affected,Not Affected,Not Affected,Not Affected,Not Affected,Not Affected,Not Affected,Not Affected,Not Affected,Not Affected,Not Affected,Not Affected,Not Affected,Low,Low,Low,Low,Low,Low,628071.1888,441120.8412
1611,1595,Highlands Grove ES,4510 Lakeland Highlands Rd,Lakeland,33813,Polk,-81.92238099,27.98268502,"-81.92238099, 27.98268502",17R ML 09292 95626,SHELTER,RISK,6,2005,3 2nd Floor,A, ,0,0,417,8348,0,0,437,8731,585,L,No,No,No,Yes,Yes, , , , ,,,SHELTER,,Risk Shelter Inventory,Critical Community and Emergency Facilities,Regionally Significant,RSI_PT_1536,,Southwest Florida Water Management District,FDEM,Risk Shelter Inventory - General - FDEM,,,,Central Florida,Southwest District,Southwest,1,49,27,Not Affected,Not Affected,Not Affected,Not Affected,Not Affected,Not Affected,Not Affected,Not Affected,Not Affected,Not Affected,Not Affected,Not Affected,Not Affected,Not Affected,Not Affected,Not Affected,Not Affected,Not Affected,Low,Medium,Medium,603947.0392,443590.8551
1612,1596,Sleepy Hill ES,2285 Sleepy Hill Rd,Lakeland,33810,Polk,-81.99570404,28.094632,"-81.99570404, 28.09463200",17R MM 02182 08085,SHELTER,RISK,6,2006,3 1st Floor,A, ,0,0,387,7741,0,0,366,7316,582,L,No,No,No,Yes,Yes, , , , ,,,SHELTER,,Risk Shelter Inventory,Critical Community and Emergency Facilities,Regionally Significant,RSI_PT_1532,Lakeland,Southwest Florida Water Management District,FDEM,Risk Shelter Inventory - General - FDEM,,,,Central Florida,Southwest District,Southwest,1,50,12,Not Affected,Not Affected,Not Affected,Not Affected,Not Affected,Not Affected,Not Affected,Not Affected,Not Affected,Not Affected,Not Affected,Not Affected,Not Affected,Not Affected,Not Affected,Not Affected,Not Affected,Not Affected,Low,Low,Low,596547.9528,455902.4411
1613,1597,Horizons ES,1700 Forest Lake Dr,Davenport,33837,Polk,-81.62941897,28.16642899,"-81.62941897, 28.16642899",17R MM 38208 15799,SHELTER,RISK,6,2007,4 2nd Floor,A, ,0,0,363,7263,0,0,355,7093,585,L,No,No,No,Yes,Yes, , , , ,,,SHELTER,,Risk Shelter Inventory,Critical Community and Emergency Facilities,Regionally Significant,RSI_PT_1526,Davenport,Southwest Florida Water Management District,FDEM,Risk Shelter Inventory - General - FDEM,,,,Central Florida,Southwest District,Southwest,1,51,12,Not Affected,Not Affected,Not Affected,Not Affected,Not Affected,Not Affected,Not Affected,Not Affected,Not Affected,Not Affected,Not Affected,Not Affected,Not Affected,Not Affected,Not Affected,Not Affected,Not Affected,Not Affected,Not Affected,Not Affected,Not Affected,632309.7333,464511.6374
1614,1598,Kathleen HS,1100 Red Devil Way,Lakeland,33815,Polk,-81.99747496,28.057845,"-81.99747496, 28.05784500",17R MM 01975 04011,SHELTER,RISK,6,2010,43 Multipurpose, , ,0,0,0,0,0,0,304,6084,0, ,No,No,No,No,Yes, , , , ,,,SHELTER,,Risk Shelter Inventory,Critical Community and Emergency Facilities,Regionally Significant,RSI_PT_1614,,Southwest Florida Water Management District,FDEM,Risk Shelter Inventory - General - FDEM,,,,Central Florida,Southwest District,Southwest,1,50,12,Not Affected,Not Affected,Not Affected,Not Affected,Not Affected,Not Affected,Not Affected,Not Affected,Not Affected,Not Affected,Not Affected,Not Affected,Not Affected,Not Affected,Not Affected,Not Affected,Not Affected,Not Affected,Not Affected,Not Affected,Not Affected,596440.6458,451814.7389
1615,1599,Lake Marion Creek School,3055 Lake Marion Creek Rd,Poinciana,34759,Polk,-81.51146297,28.066782,"-81.51146297, 28.06678200",17R MM 49742 04705,SHELTER,RISK,6,2006,5 2nd Floor,A, ,0,0,623,12456,0,0,569,11371,847,L,No,No,No,Yes,Yes, , , , ,,,SHELTER,,Risk Shelter Inventory,Critical Community and Emergency Facilities,Regionally Significant,RSI_PT_1523,,South Florida Water Management District,FDEM,Risk Shelter Inventory - General - FDEM,,,,Central Florida,Southwest District,Southwest,1,48,12,Not Affected,Not Affected,Not Affected,Not Affected,Not Affected,Not Affected,Not Affected,Not Affected,Not Affected,Not Affected,Not Affected,Not Affected,Not Affected,Not Affected,Not Affected,Not Affected,Not Affected,Not Affected,Not Affected,Not Affected,Not Affected,644090.8415,453675.2044
1616,1600,Medulla Community Center,1049 Parker Rd,Lakeland,33811,Polk,-81.97564304,27.96805998,"-81.97564304, 27.96805998",17R ML 04041 94047,SHELTER,RISK,6,0,Main,R, ,0,0,0,0,174,3480,174,3480,0,HB7121,No,No,No,No,Yes, , , , ,,,SHELTER,,Risk Shelter Inventory,Critical Community and Emergency Facilities,Regionally Significant,RSI_PT_1616,,Southwest Florida Water Management District,FDEM,Risk Shelter Inventory - General - FDEM,,,,Central Florida,Southwest District,Southwest,1,49,27,Not Affected,Not Affected,Not Affected,Not Affected,Not Affected,Not Affected,Not Affected,Not Affected,Not Affected,Not Affected,Not Affected,Not Affected,Not Affected,Not Affected,Not Affected,Not Affected,Not Affected,Not Affected,Not Affected,Not Affected,Not Affected,598745.77,441879.9283
1617,1601,Rochelle School of the Arts,1501 MLK Jr Ave,Lakeland,33805,Polk,-81.96060699,28.064166,"-81.96060699, 28.06416600",17R MM 05604 04682,SHELTER,RISK,6,2005,15 1st Floor,A, ,0,0,352,7039,0,0,352,7039,435, ,No,No,No,Yes,Yes, , , , ,,,SHELTER,,Risk Shelter Inventory,Critical Community and Emergency Facilities,Regionally Significant,RSI_PT_1584,Lakeland,Southwest Florida Water Management District,FDEM,Risk Shelter Inventory - General - FDEM,,,,Central Florida,Southwest District,Southwest,1,50,12,Not Affected,Not Affected,Not Affected,Not Affected,Not Affected,Not Affected,Not Affected,Not Affected,Not Affected,Not Affected,Not Affected,Not Affected,Not Affected,Not Affected,Not Affected,Not Affected,Not Affected,Not Affected,Not Affected,Not Affected,Not Affected,600045.3279,452575.8994
1618,1602,Winter Haven HS,600 6th Street SE,Winter Haven,33880,Polk,-81.71796104,28.01248801,"-81.71796104, 28.01248801",17R ML 29415 98793,SHELTER,RISK,6,1955,20 Cafeteria,A, ,0,0,337,6736,0,0,320,6395,492,L,No,No,No,Yes,Yes, , , , ,,,SHELTER,,Risk Shelter Inventory,Critical Community and Emergency Facilities,Regionally Significant,RSI_PT_1618,Winter Haven,Southwest Florida Water Management District,FDEM,Risk Shelter Inventory - General - FDEM,,,,Central Florida,Southwest District,Southwest,1,48,12,Not Affected,Not Affected,Not Affected,Not Affected,Not Affected,Not Affected,Not Affected,Not Affected,Not Affected,Not Affected,Not Affected,Not Affected,Not Affected,Not Affected,Not Affected,Not Affected,Not Affected,Not Affected,Not Affected,Not Affected,Not Affected,623950.2494,447254.7869
1619,1603,R.B. Wagner ES,5500 Yates Rd,Lakeland,33811,Polk,-82.01048896,27.96641801,"-82.01048896, 27.96641801",17R ML 00612 93893,SHELTER,RISK,6,2001,2 Cafeteria,A, ,0,0,234,4477,0,0,245,4906,367,L,No,No,No,Yes,Yes, , , , ,,,SHELTER,,Risk Shelter Inventory,Critical Community and Emergency Facilities,Regionally Significant,RSI_PT_1525,,Southwest Florida Water Management District,FDEM,Risk Shelter Inventory - General - FDEM,,,,Central Florida,Southwest District,Southwest,1,50,27,Not Affected,Not Affected,Not Affected,Not Affected,Not Affected,Not Affected,Not Affected,Not Affected,Not Affected,Not Affected,Not Affected,Not Affected,Not Affected,Not Affected,Not Affected,Not Affected,Not Affected,Not Affected,Not Affected,Not Affected,Not Affected,595327.9354,441641.9247
1620,1604,Browning-Pearce ES,100 Bear Blvd,San Mateo,32187,Putnam,-81.58250001,29.60918,"-81.58250001, 29.60918000",17R MN 43599 75622,SHELTER,RISK,4,2001,12 Classroom,A,250 kW,0,0,0,0,175,3499,175,3499,0,S 13-SR-AA-04-64-03-494,No,No,No,No,Yes, , , , ,,,SHELTER,,Risk Shelter Inventory,Critical Community and Emergency Facilities,Regionally Significant,RSI_PT_1620,,St. Johns River Water Management District,FDEM,Risk Shelter Inventory - General - FDEM,,,,Northeast Florida,Northeast District,Northeast,2,20,7,Not Affected,Not Affected,Not Affected,Not Affected,Not Affected,Not Affected,Not Affected,Not Affected,Not Affected,Not Affected,Not Affected,Not Affected,Not Affected,Not Affected,Not Affected,Not Affected,Not Affected,Not Affected,Not Affected,Not Affected,Not Affected,633766.3645,624784.6425
1621,1605,QI Roberts MS,901 SR100,Florahome,32140,Putnam,-81.84812001,29.72535,"-81.84812001, 29.72535000",17R MN 17974 88653,SHELTER,RISK,4,1999,5 Gym,A,150 kW,0,0,334,6673,0,0,334,6673,424,L,No,No,No,Yes,Yes, , , , ,,,SHELTER,,Risk Shelter Inventory,Critical Community and Emergency Facilities,Regionally Significant,RSI_PT_1621,,St. Johns River Water Management District,FDEM,Risk Shelter Inventory - General - FDEM,,,,Northeast Florida,Northeast District,Northeast,2,20,7,Not Affected,Not Affected,Not Affected,Not Affected,Not Affected,Not Affected,Not Affected,Not Affected,Not Affected,Not Affected,Not Affected,Not Affected,Not Affected,Not Affected,Not Affected,Not Affected,Not Affected,Not Affected,Not Affected,Not Affected,Not Affected,607859.2669,637204.54
1622,1606,QI Roberts MS,901 SR100,Florahome,32140,Putnam,-81.84812001,29.72535,"-81.84812001, 29.72535000",17R MN 17974 88653,SHELTER,RISK,4,1999,6 Classroom,A,150 kW,0,0,194,3875,0,0,194,3875,234,L,No,No,No,Yes,Yes, , , , ,,,SHELTER,,Risk Shelter Inventory,Critical Community and Emergency Facilities,Regionally Significant,RSI_PT_1621,,St. Johns River Water Management District,FDEM,Risk Shelter Inventory - General - FDEM,,,,Northeast Florida,Northeast District,Northeast,2,20,7,Not Affected,Not Affected,Not Affected,Not Affected,Not Affected,Not Affected,Not Affected,Not Affected,Not Affected,Not Affected,Not Affected,Not Affected,Not Affected,Not Affected,Not Affected,Not Affected,Not Affected,Not Affected,Not Affected,Not Affected,Not Affected,607859.2669,637204.54
1623,1607,Middleton Burney ES,1020 Huntington Rd,Crescent City,32112,Putnam,-81.52370004,29.43944998,"-81.52370004, 29.43944998",17R MN 49208 56788,SHELTER,RISK,4,1982,1 Classroom / Cafeteria / Admin,R, ,0,0,0,0,682,13643,682,13643,805,HB7121,No,No,No,No,Yes, , , , ,,,SHELTER,,Risk Shelter Inventory,Critical Community and Emergency Facilities,Regionally Significant,RSI_PT_1623,Crescent City,St. Johns River Water Management District,FDEM,Risk Shelter Inventory - General - FDEM,,,,Northeast Florida,Northeast District,Northeast,2,20,7,Not Affected,Not Affected,Not Affected,Not Affected,Not Affected,Not Affected,Not Affected,Not Affected,Not Affected,Not Affected,Not Affected,Not Affected,Not Affected,Not Affected,Not Affected,Not Affected,Not Affected,Not Affected,Not Affected,Not Affected,Not Affected,639829.834,606055.9628
1624,1608,Browning-Pearce ES,100 Bear Blvd,San Mateo,32187,Putnam,-81.58250001,29.60918,"-81.58250001, 29.60918000",17R MN 43599 75622,SHELTER,RISK,4,1988,4 Art / Cafeteria,A,250 kW,0,0,0,0,389,7781,389,7781,325,S 13-SR-AA-04-64-03-494,No,No,No,No,Yes, , , , ,,,SHELTER,,Risk Shelter Inventory,Critical Community and Emergency Facilities,Regionally Significant,RSI_PT_1620,,St. Johns River Water Management District,FDEM,Risk Shelter Inventory - General - FDEM,,,,Northeast Florida,Northeast District,Northeast,2,20,7,Not Affected,Not Affected,Not Affected,Not Affected,Not Affected,Not Affected,Not Affected,Not Affected,Not Affected,Not Affected,Not Affected,Not Affected,Not Affected,Not Affected,Not Affected,Not Affected,Not Affected,Not Affected,Not Affected,Not Affected,Not Affected,633766.3645,624784.6425
1625,1609,Browning-Pearce ES,100 Bear Blvd,San Mateo,32187,Putnam,-81.58250001,29.60918,"-81.58250001, 29.60918000",17R MN 43599 75622,SHELTER,RISK,4,1988,2 Classroom,A,250 kW,0,0,0,0,456,9128,456,9128,0,S 13-SR-AA-04-64-03-494,No,No,No,No,Yes, , , , ,,,SHELTER,,Risk Shelter Inventory,Critical Community and Emergency Facilities,Regionally Significant,RSI_PT_1620,,St. Johns River Water Management District,FDEM,Risk Shelter Inventory - General - FDEM,,,,Northeast Florida,Northeast District,Northeast,2,20,7,Not Affected,Not Affected,Not Affected,Not Affected,Not Affected,Not Affected,Not Affected,Not Affected,Not Affected,Not Affected,Not Affected,Not Affected,Not Affected,Not Affected,Not Affected,Not Affected,Not Affected,Not Affected,Not Affected,Not Affected,Not Affected,633766.3645,624784.6425
1626,1610,Ochwilla ES,299 N SR 21,Melrose,32640,Putnam,-82.03000999,29.63038002,"-82.03000999, 29.63038002",17R MN 00289 78272,SHELTER,RISK,4,1992,4 Dining,A,500 kW,0,0,0,0,163,3267,163,3267,325,"S, L",No,No,No,No,Yes, ,Yes, , ,,,SHELTER,,Risk Shelter Inventory,Critical Community and Emergency Facilities,Regionally Significant,RSI_PT_1626,,St. Johns River Water Management District,FDEM,Risk Shelter Inventory - General - FDEM,,,,Northeast Florida,Northeast District,Northeast,2,20,7,Not Affected,Not Affected,Not Affected,Not Affected,Not Affected,Not Affected,Not Affected,Not Affected,Not Affected,Not Affected,Not Affected,Not Affected,Not Affected,Not Affected,Not Affected,Not Affected,Low,Not Affected,Not Affected,Not Affected,Not Affected,590459.7376,626368.2833
1627,1611,QI Roberts MS,901 SR100,Florahome,32140,Putnam,-81.84812001,29.72535,"-81.84812001, 29.72535000",17R MN 17974 88653,SHELTER,RISK,4,1999,2 Classroom,A, ,0,0,183,3656,0,0,183,3656,216,L,No,No,No,Yes,Yes, , , , ,,,SHELTER,,Risk Shelter Inventory,Critical Community and Emergency Facilities,Regionally Significant,RSI_PT_1621,,St. Johns River Water Management District,FDEM,Risk Shelter Inventory - General - FDEM,,,,Northeast Florida,Northeast District,Northeast,2,20,7,Not Affected,Not Affected,Not Affected,Not Affected,Not Affected,Not Affected,Not Affected,Not Affected,Not Affected,Not Affected,Not Affected,Not Affected,Not Affected,Not Affected,Not Affected,Not Affected,Not Affected,Not Affected,Not Affected,Not Affected,Not Affected,607859.2669,637204.54
1628,1612,Browning-Pearce ES,100 Bear Blvd,San Mateo,32187,Putnam,-81.58250001,29.60918,"-81.58250001, 29.60918000",17R MN 43599 75622,SHELTER,RISK,4,1988,5 Classroom,A,250 kW,0,0,0,0,483,9659,483,9659,0,S 13-SR-AA-04-64-03-494,No,No,No,No,Yes, , , , ,,,SHELTER,,Risk Shelter Inventory,Critical Community and Emergency Facilities,Regionally Significant,RSI_PT_1620,,St. Johns River Water Management District,FDEM,Risk Shelter Inventory - General - FDEM,,,,Northeast Florida,Northeast District,Northeast,2,20,7,Not Affected,Not Affected,Not Affected,Not Affected,Not Affected,Not Affected,Not Affected,Not Affected,Not Affected,Not Affected,Not Affected,Not Affected,Not Affected,Not Affected,Not Affected,Not Affected,Not Affected,Not Affected,Not Affected,Not Affected,Not Affected,633766.3645,624784.6425
1629,1613,Browning-Pearce ES,100 Bear Blvd,San Mateo,32187,Putnam,-81.58250001,29.60918,"-81.58250001, 29.60918000",17R MN 43599 75622,SHELTER,RISK,4,1988,6 Classroom,A,250 kW,0,0,0,0,250,4999,250,4999,0,S 13-SR-AA-04-64-03-494,No,No,No,No,Yes, , , , ,,,SHELTER,,Risk Shelter Inventory,Critical Community and Emergency Facilities,Regionally Significant,RSI_PT_1620,,St. Johns River Water Management District,FDEM,Risk Shelter Inventory - General - FDEM,,,,Northeast Florida,Northeast District,Northeast,2,20,7,Not Affected,Not Affected,Not Affected,Not Affected,Not Affected,Not Affected,Not Affected,Not Affected,Not Affected,Not Affected,Not Affected,Not Affected,Not Affected,Not Affected,Not Affected,Not Affected,Not Affected,Not Affected,Not Affected,Not Affected,Not Affected,633766.3645,624784.6425
1630,1614,Browning-Pearce ES,100 Bear Blvd,San Mateo,32187,Putnam,-81.58250001,29.60918,"-81.58250001, 29.60918000",17R MN 43599 75622,SHELTER,RISK,4,1988,1 Admin,A, ,0,0,0,0,56,1126,56,1126,0,S 13-SR-AA-04-64-03-494,No,No,No,No,Yes, , , ,Yes,,,SHELTER,,Risk Shelter Inventory,Critical Community and Emergency Facilities,Regionally Significant,RSI_PT_1620,,St. Johns River Water Management District,FDEM,Risk Shelter Inventory - General - FDEM,,,,Northeast Florida,Northeast District,Northeast,2,20,7,Not Affected,Not Affected,Not Affected,Not Affected,Not Affected,Not Affected,Not Affected,Not Affected,Not Affected,Not Affected,Not Affected,Not Affected,Not Affected,Not Affected,Not Affected,Not Affected,Not Affected,Not Affected,Not Affected,Not Affected,Not Affected,633766.3645,624784.6425
1631,1615,Browning-Pearce ES,100 Bear Blvd,San Mateo,32187,Putnam,-81.58250001,29.60918,"-81.58250001, 29.60918000",17R MN 43599 75622,SHELTER,RISK,4,1988,3 Classroom,A,250 kW,0,0,0,0,431,8624,431,8624,0,S 13-SR-AA-04-64-03-494,No,No,No,No,Yes, , , , ,,,SHELTER,,Risk Shelter Inventory,Critical Community and Emergency Facilities,Regionally Significant,RSI_PT_1620,,St. Johns River Water Management District,FDEM,Risk Shelter Inventory - General - FDEM,,,,Northeast Florida,Northeast District,Northeast,2,20,7,Not Affected,Not Affected,Not Affected,Not Affected,Not Affected,Not Affected,Not Affected,Not Affected,Not Affected,Not Affected,Not Affected,Not Affected,Not Affected,Not Affected,Not Affected,Not Affected,Not Affected,Not Affected,Not Affected,Not Affected,Not Affected,633766.3645,624784.6425
1632,1616,Creekside HS,100 Knights Ln,St. Johns,32259,St. Johns,-81.56262803,30.080703,"-81.56262803, 30.08070300",17R MP 45779 27861,SHELTER,RISK,4,2006,2 Library / Music,A,250 kW for Campus,0,0,0,0,0,0,184,3671,0, ,No,No,No,No,Yes, , , , ,,,SHELTER,,Risk Shelter Inventory,Critical Community and Emergency Facilities,Regionally Significant,RSI_PT_1408,,St. Johns River Water Management District,FDEM,Risk Shelter Inventory - General - FDEM,,,,Northeast Florida,Northeast District,Northeast,2,18,7,Not Affected,Not Affected,Not Affected,Not Affected,Not Affected,Not Affected,Not Affected,Not Affected,Not Affected,Not Affected,Not Affected,Not Affected,Not Affected,Not Affected,Not Affected,Not Affected,Not Affected,Not Affected,Not Affected,Not Affected,Not Affected,634653.1037,677158.5685
1633,1617,Durbin Creek ES,4100 Race Track Rd,St. Johns,32259,St. Johns,-81.55247503,30.10527401,"-81.55247503, 30.10527401",17R MP 46770 30579,SHELTER,RISK,4,2003,1 A2 & A3 & B Classroom,A, ,0,0,0,0,0,0,752,15043,500,L,No,No,No,No,Yes, , , , ,,,SHELTER,,Risk Shelter Inventory,Critical Community and Emergency Facilities,Regionally Significant,RSI_PT_1633,,St. Johns River Water Management District,FDEM,Risk Shelter Inventory - General - FDEM,,,,Northeast Florida,Northeast District,Northeast,2,18,7,Not Affected,Not Affected,Not Affected,Not Affected,Not Affected,Not Affected,Not Affected,Not Affected,Not Affected,Not Affected,Not Affected,Not Affected,Not Affected,Not Affected,Not Affected,Not Affected,Not Affected,Not Affected,Not Affected,Not Affected,Not Affected,635576.3056,679904.8073
1634,1618,Otis Mason ES,207 Mason Manatee Way,St. Augustine,32086,St. Johns,-81.37375601,29.82879098,"-81.37375601, 29.82879098",17R MN 63890 99872,SHELTER,RISK,4,1992,1 Classroom,R, ,662,13236,0,0,0,0,662,13236,0, ,No,No,No,No,Yes, , , , ,,,SHELTER,,Risk Shelter Inventory,Critical Community and Emergency Facilities,Regionally Significant,RSI_PT_1634,,St. Johns River Water Management District,FDEM,Risk Shelter Inventory - General - FDEM,,,,Northeast Florida,Northeast District,Northeast,2,20,7,Not Affected,Not Affected,Not Affected,Not Affected,Not Affected,Not Affected,Not Affected,Not Affected,Not Affected,Not Affected,Not Affected,Not Affected,Not Affected,Not Affected,Not Affected,Not Affected,Not Affected,Not Affected,Not Affected,Not Affected,Not Affected,653429.2507,649573.5894
1635,1619,Switzerland Point MS,777 Greenbriar Road,St. Johns,32259,St. Johns,-81.64762899,30.062826,"-81.64762899, 30.06282600",17R MP 37576 25923,SHELTER,RISK,4,1990,1A Gym,A,40 kW,0,0,0,0,0,0,1377,27541,800, ,No,No,No,No,Yes, , , , ,,,SHELTER,,Risk Shelter Inventory,Critical Community and Emergency Facilities,Regionally Significant,RSI_PT_1635,,St. Johns River Water Management District,FDEM,Risk Shelter Inventory - General - FDEM,,,,Northeast Florida,Northeast District,Northeast,2,18,7,Not Affected,Not Affected,Not Affected,Not Affected,Not Affected,Not Affected,Not Affected,Not Affected,Not Affected,Not Affected,Not Affected,Not Affected,Not Affected,Not Affected,Not Affected,Not Affected,Not Affected,Not Affected,Not Affected,Not Affected,Not Affected,626508.6692,675015.6064
1636,1620,Cunningham Creek ES,1205 Roberts Rd,St. Johns,32259,St. Johns,-81.61212904,30.07682398,"-81.61212904, 30.07682398",17R MP 41006 27456,SHELTER,RISK,4,1995,1 Classroom / Art / Media,R, ,0,0,0,0,671,13422,671,13422,0, ,No,No,No,No,Yes, , , , ,,,SHELTER,,Risk Shelter Inventory,Critical Community and Emergency Facilities,Regionally Significant,RSI_PT_1401,,St. Johns River Water Management District,FDEM,Risk Shelter Inventory - General - FDEM,,,,Northeast Florida,Northeast District,Northeast,2,18,7,Not Affected,Not Affected,Not Affected,Not Affected,Not Affected,Not Affected,Not Affected,Not Affected,Not Affected,Not Affected,Not Affected,Not Affected,Not Affected,Not Affected,Not Affected,Not Affected,Not Affected,Not Affected,Not Affected,Not Affected,Not Affected,629896.4326,676634.8309
1637,1621,Switzerland Point MS,780 Greenbriar Rd,St. Johns,32259,St. Johns,-81.64817829,30.06181263,"-81.64817829, 30.06181263",17R MP 37522 25811,SHELTER,RISK,4,1990,1D Classroom,A,40 kW for Campus,0,0,0,0,0,0,502,10042,0, ,No,No,No,No,Yes, , , , ,,,SHELTER,,Risk Shelter Inventory,Critical Community and Emergency Facilities,Regionally Significant,RSI_PT_1637,,St. Johns River Water Management District,FDEM,Risk Shelter Inventory - General - FDEM,,,,Northeast Florida,Northeast District,Northeast,2,18,7,Not Affected,Not Affected,Not Affected,Not Affected,Not Affected,Not Affected,Not Affected,Not Affected,Not Affected,Not Affected,Not Affected,Not Affected,Not Affected,Not Affected,Not Affected,Not Affected,Not Affected,Not Affected,Not Affected,Not Affected,Not Affected,626457.9291,674902.1309
1638,1622,Fruit Cove MS,3180 Race Track Rd,St. Johns,32259,St. Johns,-81.57762904,30.11056299,"-81.57762904, 30.11056299",17R MP 44350 31177,SHELTER,RISK,4,2001,1A Gym,A,250 kW,0,0,0,0,0,0,1377,27541,500,L,No,No,No,No,Yes, , , , ,,,SHELTER,,Risk Shelter Inventory,Critical Community and Emergency Facilities,Regionally Significant,RSI_PT_1638,,St. Johns River Water Management District,FDEM,Risk Shelter Inventory - General - FDEM,,,,Northeast Florida,Northeast District,Northeast,2,18,7,Not Affected,Not Affected,Not Affected,Not Affected,Not Affected,Not Affected,Not Affected,Not Affected,Not Affected,Not Affected,Not Affected,Not Affected,Not Affected,Not Affected,Not Affected,Not Affected,Not Affected,Not Affected,Not Affected,Not Affected,Not Affected,633143.9928,680443.9668
1639,1623,Otis Mason ES,207 Mason Manatee Way,St. Augustine,32086,St. Johns,-81.37375601,29.82879098,"-81.37375601, 29.82879098",17R MN 63890 99872,SHELTER,RISK,4,1992,4 Classroom,R, ,416,8323,0,0,0,0,416,8323,0,HMGP,No,No,No,No,Yes, , , , ,,,SHELTER,,Risk Shelter Inventory,Critical Community and Emergency Facilities,Regionally Significant,RSI_PT_1634,,St. Johns River Water Management District,FDEM,Risk Shelter Inventory - General - FDEM,,,,Northeast Florida,Northeast District,Northeast,2,20,7,Not Affected,Not Affected,Not Affected,Not Affected,Not Affected,Not Affected,Not Affected,Not Affected,Not Affected,Not Affected,Not Affected,Not Affected,Not Affected,Not Affected,Not Affected,Not Affected,Not Affected,Not Affected,Not Affected,Not Affected,Not Affected,653429.2507,649573.5894
1640,1624,Otis Mason ES,207 Mason Manatee Way,St. Augustine,32086,St. Johns,-81.37375601,29.82879098,"-81.37375601, 29.82879098",17R MN 63890 99872,SHELTER,RISK,4,1992,3 Classroom,R, ,333,6657,0,0,0,0,333,6657,0,HMGP,No,No,No,No,Yes, , , , ,,,SHELTER,,Risk Shelter Inventory,Critical Community and Emergency Facilities,Regionally Significant,RSI_PT_1634,,St. Johns River Water Management District,FDEM,Risk Shelter Inventory - General - FDEM,,,,Northeast Florida,Northeast District,Northeast,2,20,7,Not Affected,Not Affected,Not Affected,Not Affected,Not Affected,Not Affected,Not Affected,Not Affected,Not Affected,Not Affected,Not Affected,Not Affected,Not Affected,Not Affected,Not Affected,Not Affected,Not Affected,Not Affected,Not Affected,Not Affected,Not Affected,653429.2507,649573.5894
1641,1625,Creekside HS,100 Knights Ln,St. Johns,32259,St. Johns,-81.56262803,30.080703,"-81.56262803, 30.08070300",17R MP 45779 27861,SHELTER,RISK,4,2006,4 Gymnasium,A,250 kW for Campus,0,0,678,13564,0,0,678,13564,0, ,No,No,No,Yes,Yes, , , , ,,,SHELTER,,Risk Shelter Inventory,Critical Community and Emergency Facilities,Regionally Significant,RSI_PT_1408,,St. Johns River Water Management District,FDEM,Risk Shelter Inventory - General - FDEM,,,,Northeast Florida,Northeast District,Northeast,2,18,7,Not Affected,Not Affected,Not Affected,Not Affected,Not Affected,Not Affected,Not Affected,Not Affected,Not Affected,Not Affected,Not Affected,Not Affected,Not Affected,Not Affected,Not Affected,Not Affected,Not Affected,Not Affected,Not Affected,Not Affected,Not Affected,634653.1037,677158.5685
1642,1626,Switzerland Point MS,779 Greenbriar Rd,St. Johns,32259,St. Johns,-81.64775237,30.06186138,"-81.64775237, 30.06186138",17R MP 37563 25816,SHELTER,RISK,4,1990,1C Auditorium,A,40 kW for Campus,0,0,0,0,0,0,187,3740,0, ,No,No,No,No,Yes, , , , ,,,SHELTER,,Risk Shelter Inventory,Critical Community and Emergency Facilities,Regionally Significant,RSI_PT_1642,,St. Johns River Water Management District,FDEM,Risk Shelter Inventory - General - FDEM,,,,Northeast Florida,Northeast District,Northeast,2,18,7,Not Affected,Not Affected,Not Affected,Not Affected,Not Affected,Not Affected,Not Affected,Not Affected,Not Affected,Not Affected,Not Affected,Not Affected,Not Affected,Not Affected,Not Affected,Not Affected,Not Affected,Not Affected,Not Affected,Not Affected,Not Affected,626498.8335,674908.324
1643,1627,Durbin Creek ES,4100 Race Track Rd,St. Johns,32259,St. Johns,-81.55247503,30.10527401,"-81.55247503, 30.10527401",17R MP 46770 30579,SHELTER,RISK,4,2001,2 Classroom,R, ,0,0,0,0,276,5511,276,5511,0,S-1621X,No,No,No,No,Yes, , , , ,,,SHELTER,,Risk Shelter Inventory,Critical Community and Emergency Facilities,Regionally Significant,RSI_PT_1633,,St. Johns River Water Management District,FDEM,Risk Shelter Inventory - General - FDEM,,,,Northeast Florida,Northeast District,Northeast,2,18,7,Not Affected,Not Affected,Not Affected,Not Affected,Not Affected,Not Affected,Not Affected,Not Affected,Not Affected,Not Affected,Not Affected,Not Affected,Not Affected,Not Affected,Not Affected,Not Affected,Not Affected,Not Affected,Not Affected,Not Affected,Not Affected,635576.3056,679904.8073
1644,1628,Hickory Creek ES,235 Hickory Creek Tr,St. Johns,32259,St. Johns,-81.64622,30.06461,"-81.64622000, 30.06461000",17R MP 37713 26120,SHELTER,RISK,4,2004,1 E & F Cafeteria / Auditorium,A, ,0,0,226,4527,0,0,226,4527,500,L,No,No,No,Yes,Yes, , , , ,,,SHELTER,,Risk Shelter Inventory,Critical Community and Emergency Facilities,Regionally Significant,RSI_PT_1644,,St. Johns River Water Management District,FDEM,Risk Shelter Inventory - General - FDEM,,,,Northeast Florida,Northeast District,Northeast,2,18,7,Not Affected,Not Affected,Not Affected,Not Affected,Not Affected,Not Affected,Not Affected,Not Affected,Not Affected,Not Affected,Not Affected,Not Affected,Not Affected,Not Affected,Not Affected,Not Affected,Not Affected,Not Affected,Not Affected,Not Affected,Not Affected,626640.5447,675216.1895
1645,1629,Creekside HS,100 Knights Ln,St. Johns,32259,St. Johns,-81.56262803,30.080703,"-81.56262803, 30.08070300",17R MP 45779 27861,SHELTER,RISK,4,2006,3 Auditorium,A,250 kW for Campus,0,0,0,0,0,0,321,6420,0, ,No,No,No,No,Yes, , , , ,,,SHELTER,,Risk Shelter Inventory,Critical Community and Emergency Facilities,Regionally Significant,RSI_PT_1408,,St. Johns River Water Management District,FDEM,Risk Shelter Inventory - General - FDEM,,,,Northeast Florida,Northeast District,Northeast,2,18,7,Not Affected,Not Affected,Not Affected,Not Affected,Not Affected,Not Affected,Not Affected,Not Affected,Not Affected,Not Affected,Not Affected,Not Affected,Not Affected,Not Affected,Not Affected,Not Affected,Not Affected,Not Affected,Not Affected,Not Affected,Not Affected,634653.1037,677158.5685
1646,1630,Cunningham Creek ES,1205 Roberts Rd,St. Johns,32259,St. Johns,-81.61212904,30.07682398,"-81.61212904, 30.07682398",17R MP 41006 27456,SHELTER,RISK,4,1995,4 Cafeteria / Classroom / Media,R, ,0,0,0,0,441,8816,441,8816,441,HMGP,No,No,No,No,Yes, , , , ,,,SHELTER,,Risk Shelter Inventory,Critical Community and Emergency Facilities,Regionally Significant,RSI_PT_1401,,St. Johns River Water Management District,FDEM,Risk Shelter Inventory - General - FDEM,,,,Northeast Florida,Northeast District,Northeast,2,18,7,Not Affected,Not Affected,Not Affected,Not Affected,Not Affected,Not Affected,Not Affected,Not Affected,Not Affected,Not Affected,Not Affected,Not Affected,Not Affected,Not Affected,Not Affected,Not Affected,Not Affected,Not Affected,Not Affected,Not Affected,Not Affected,629896.4326,676634.8309
1647,1631,Durbin Creek ES,4100 Race Track Rd,St. Johns,32259,St. Johns,-81.55247503,30.10527401,"-81.55247503, 30.10527401",17R MP 46770 30579,SHELTER,RISK,4,2003,1E & F Cafeteria / Auditorium,A, ,0,0,226,4527,0,0,226,4527,0, ,No,No,No,Yes,Yes, , , , ,,,SHELTER,,Risk Shelter Inventory,Critical Community and Emergency Facilities,Regionally Significant,RSI_PT_1633,,St. Johns River Water Management District,FDEM,Risk Shelter Inventory - General - FDEM,,,,Northeast Florida,Northeast District,Northeast,2,18,7,Not Affected,Not Affected,Not Affected,Not Affected,Not Affected,Not Affected,Not Affected,Not Affected,Not Affected,Not Affected,Not Affected,Not Affected,Not Affected,Not Affected,Not Affected,Not Affected,Not Affected,Not Affected,Not Affected,Not Affected,Not Affected,635576.3056,679904.8073
1648,1632,Hickory Creek ES,235 Hickory Creek Tr,St. Johns,32259,St. Johns,-81.64622,30.06461,"-81.64622000, 30.06461000",17R MP 37713 26120,SHELTER,RISK,4,2010,2 Classroom,A, ,0,0,0,0,0,0,276,5511,0, ,No,No,No,No,Yes, , , , ,,,SHELTER,,Risk Shelter Inventory,Critical Community and Emergency Facilities,Regionally Significant,RSI_PT_1644,,St. Johns River Water Management District,FDEM,Risk Shelter Inventory - General - FDEM,,,,Northeast Florida,Northeast District,Northeast,2,18,7,Not Affected,Not Affected,Not Affected,Not Affected,Not Affected,Not Affected,Not Affected,Not Affected,Not Affected,Not Affected,Not Affected,Not Affected,Not Affected,Not Affected,Not Affected,Not Affected,Not Affected,Not Affected,Not Affected,Not Affected,Not Affected,626640.5447,675216.1895
1649,1633,Cunningham Creek ES,1205 Roberts Rd,St. Johns,32259,St. Johns,-81.61212904,30.07682398,"-81.61212904, 30.07682398",17R MP 41006 27456,SHELTER,RISK,4,1995,3 Classroom,R, ,0,0,0,0,367,7340,367,7340,367,HMGP,No,No,No,No,Yes, , , , ,,,SHELTER,,Risk Shelter Inventory,Critical Community and Emergency Facilities,Regionally Significant,RSI_PT_1401,,St. Johns River Water Management District,FDEM,Risk Shelter Inventory - General - FDEM,,,,Northeast Florida,Northeast District,Northeast,2,18,7,Not Affected,Not Affected,Not Affected,Not Affected,Not Affected,Not Affected,Not Affected,Not Affected,Not Affected,Not Affected,Not Affected,Not Affected,Not Affected,Not Affected,Not Affected,Not Affected,Not Affected,Not Affected,Not Affected,Not Affected,Not Affected,629896.4326,676634.8309
1650,1634,Pedro Menendez HS,600 SR-206 W,St. Augustine,32086,St. Johns,-81.33242803,29.75634401,"-81.33242803, 29.75634401",17R MN 67859 91833,SHELTER,RISK,4,1999,4 Gym 1st Floor,A,2 Gens of Unknown kW,0,0,703,14067,0,0,703,14067,500,L,No,No,No,Yes,Yes, , , , ,,,SHELTER,,Risk Shelter Inventory,Critical Community and Emergency Facilities,Regionally Significant,RSI_PT_1650,,St. Johns River Water Management District,FDEM,Risk Shelter Inventory - General - FDEM,,,,Northeast Florida,Northeast District,Northeast,2,20,7,Not Affected,Not Affected,Not Affected,Not Affected,Not Affected,Not Affected,Not Affected,Not Affected,Not Affected,Not Affected,Not Affected,Not Affected,Not Affected,Not Affected,Not Affected,Not Affected,Not Affected,Not Affected,Not Affected,Not Affected,Not Affected,657590.7053,641618.1211
1651,1635,Timberlin Creek ES,555 Pine Tree Ln,St. Augustine,32092,St. Johns,-81.56519398,30.04330098,"-81.56519398, 30.04330098",17R MP 45511 23718,SHELTER,RISK,4,2004,2 Classroom,A,200 kW,0,0,276,5511,0,0,276,5511,500,L,No,No,No,Yes,Yes, ,Yes, , ,,,SHELTER,,Risk Shelter Inventory,Critical Community and Emergency Facilities,Regionally Significant,RSI_PT_1651,,St. Johns River Water Management District,FDEM,Risk Shelter Inventory - General - FDEM,,,,Northeast Florida,Northeast District,Northeast,2,18,7,Not Affected,Not Affected,Not Affected,Not Affected,Not Affected,Not Affected,Not Affected,Not Affected,Not Affected,Not Affected,Not Affected,Not Affected,Not Affected,Not Affected,Not Affected,Not Affected,Not Affected,Not Affected,Not Affected,Not Affected,Not Affected,634488.0736,673002.7496
1652,1636,Otis Mason ES,207 Mason Manatee Way,St. Augustine,32086,St. Johns,-81.37375601,29.82879098,"-81.37375601, 29.82879098",17R MN 63890 99872,SHELTER,RISK,4,1992,2 Classroom,R, ,253,5060,0,0,0,0,253,5060,800,HMGP,No,No,No,No,Yes, , , , ,,,SHELTER,,Risk Shelter Inventory,Critical Community and Emergency Facilities,Regionally Significant,RSI_PT_1634,,St. Johns River Water Management District,FDEM,Risk Shelter Inventory - General - FDEM,,,,Northeast Florida,Northeast District,Northeast,2,20,7,Not Affected,Not Affected,Not Affected,Not Affected,Not Affected,Not Affected,Not Affected,Not Affected,Not Affected,Not Affected,Not Affected,Not Affected,Not Affected,Not Affected,Not Affected,Not Affected,Not Affected,Not Affected,Not Affected,Not Affected,Not Affected,653429.2507,649573.5894
1653,1637,Hickory Creek ES,235 Hickory Creek Tr,St. Johns,32259,St. Johns,-81.64622,30.06461,"-81.64622000, 30.06461000",17R MP 37713 26120,SHELTER,RISK,4,2004,1D Classroom,A, ,0,0,0,0,0,0,395,7891,0, ,No,No,No,No,Yes, , , , ,,,SHELTER,,Risk Shelter Inventory,Critical Community and Emergency Facilities,Regionally Significant,RSI_PT_1644,,St. Johns River Water Management District,FDEM,Risk Shelter Inventory - General - FDEM,,,,Northeast Florida,Northeast District,Northeast,2,18,7,Not Affected,Not Affected,Not Affected,Not Affected,Not Affected,Not Affected,Not Affected,Not Affected,Not Affected,Not Affected,Not Affected,Not Affected,Not Affected,Not Affected,Not Affected,Not Affected,Not Affected,Not Affected,Not Affected,Not Affected,Not Affected,626640.5447,675216.1895
1654,1638,South Woods ES,4750 SR 206 W,Elkton,32033,St. Johns,-81.46485799,29.72672601,"-81.46485799, 29.72672601",17R MN 55042 88595,SHELTER,RISK,4,2004,1 E & F Cafeteria / Auditorium,A,200 kW for Campus,0,0,226,4527,0,0,226,4527,500,L,No,No,No,Yes,Yes, ,Yes, , ,,,SHELTER,,Risk Shelter Inventory,Critical Community and Emergency Facilities,Regionally Significant,RSI_PT_1654,,St. Johns River Water Management District,FDEM,Risk Shelter Inventory - General - FDEM,,,,Northeast Florida,Northeast District,Northeast,2,20,7,Not Affected,Not Affected,Not Affected,Not Affected,Not Affected,Not Affected,Not Affected,Not Affected,Not Affected,Not Affected,Not Affected,Not Affected,Not Affected,Not Affected,Not Affected,Not Affected,Not Affected,Not Affected,Not Affected,Not Affected,Not Affected,644872.2183,638060.8268
1655,1639,Hickory Creek ES,235 Hickory Creek Tr,St. Johns,32259,St. Johns,-81.64622,30.06461,"-81.64622000, 30.06461000",17R MP 37713 26120,SHELTER,RISK,4,2004,1C Classroom,A, ,0,0,0,0,0,0,334,6675,0, ,No,No,No,No,Yes, , , , ,,,SHELTER,,Risk Shelter Inventory,Critical Community and Emergency Facilities,Regionally Significant,RSI_PT_1644,,St. Johns River Water Management District,FDEM,Risk Shelter Inventory - General - FDEM,,,,Northeast Florida,Northeast District,Northeast,2,18,7,Not Affected,Not Affected,Not Affected,Not Affected,Not Affected,Not Affected,Not Affected,Not Affected,Not Affected,Not Affected,Not Affected,Not Affected,Not Affected,Not Affected,Not Affected,Not Affected,Not Affected,Not Affected,Not Affected,Not Affected,Not Affected,626640.5447,675216.1895
1656,1640,Timberlin Creek ES,555 Pine Tree Ln,St. Augustine,32092,St. Johns,-81.56519398,30.04330098,"-81.56519398, 30.04330098",17R MP 45511 23718,SHELTER,RISK,4,2004,1 E & F Cafeteria / Auditorium,A,200 kW,0,0,226,4527,0,0,226,4527,500,L,No,No,No,Yes,Yes, ,Yes, , ,,,SHELTER,,Risk Shelter Inventory,Critical Community and Emergency Facilities,Regionally Significant,RSI_PT_1651,,St. Johns River Water Management District,FDEM,Risk Shelter Inventory - General - FDEM,,,,Northeast Florida,Northeast District,Northeast,2,18,7,Not Affected,Not Affected,Not Affected,Not Affected,Not Affected,Not Affected,Not Affected,Not Affected,Not Affected,Not Affected,Not Affected,Not Affected,Not Affected,Not Affected,Not Affected,Not Affected,Not Affected,Not Affected,Not Affected,Not Affected,Not Affected,634488.0736,673002.7496
1657,1657,Windmill Point ES,700 SW Darwin Blvd,Port St Lucie,34953,St. Lucie,-80.37193803,27.24555598,"-80.37193803, 27.24555598",17R NL 62178 13789,SHELTER,RISK,9,1985,1 Cafeteria,R,"Yes, unknown kW",0,0,0,0,126,2525,126,2525,220,S-1118a,No,No,No,No,Yes, , , , ,,,SHELTER,,Risk Shelter Inventory,Critical Community and Emergency Facilities,Regionally Significant,RSI_PT_1657,Port St. Lucie,South Florida Water Management District,FDEM,Risk Shelter Inventory - General - FDEM,,,,Treasure Coast,Southeast District,Northeast,4,85,31,Not Affected,Not Affected,Not Affected,Not Affected,Not Affected,Not Affected,Not Affected,Not Affected,Not Affected,Not Affected,Not Affected,Not Affected,Not Affected,Not Affected,Not Affected,Not Affected,Not Affected,Not Affected,Not Affected,Not Affected,Not Affected,758517.9121,365290.1834
1658,1658,Savanna Ridge ES,6801 Lennard Rd,Port St Lucie,34952,St. Lucie,-80.31804802,27.34362354,"-80.31804802, 27.34362354",17R NL 67454 24680,SHELTER,RISK,9,1997,1 Cafeteria,R,"Yes, unknown kW",0,0,0,0,186,3716,186,3716,516,S-1523-2002,No,No,No,No,Yes, , , , ,,,SHELTER,,Risk Shelter Inventory,Critical Community and Emergency Facilities,Regionally Significant,RSI_PT_1658,,South Florida Water Management District,FDEM,Risk Shelter Inventory - General - FDEM,,,,Treasure Coast,Southeast District,Northeast,4,84,29,Not Affected,Not Affected,Not Affected,Not Affected,Not Affected,Not Affected,Not Affected,Not Affected,Not Affected,Not Affected,Not Affected,Not Affected,Not Affected,Not Affected,Not Affected,Not Affected,Not Affected,Not Affected,Not Affected,Not Affected,Not Affected,763516.5545,376332.6054
1659,1659,Ft Pierce Westwood HS,1801 Panther Ln,Ft Pierce,34947,St. Lucie,-80.37617198,27.45874902,"-80.37617198, 27.45874902",17R NL 61640 37402,SHELTER,RISK,9,1976,1 Main,R,"Yes, unknown kW",0,0,0,0,2578,51560,2578,51560,632,S,No,No,No,No,Yes, ,Yes, , ,,,SHELTER,,Risk Shelter Inventory,Critical Community and Emergency Facilities,Regionally Significant,RSI_PT_1659,,South Florida Water Management District,FDEM,Risk Shelter Inventory - General - FDEM,,,,Treasure Coast,Southeast District,Northeast,4,84,29,Not Affected,Not Affected,Not Affected,Not Affected,Not Affected,Not Affected,Not Affected,Not Affected,Not Affected,Not Affected,Not Affected,Not Affected,Not Affected,Not Affected,Not Affected,Not Affected,Not Affected,Not Affected,Not Affected,Not Affected,Not Affected,757404.0554,388941.0297
1660,1660,Indian River State College,3002 Avenue D,Fort Pierce,34947,St. Lucie,-80.35603289,27.45304461,"-80.35603289, 27.45304461",17R NL 63634 36780,SHELTER,RISK,9,2008,Human Development and Resources Center,R, ,0,0,0,0,350,7000,350,7000,0,S-pa,No,No,No,No,Yes, , , ,Yes,,,SHELTER,,Risk Shelter Inventory,Critical Community and Emergency Facilities,Regionally Significant,RSI_PT_1660,Fort Pierce,South Florida Water Management District,FDEM,Risk Shelter Inventory - General - FDEM,,,,Treasure Coast,Southeast District,Northeast,4,84,29,Not Affected,Not Affected,Not Affected,Not Affected,Not Affected,Not Affected,Not Affected,Not Affected,Not Affected,Not Affected,Not Affected,Not Affected,Not Affected,Not Affected,Not Affected,Not Affected,Not Affected,Not Affected,Not Affected,Not Affected,Not Affected,759408.4343,388366.3918
1661,1661,Dan McCarty MS,1201 Mississippi Ave,Ft Pierce,34950,St. Lucie,-80.33513631,27.43415743,"-80.33513631, 27.43415743",17R NL 65710 34699,SHELTER,RISK,9,2000,20 ESE / Lab,A, ,0,0,0,0,1312,26249,1312,26249,0, ,No,No,No,No,Yes, , , , ,,,SHELTER,,Risk Shelter Inventory,Critical Community and Emergency Facilities,Regionally Significant,RSI_PT_1661,Fort Pierce,South Florida Water Management District,FDEM,Risk Shelter Inventory - General - FDEM,,,,Treasure Coast,Southeast District,Northeast,4,84,29,Not Affected,Not Affected,Not Affected,Not Affected,Not Affected,Not Affected,Not Affected,Not Affected,Not Affected,Not Affected,Not Affected,Not Affected,Not Affected,Not Affected,Not Affected,Medium,Medium,Medium,Medium,Medium,Medium,761531.2043,386331.0742
1662,1662,Weatherbee ES,800 E Weatherbee Rd,Fort Pierce,34982,St. Lucie,-80.31608002,27.38259,"-80.31608002, 27.38259000",17R NL 67625 28997,SHELTER,RISK,9,1995,1 Cafeteria,R,"Yes, unknown kW",0,0,0,0,102,2043,102,2043,576,S-1523-2002,No,No,No,No,Yes, , , , ,,,SHELTER,,Risk Shelter Inventory,Critical Community and Emergency Facilities,Regionally Significant,RSI_PT_1662,Fort Pierce,South Florida Water Management District,FDEM,Risk Shelter Inventory - General - FDEM,,,,Treasure Coast,Southeast District,Northeast,4,84,29,Not Affected,Not Affected,Not Affected,Not Affected,Not Affected,Not Affected,Not Affected,Not Affected,Not Affected,Not Affected,Not Affected,Not Affected,Not Affected,Not Affected,Not Affected,Not Affected,Not Affected,Not Affected,Not Affected,Not Affected,Not Affected,763581.5514,380663.4044
1663,1663,Parkway ES,7000 NW Selvitz Rd,Ft Pierce,34983,St. Lucie,-80.37027297,27.347853,"-80.37027297, 27.34785300",17R NL 62285 25121,SHELTER,RISK,9,1988,1 Cafeteria,R,"Yes, unknown kW",0,0,0,0,1401,28024,1401,28024,417,S-1118A,No,No,No,No,Yes, , , , ,,,SHELTER,,Risk Shelter Inventory,Critical Community and Emergency Facilities,Regionally Significant,RSI_PT_1663,Port St. Lucie,South Florida Water Management District,FDEM,Risk Shelter Inventory - General - FDEM,,,,Treasure Coast,Southeast District,Northeast,4,84,29,Not Affected,Not Affected,Not Affected,Not Affected,Not Affected,Not Affected,Not Affected,Not Affected,Not Affected,Not Affected,Not Affected,Not Affected,Not Affected,Not Affected,Not Affected,Not Affected,Not Affected,Not Affected,Not Affected,Not Affected,Not Affected,758348.0998,376649.1873
1664,1664,Manatee Academy K-8,1450 SW Heatherwood Blvd,Port St Lucie,34986,St. Lucie,-80.39564004,27.29917602,"-80.39564004, 27.29917602",17R NL 59802 19717,SHELTER,RISK,9,1990,3 Cafeteria,R,"Yes, unknown kW",0,0,0,0,207,4148,207,4148,215,S,No,No,No,No,Yes, , , , ,,,SHELTER,,Risk Shelter Inventory,Critical Community and Emergency Facilities,Regionally Significant,RSI_PT_1664,Port St. Lucie,South Florida Water Management District,FDEM,Risk Shelter Inventory - General - FDEM,,,,Treasure Coast,Southeast District,Northeast,4,84,29,Not Affected,Not Affected,Not Affected,Not Affected,Not Affected,Not Affected,Not Affected,Not Affected,Not Affected,Not Affected,Not Affected,Not Affected,Not Affected,Not Affected,Not Affected,Not Affected,Not Affected,Not Affected,Not Affected,Not Affected,Not Affected,756002.3925,371172.8923
1665,1665,Oak Hammock K-8,1251 SW California Blvd,Port St Lucie,34953,St. Lucie,-80.38448901,27.27888301,"-80.38448901, 27.27888301",17R NL 60917 17474,SHELTER,RISK,9,2004,4 Cafeteria,A,"Yes, unknown kW",0,0,531,10613,0,0,531,10613,500, ,No,No,No,No,Yes, , , , ,,,SHELTER,,Risk Shelter Inventory,Critical Community and Emergency Facilities,Regionally Significant,RSI_PT_1410,Port St. Lucie,South Florida Water Management District,FDEM,Risk Shelter Inventory - General - FDEM,,,,Treasure Coast,Southeast District,Northeast,4,85,31,Not Affected,Not Affected,Not Affected,Not Affected,Not Affected,Not Affected,Not Affected,Not Affected,Not Affected,Not Affected,Not Affected,Not Affected,Not Affected,Not Affected,Not Affected,Not Affected,Not Affected,Not Affected,Not Affected,Not Affected,Not Affected,757169.5212,368952.7683
1666,1666,Oak Hammock K-8,1251 SW California Blvd,Port St Lucie,34953,St. Lucie,-80.38448901,27.27888301,"-80.38448901, 27.27888301",17R NL 60917 17474,SHELTER,RISK,9,2004,5 Gym,A,"Yes, unknown kW",0,0,641,12817,0,0,641,12817,0, ,No,No,No,No,Yes, , , , ,,,SHELTER,,Risk Shelter Inventory,Critical Community and Emergency Facilities,Regionally Significant,RSI_PT_1410,Port St. Lucie,South Florida Water Management District,FDEM,Risk Shelter Inventory - General - FDEM,,,,Treasure Coast,Southeast District,Northeast,4,85,31,Not Affected,Not Affected,Not Affected,Not Affected,Not Affected,Not Affected,Not Affected,Not Affected,Not Affected,Not Affected,Not Affected,Not Affected,Not Affected,Not Affected,Not Affected,Not Affected,Not Affected,Not Affected,Not Affected,Not Affected,Not Affected,757169.5212,368952.7683
1667,1667,West Gate K-8,1050 NW Cashmere Blvd,Port St Lucie,34986,St. Lucie,-80.37624499,27.33697099,"-80.37624499, 27.33697099",17R NL 61701 23913,SHELTER,RISK,9,2005,4 Cafeteria,A, ,0,0,517,10347,0,0,517,10347,500, ,No,No,No,No,Yes, , , ,Yes,,,SHELTER,,Risk Shelter Inventory,Critical Community and Emergency Facilities,Regionally Significant,RSI_PT_1667,Port St. Lucie,South Florida Water Management District,FDEM,Risk Shelter Inventory - General - FDEM,,,,Treasure Coast,Southeast District,Northeast,4,84,29,Not Affected,Not Affected,Not Affected,Not Affected,Not Affected,Not Affected,Not Affected,Not Affected,Not Affected,Not Affected,Not Affected,Not Affected,Not Affected,Not Affected,Not Affected,Not Affected,Not Affected,Not Affected,Not Affected,Not Affected,Not Affected,757794.1804,375424.0113
1668,1668,Chester A Moore ES,827 N 29th St,Ft Pierce,34947,St. Lucie,-80.35457802,27.45746801,"-80.35457802, 27.45746801",17R NL 63775 37271,SHELTER,RISK,9,1997,1 Cafeteria / Stage / Classroom,R,"Yes, unknown kW",0,0,0,0,2019,40377,2019,40377,412,S-1543,No,No,No,No,Yes, , , , ,,,SHELTER,,Risk Shelter Inventory,Critical Community and Emergency Facilities,Regionally Significant,RSI_PT_1668,Fort Pierce,South Florida Water Management District,FDEM,Risk Shelter Inventory - General - FDEM,,,,Treasure Coast,Southeast District,Northeast,4,84,29,Not Affected,Not Affected,Not Affected,Not Affected,Not Affected,Not Affected,Not Affected,Not Affected,Not Affected,Not Affected,Not Affected,Not Affected,Not Affected,Not Affected,Not Affected,Not Affected,Not Affected,Not Affected,Not Affected,Not Affected,Not Affected,759537.3698,388861.6148
1669,1669,Village Green Environmental Studies School,1700 SE Lennard Rd,Port St Lucie,34952,St. Lucie,-80.28570803,27.289681,"-80.28570803, 27.28968100",17R NL 70687 18722,SHELTER,RISK,9,1985,1 Cafeteria,R, ,0,0,0,0,1373,27453,1373,27453,220,S-1118A,No,No,No,No,Yes, , , , ,,,SHELTER,,Risk Shelter Inventory,Critical Community and Emergency Facilities,Regionally Significant,RSI_PT_1669,Port St. Lucie,South Florida Water Management District,FDEM,Risk Shelter Inventory - General - FDEM,,,,Treasure Coast,Southeast District,Northeast,4,85,29,Not Affected,Not Affected,Not Affected,Not Affected,Not Affected,Not Affected,Not Affected,Not Affected,Not Affected,Not Affected,Not Affected,Not Affected,Not Affected,Not Affected,Not Affected,Not Affected,Not Affected,Not Affected,Not Affected,Not Affected,Not Affected,766888.887,370441.2485
1670,1670,Dan McCarty MS,1201 Mississippi Ave,Ft Pierce,34950,St. Lucie,-80.33513631,27.43415743,"-80.33513631, 27.43415743",17R NL 65710 34699,SHELTER,RISK,9,2000,21 Cafeteria,R, ,0,0,0,0,475,9496,475,9496,220,L,No,No,No,No,Yes, , , ,Yes,,,SHELTER,,Risk Shelter Inventory,Critical Community and Emergency Facilities,Regionally Significant,RSI_PT_1661,Fort Pierce,South Florida Water Management District,FDEM,Risk Shelter Inventory - General - FDEM,,,,Treasure Coast,Southeast District,Northeast,4,84,29,Not Affected,Not Affected,Not Affected,Not Affected,Not Affected,Not Affected,Not Affected,Not Affected,Not Affected,Not Affected,Not Affected,Not Affected,Not Affected,Not Affected,Not Affected,Medium,Medium,Medium,Medium,Medium,Medium,761531.2043,386331.0742
1671,1671,Morningside ES,2300 SE Gowin Dr,Port St Lucie,34952,St. Lucie,-80.29517497,27.27348201,"-80.29517497, 27.27348201",17R NL 69760 16923,SHELTER,RISK,9,1979,1 Classroom / Cafeteria,R,"Yes, unknown kW",0,0,0,0,1501,30024,1501,30024,215,S-1118A,No,No,No,No,Yes, , , , ,,,SHELTER,,Risk Shelter Inventory,Critical Community and Emergency Facilities,Regionally Significant,RSI_PT_1671,Port St. Lucie,South Florida Water Management District,FDEM,Risk Shelter Inventory - General - FDEM,,,,Treasure Coast,Southeast District,Northeast,4,85,29,Not Affected,Not Affected,Not Affected,Not Affected,Not Affected,Not Affected,Not Affected,Not Affected,Not Affected,Not Affected,Not Affected,Not Affected,Not Affected,Not Affected,Not Affected,Not Affected,Not Affected,Not Affected,Not Affected,Not Affected,Not Affected,766008.0795,368615.1984
1672,1672,Floresta ES,1501 SE Floresta Dr,Port St Lucie,34983,St. Lucie,-80.32531302,27.29482099,"-80.32531302, 27.29482099",17R NL 66764 19270,SHELTER,RISK,9,1982,1 Cafeteria / Classroom,R, ,0,0,0,0,1509,30184,1509,30184,411,S-118A,B,No,No,No,Yes, , , , ,,,SHELTER,,Risk Shelter Inventory,Critical Community and Emergency Facilities,Regionally Significant,RSI_PT_1672,Port St. Lucie,South Florida Water Management District,FDEM,Risk Shelter Inventory - General - FDEM,,,,Treasure Coast,Southeast District,Northeast,4,85,29,Not Affected,Not Affected,Not Affected,Not Affected,Not Affected,Not Affected,Not Affected,Not Affected,Not Affected,Not Affected,Not Affected,Not Affected,Not Affected,Not Affected,Not Affected,Not Affected,Not Affected,Not Affected,Not Affected,Not Affected,Not Affected,762960.9592,370894.5344
1673,1871,Mossy Head ES,13270 Hwy 90 W,DeFuniak Springs,32433,Walton,-86.33074297,30.74354801,"-86.33074297, 30.74354801",16R EV 64062 01372,SHELTER,RISK,1,2008,100 wing Admin,A,300 kW,52,1041,0,0,0,0,52,1041,52, ,No,No,No,No,Yes, , , , ,,,SHELTER,,Risk Shelter Inventory,Critical Community and Emergency Facilities,Regionally Significant,RSI_PT_1673,,Northwest Florida Water Management District,FDEM,Risk Shelter Inventory - General - FDEM,,,,Emerald Coast,Northwest District,Northwest,3,5,2,Not Affected,Not Affected,Not Affected,Not Affected,Not Affected,Not Affected,Not Affected,Not Affected,Not Affected,Not Affected,Not Affected,Not Affected,Not Affected,Not Affected,Not Affected,Medium,Medium,Medium,Medium,Medium,Medium,177001.4363,750508.8745
1674,1872,South Walton HS,645 Greenway Tr,Santa Rosa Beach,32459,Walton,-86.18025604,30.37899101,"-86.18025604, 30.37899101",16R EU 78761 61066,SHELTER,RISK,1,2002,1 Cafeteria,R, ,0,0,0,0,953,19052,953,19052,1751,S-1508-2005,C,No,No,No,Yes, , , , ,,,SHELTER,,Risk Shelter Inventory,Critical Community and Emergency Facilities,Regionally Significant,RSI_PT_1674,,Northwest Florida Water Management District,FDEM,Risk Shelter Inventory - General - FDEM,,,,Emerald Coast,Northwest District,Northwest,3,5,2,Not Affected,Not Affected,Not Affected,Not Affected,Not Affected,Not Affected,Not Affected,Not Affected,Not Affected,Not Affected,Not Affected,Not Affected,Not Affected,Not Affected,Not Affected,Not Affected,Not Affected,Not Affected,Not Affected,Not Affected,Not Affected,190682.8149,709797.6389
1675,1873,Walton HS,449 Walton Rd,DeFuniak Springs,32433,Walton,-86.12377702,30.74155702,"-86.12377702, 30.74155702",16R EV 83875 01288,SHELTER,RISK,1,2009,1 Gym,A, ,0,0,677,13530,0,0,677,13530,677, ,No,No,No,Yes,Yes, , , , ,,,SHELTER,,Risk Shelter Inventory,Critical Community and Emergency Facilities,Regionally Significant,RSI_PT_1675,DeFuniak Springs,Northwest Florida Water Management District,FDEM,Risk Shelter Inventory - General - FDEM,,,,Emerald Coast,Northwest District,Northwest,3,5,2,Not Affected,Not Affected,Not Affected,Not Affected,Not Affected,Not Affected,Not Affected,Not Affected,Not Affected,Not Affected,Not Affected,Not Affected,Not Affected,Not Affected,Not Affected,Not Affected,Not Affected,Not Affected,Not Affected,Not Affected,Not Affected,196797.4662,749930.3433
1676,1874,South Walton HS,645 Greenway Tr,Santa Rosa Beach,32459,Walton,-86.18025604,30.37899101,"-86.18025604, 30.37899101",16R EU 78761 61066,SHELTER,RISK,1,2002,1 Main (excluding Cafeteria),A, ,0,0,1506,30126,0,0,1506,30126,0, ,C,No,No,Yes,Yes, , , , ,,,SHELTER,,Risk Shelter Inventory,Critical Community and Emergency Facilities,Regionally Significant,RSI_PT_1674,,Northwest Florida Water Management District,FDEM,Risk Shelter Inventory - General - FDEM,,,,Emerald Coast,Northwest District,Northwest,3,5,2,Not Affected,Not Affected,Not Affected,Not Affected,Not Affected,Not Affected,Not Affected,Not Affected,Not Affected,Not Affected,Not Affected,Not Affected,Not Affected,Not Affected,Not Affected,Not Affected,Not Affected,Not Affected,Not Affected,Not Affected,Not Affected,190682.8149,709797.6389
1677,1875,Walton HS,449 Walton Rd,DeFuniak Springs,32433,Walton,-86.12377702,30.74155702,"-86.12377702, 30.74155702",16R EV 83875 01288,SHELTER,RISK,1,2009,1 South Wing Cafeteria,A, ,0,0,156,3120,0,0,156,3120,0, ,No,No,No,Yes,Yes, , , , ,,,SHELTER,,Risk Shelter Inventory,Critical Community and Emergency Facilities,Regionally Significant,RSI_PT_1675,DeFuniak Springs,Northwest Florida Water Management District,FDEM,Risk Shelter Inventory - General - FDEM,,,,Emerald Coast,Northwest District,Northwest,3,5,2,Not Affected,Not Affected,Not Affected,Not Affected,Not Affected,Not Affected,Not Affected,Not Affected,Not Affected,Not Affected,Not Affected,Not Affected,Not Affected,Not Affected,Not Affected,Not Affected,Not Affected,Not Affected,Not Affected,Not Affected,Not Affected,196797.4662,749930.3433
1678,1876,Paxton HS,21893 Hwy 331 N,Laurel Hill,32538,Walton,-86.30472697,30.973831,"-86.30472697, 30.97383100",16R EV 66393 26909,SHELTER,RISK,1,2005,1 Admin,A,"Yes, unknown kW",287,5743,0,0,0,0,287,5743,287, ,No,No,No,No,Yes, , , , ,,,SHELTER,,Risk Shelter Inventory,Critical Community and Emergency Facilities,Regionally Significant,RSI_PT_1678,Paxton,Northwest Florida Water Management District,FDEM,Risk Shelter Inventory - General - FDEM,,,,Emerald Coast,Northwest District,Northwest,3,5,2,Not Affected,Not Affected,Not Affected,Not Affected,Not Affected,Not Affected,Not Affected,Not Affected,Not Affected,Not Affected,Not Affected,Not Affected,Not Affected,Not Affected,Not Affected,Not Affected,Not Affected,Not Affected,Not Affected,Not Affected,Not Affected,179967.7447,776005.9446
1679,1877,Vernon HS,3232 Moss Hill Rd,Vernon,32462,Washington,-85.69135336,30.60849389,"-85.69135336, 30.60849389",16R FU 25444 86944,SHELTER,RISK,1,2004,1 Admin,R, ,0,0,0,0,137,2747,137,2747,0,L,No,No,No,No,Yes, , , , ,,,SHELTER,,Risk Shelter Inventory,Critical Community and Emergency Facilities,Regionally Significant,RSI_PT_1679,Vernon,Northwest Florida Water Management District,FDEM,Risk Shelter Inventory - General - FDEM,,,,Emerald Coast,Northwest District,Northwest,3,5,2,Not Affected,Not Affected,Not Affected,Not Affected,Not Affected,Not Affected,Not Affected,Not Affected,Not Affected,Not Affected,Not Affected,Not Affected,Not Affected,Not Affected,Not Affected,Not Affected,Not Affected,Not Affected,Not Affected,Not Affected,Not Affected,237966.2428,734527.1426
1680,1878,Vernon HS,3232 Moss Hill Rd,Vernon,32462,Washington,-85.69135336,30.60849389,"-85.69135336, 30.60849389",16R FU 25444 86944,SHELTER,RISK,1,2004,8 Multipurpose,R, ,0,0,0,0,167,3334,167,3334,0,L,No,No,No,No,Yes, , , , ,,,SHELTER,,Risk Shelter Inventory,Critical Community and Emergency Facilities,Regionally Significant,RSI_PT_1679,Vernon,Northwest Florida Water Management District,FDEM,Risk Shelter Inventory - General - FDEM,,,,Emerald Coast,Northwest District,Northwest,3,5,2,Not Affected,Not Affected,Not Affected,Not Affected,Not Affected,Not Affected,Not Affected,Not Affected,Not Affected,Not Affected,Not Affected,Not Affected,Not Affected,Not Affected,Not Affected,Not Affected,Not Affected,Not Affected,Not Affected,Not Affected,Not Affected,237966.2428,734527.1426
1681,1879,Vernon HS,3232 Moss Hill Rd,Vernon,32462,Washington,-85.69135336,30.60849389,"-85.69135336, 30.60849389",16R FU 25444 86944,SHELTER,RISK,1,2004,4 Cafeteria,A, ,0,0,239,4788,0,0,239,4788,90,L,No,No,No,Yes,Yes, , , , ,,,SHELTER,,Risk Shelter Inventory,Critical Community and Emergency Facilities,Regionally Significant,RSI_PT_1679,Vernon,Northwest Florida Water Management District,FDEM,Risk Shelter Inventory - General - FDEM,,,,Emerald Coast,Northwest District,Northwest,3,5,2,Not Affected,Not Affected,Not Affected,Not Affected,Not Affected,Not Affected,Not Affected,Not Affected,Not Affected,Not Affected,Not Affected,Not Affected,Not Affected,Not Affected,Not Affected,Not Affected,Not Affected,Not Affected,Not Affected,Not Affected,Not Affected,237966.2428,734527.1426
1682,1880,Roulhac MS,1535 Brickyard Rd,Chipley,32428,Washington,-85.556347,30.76465448,"-85.55634700, 30.76465448",16R FV 38164 04410,SHELTER,RISK,1,1999,3 (3B) Classroom,A,250 kW,0,0,0,0,0,0,427,8532,301, ,No,No,No,No,Yes, , , , ,,,SHELTER,,Risk Shelter Inventory,Critical Community and Emergency Facilities,Regionally Significant,RSI_PT_1682,,Northwest Florida Water Management District,FDEM,Risk Shelter Inventory - General - FDEM,,,,Emerald Coast,Northwest District,Northwest,3,5,2,Not Affected,Not Affected,Not Affected,Not Affected,Not Affected,Not Affected,Not Affected,Not Affected,Not Affected,Not Affected,Not Affected,Not Affected,Not Affected,Not Affected,Not Affected,Not Affected,Not Affected,Not Affected,Not Affected,Not Affected,Not Affected,251117.9841,751682.7273
1683,1881,Chipley HS,1545 Brickyard Rd,Chipley,32428,Washington,-85.55720923,30.76466276,"-85.55720923, 30.76466276",16R FV 38081 04410,SHELTER,RISK,1,2000,6 Classroom,R,250 kW,0,0,0,0,552,11042,552,11042,364,S-1523,No,No,No,No,Yes, , , , ,,,SHELTER,,Risk Shelter Inventory,Critical Community and Emergency Facilities,Regionally Significant,RSI_PT_1683,,Northwest Florida Water Management District,FDEM,Risk Shelter Inventory - General - FDEM,,,,Emerald Coast,Northwest District,Northwest,3,5,2,Not Affected,Not Affected,Not Affected,Not Affected,Not Affected,Not Affected,Not Affected,Not Affected,Not Affected,Not Affected,Not Affected,Not Affected,Not Affected,Not Affected,Not Affected,Not Affected,Not Affected,Not Affected,Not Affected,Not Affected,Not Affected,251035.5183,751684.6878
1684,1882,Vernon MS,3206 Moss Hill Rd,Vernon,32462,Washington,-85.69324541,30.6105074,"-85.69324541, 30.61050740",16R FU 25260 87165,SHELTER,RISK,1,1999,4 Classroom,R, ,0,0,0,0,301,7299,388,7766,173,S-1523,No,No,No,No,Yes, , , , ,,,SHELTER,,Risk Shelter Inventory,Critical Community and Emergency Facilities,Regionally Significant,RSI_PT_1684,Vernon,Northwest Florida Water Management District,FDEM,Risk Shelter Inventory - General - FDEM,,,,Emerald Coast,Northwest District,Northwest,3,5,2,Not Affected,Not Affected,Not Affected,Not Affected,Not Affected,Not Affected,Not Affected,Not Affected,Not Affected,Not Affected,Not Affected,Not Affected,Not Affected,Not Affected,Not Affected,Not Affected,Not Affected,Not Affected,Not Affected,Not Affected,Not Affected,237788.061,734753.0369
1685,1883,Chipley HS,1545 Brickyard Rd,Chipley,32428,Washington,-85.55720923,30.76466276,"-85.55720923, 30.76466276",16R FV 38081 04410,SHELTER,RISK,1,2006,11 Gym,R,250 kW,0,0,0,0,837,16736,837,16736,0, ,No,No,No,No,Yes, , , , ,,,SHELTER,,Risk Shelter Inventory,Critical Community and Emergency Facilities,Regionally Significant,RSI_PT_1683,,Northwest Florida Water Management District,FDEM,Risk Shelter Inventory - General - FDEM,,,,Emerald Coast,Northwest District,Northwest,3,5,2,Not Affected,Not Affected,Not Affected,Not Affected,Not Affected,Not Affected,Not Affected,Not Affected,Not Affected,Not Affected,Not Affected,Not Affected,Not Affected,Not Affected,Not Affected,Not Affected,Not Affected,Not Affected,Not Affected,Not Affected,Not Affected,251035.5183,751684.6878
1686,1884,Vernon MS,3206 Moss Hill Rd,Vernon,32462,Washington,-85.69324541,30.6105074,"-85.69324541, 30.61050740",16R FU 25260 87165,SHELTER,RISK,1,1999,3 Gym,R, ,0,0,0,0,405,7053,352,7044,256,S-1523,No,No,No,No,Yes, , , , ,,,SHELTER,,Risk Shelter Inventory,Critical Community and Emergency Facilities,Regionally Significant,RSI_PT_1684,Vernon,Northwest Florida Water Management District,FDEM,Risk Shelter Inventory - General - FDEM,,,,Emerald Coast,Northwest District,Northwest,3,5,2,Not Affected,Not Affected,Not Affected,Not Affected,Not Affected,Not Affected,Not Affected,Not Affected,Not Affected,Not Affected,Not Affected,Not Affected,Not Affected,Not Affected,Not Affected,Not Affected,Not Affected,Not Affected,Not Affected,Not Affected,Not Affected,237788.061,734753.0369
1687,1885,Vernon HS,3232 Moss Hill Rd,Vernon,32462,Washington,-85.69135336,30.60849389,"-85.69135336, 30.60849389",16R FU 25444 86944,SHELTER,RISK,1,2004,3 PE / ROTC,A,160 kW,0,0,507,10137,0,0,507,10137,343,L,No,No,No,Yes,Yes, , , , ,,,SHELTER,,Risk Shelter Inventory,Critical Community and Emergency Facilities,Regionally Significant,RSI_PT_1679,Vernon,Northwest Florida Water Management District,FDEM,Risk Shelter Inventory - General - FDEM,,,,Emerald Coast,Northwest District,Northwest,3,5,2,Not Affected,Not Affected,Not Affected,Not Affected,Not Affected,Not Affected,Not Affected,Not Affected,Not Affected,Not Affected,Not Affected,Not Affected,Not Affected,Not Affected,Not Affected,Not Affected,Not Affected,Not Affected,Not Affected,Not Affected,Not Affected,237966.2428,734527.1426
1688,1886,Vernon HS,3232 Moss Hill Rd,Vernon,32462,Washington,-85.69135336,30.60849389,"-85.69135336, 30.60849389",16R FU 25444 86944,SHELTER,RISK,1,2004,6 ESE,A, ,0,0,174,3473,0,0,174,3473,0,L,No,No,No,Yes,Yes, , , , ,,,SHELTER,,Risk Shelter Inventory,Critical Community and Emergency Facilities,Regionally Significant,RSI_PT_1679,Vernon,Northwest Florida Water Management District,FDEM,Risk Shelter Inventory - General - FDEM,,,,Emerald Coast,Northwest District,Northwest,3,5,2,Not Affected,Not Affected,Not Affected,Not Affected,Not Affected,Not Affected,Not Affected,Not Affected,Not Affected,Not Affected,Not Affected,Not Affected,Not Affected,Not Affected,Not Affected,Not Affected,Not Affected,Not Affected,Not Affected,Not Affected,Not Affected,237966.2428,734527.1426
1689,1887,Chipley HS,1545 Brickyard Rd,Chipley,32428,Washington,-85.55720923,30.76466276,"-85.55720923, 30.76466276",16R FV 38081 04410,SHELTER,RISK,1,1999,9 Media,A,250 kW,0,0,0,0,0,0,171,3420,0, ,No,No,No,No,Yes, , , , ,,,SHELTER,,Risk Shelter Inventory,Critical Community and Emergency Facilities,Regionally Significant,RSI_PT_1683,,Northwest Florida Water Management District,FDEM,Risk Shelter Inventory - General - FDEM,,,,Emerald Coast,Northwest District,Northwest,3,5,2,Not Affected,Not Affected,Not Affected,Not Affected,Not Affected,Not Affected,Not Affected,Not Affected,Not Affected,Not Affected,Not Affected,Not Affected,Not Affected,Not Affected,Not Affected,Not Affected,Not Affected,Not Affected,Not Affected,Not Affected,Not Affected,251035.5183,751684.6878
1690,1888,Vernon HS,3232 Moss Hill Rd,Vernon,32462,Washington,-85.69135336,30.60849389,"-85.69135336, 30.60849389",16R FU 25444 86944,SHELTER,RISK,1,2004,2 Media,R, ,0,0,0,0,91,1810,91,1810,0,L,No,No,No,No,Yes, , , , ,,,SHELTER,,Risk Shelter Inventory,Critical Community and Emergency Facilities,Regionally Significant,RSI_PT_1679,Vernon,Northwest Florida Water Management District,FDEM,Risk Shelter Inventory - General - FDEM,,,,Emerald Coast,Northwest District,Northwest,3,5,2,Not Affected,Not Affected,Not Affected,Not Affected,Not Affected,Not Affected,Not Affected,Not Affected,Not Affected,Not Affected,Not Affected,Not Affected,Not Affected,Not Affected,Not Affected,Not Affected,Not Affected,Not Affected,Not Affected,Not Affected,Not Affected,237966.2428,734527.1426
1691,1673,White City ES,905 W 2nd St,Ft Pierce,34982,St. Lucie,-80.33442569,27.37241787,"-80.33442569, 27.37241787",17R NL 65817 27860,SHELTER,RISK,9,1988,9 Cafeteria,A, ,0,0,0,0,0,0,123,2463,0, ,No,No,No,No,Yes, , , , ,,,SHELTER,,Risk Shelter Inventory,Critical Community and Emergency Facilities,Regionally Significant,RSI_PT_1691,,South Florida Water Management District,FDEM,Risk Shelter Inventory - General - FDEM,,,,Treasure Coast,Southeast District,Northeast,4,84,29,Not Affected,Not Affected,Not Affected,Not Affected,Not Affected,Not Affected,Not Affected,Not Affected,Not Affected,Not Affected,Not Affected,Not Affected,Not Affected,Not Affected,Not Affected,Low,Not Affected,Low,Low,Low,Low,761805.0462,379480.406
1692,1674,Oak Hammock K-8,1251 SW California Blvd,Port St Lucie,34953,St. Lucie,-80.38448901,27.27888301,"-80.38448901, 27.27888301",17R NL 60917 17474,SHELTER,RISK,9,2004,2 Classroom,A,"Yes, unknown kW",0,0,1285,25697,0,0,1285,25697,500, ,No,No,No,No,Yes, , , , ,,,SHELTER,,Risk Shelter Inventory,Critical Community and Emergency Facilities,Regionally Significant,RSI_PT_1410,Port St. Lucie,South Florida Water Management District,FDEM,Risk Shelter Inventory - General - FDEM,,,,Treasure Coast,Southeast District,Northeast,4,85,31,Not Affected,Not Affected,Not Affected,Not Affected,Not Affected,Not Affected,Not Affected,Not Affected,Not Affected,Not Affected,Not Affected,Not Affected,Not Affected,Not Affected,Not Affected,Not Affected,Not Affected,Not Affected,Not Affected,Not Affected,Not Affected,757169.5212,368952.7683
1693,1675,Lakewood Park ES,7800 Indrio Rd,Ft Pierce,34951,St. Lucie,-80.4047836,27.52113994,"-80.40478360, 27.52113994",17R NL 58780 44299,SHELTER,RISK,9,1981,1 Main,R,"Yes, unknown kW",0,0,0,0,1489,29771,1489,29771,215,S-1118A,No,No,No,No,Yes, , , , ,,,SHELTER,,Risk Shelter Inventory,Critical Community and Emergency Facilities,Regionally Significant,RSI_PT_1693,,South Florida Water Management District,FDEM,Risk Shelter Inventory - General - FDEM,,,,Treasure Coast,Southeast District,Northeast,4,84,29,Not Affected,Not Affected,Not Affected,Not Affected,Not Affected,Not Affected,Not Affected,Not Affected,Not Affected,Not Affected,Not Affected,Not Affected,Not Affected,Not Affected,Not Affected,Not Affected,Not Affected,Not Affected,Not Affected,Not Affected,Not Affected,754381.0416,395783.7507
1694,1676,West Navarre Primary School (PK-2),1955 Lowe Rd,Navarre,32566,Santa Rosa,-86.91901603,30.40555699,"-86.91901603, 30.40555699",16R EU 07778 63728,SHELTER,RISK,1,1993,600 wing Classroom,R,100 kW,0,0,0,0,377,7540,377,7540,0,S FY 11-12 1515A,No,No,No,No,Yes, , , , ,,,SHELTER,,Risk Shelter Inventory,Critical Community and Emergency Facilities,Regionally Significant,RSI_PT_1694,,Northwest Florida Water Management District,FDEM,Risk Shelter Inventory - General - FDEM,,,,Emerald Coast,Northwest District,Northwest,3,3,1,Not Affected,Not Affected,Not Affected,Not Affected,Not Affected,Not Affected,Not Affected,Not Affected,Not Affected,Not Affected,Not Affected,Not Affected,Not Affected,Not Affected,Not Affected,Not Affected,Not Affected,Not Affected,Not Affected,Not Affected,Not Affected,119838.9397,714211.5483
1695,1677,West Navarre Primary School (PK-2),1955 Lowe Rd,Navarre,32566,Santa Rosa,-86.91901603,30.40555699,"-86.91901603, 30.40555699",16R EU 07778 63728,SHELTER,RISK,1,1993,200 wing Cafe / Music,R,100 kW,0,0,0,0,385,7700,385,7700,0,S FY 11-12 1515A,No,No,No,No,Yes, , , , ,,,SHELTER,,Risk Shelter Inventory,Critical Community and Emergency Facilities,Regionally Significant,RSI_PT_1694,,Northwest Florida Water Management District,FDEM,Risk Shelter Inventory - General - FDEM,,,,Emerald Coast,Northwest District,Northwest,3,3,1,Not Affected,Not Affected,Not Affected,Not Affected,Not Affected,Not Affected,Not Affected,Not Affected,Not Affected,Not Affected,Not Affected,Not Affected,Not Affected,Not Affected,Not Affected,Not Affected,Not Affected,Not Affected,Not Affected,Not Affected,Not Affected,119838.9397,714211.5483
1696,1678,West Navarre Primary School (PK-2),1955 Lowe Rd,Navarre,32566,Santa Rosa,-86.91901603,30.40555699,"-86.91901603, 30.40555699",16R EU 07778 63728,SHELTER,RISK,1,1993,400 wing Classroom,R,100 kW,0,0,0,0,425,8500,425,8500,0,S FY 11-12 1515A,No,No,No,No,Yes, , , , ,,,SHELTER,,Risk Shelter Inventory,Critical Community and Emergency Facilities,Regionally Significant,RSI_PT_1694,,Northwest Florida Water Management District,FDEM,Risk Shelter Inventory - General - FDEM,,,,Emerald Coast,Northwest District,Northwest,3,3,1,Not Affected,Not Affected,Not Affected,Not Affected,Not Affected,Not Affected,Not Affected,Not Affected,Not Affected,Not Affected,Not Affected,Not Affected,Not Affected,Not Affected,Not Affected,Not Affected,Not Affected,Not Affected,Not Affected,Not Affected,Not Affected,119838.9397,714211.5483
1697,1679,Jay HS (7-12),3741 School St,Jay,32565,Santa Rosa,-87.15713404,30.94228043,"-87.15713404, 30.94228043",16R DV 84989 23215,SHELTER,RISK,1,0,"26 Corridors 100, 200, 300 & 900",A, ,0,0,753,15050,0,0,753,15050,753,L,No,No,No,Yes,Yes, , , , ,,,SHELTER,,Risk Shelter Inventory,Critical Community and Emergency Facilities,Regionally Significant,RSI_PT_1697,Jay,Northwest Florida Water Management District,FDEM,Risk Shelter Inventory - General - FDEM,,,,Emerald Coast,Northwest District,Northwest,3,3,1,Not Affected,Not Affected,Not Affected,Not Affected,Not Affected,Not Affected,Not Affected,Not Affected,Not Affected,Not Affected,Not Affected,Not Affected,Not Affected,Not Affected,Not Affected,Not Affected,Not Affected,Not Affected,Not Affected,Not Affected,Not Affected,98514.2329,774309.2435
1698,1680,Avalon MS,5445 King Arthur's Way,Milton,32583,Santa Rosa,-87.09763925,30.57162328,"-87.09763925, 30.57162328",16R DU 90637 82132,SHELTER,RISK,1,1998,1 Main non-EHPA,R,80 kW,0,0,0,0,1343,26855,1343,26855,0, ,No,No,No,No,Yes, , , , ,,,SHELTER,,Risk Shelter Inventory,Critical Community and Emergency Facilities,Regionally Significant,RSI_PT_1698,,Northwest Florida Water Management District,FDEM,Risk Shelter Inventory - General - FDEM,,,,Emerald Coast,Northwest District,Northwest,3,3,1,Not Affected,Not Affected,Not Affected,Not Affected,Not Affected,Not Affected,Not Affected,Not Affected,Not Affected,Not Affected,Not Affected,Not Affected,Not Affected,Not Affected,Not Affected,Not Affected,Not Affected,Not Affected,Not Affected,Not Affected,Not Affected,103161.4444,733052.9956
1699,1681,West Navarre Primary School (PK-2),1955 Lowe Rd,Navarre,32566,Santa Rosa,-86.91901603,30.40555699,"-86.91901603, 30.40555699",16R EU 07778 63728,SHELTER,RISK,1,1993,100 wing Admin / Media,R,100 kW,0,0,0,0,98,1960,98,1960,0,S FY 11-12 1515A,No,No,No,No,Yes, , , , ,,,SHELTER,,Risk Shelter Inventory,Critical Community and Emergency Facilities,Regionally Significant,RSI_PT_1694,,Northwest Florida Water Management District,FDEM,Risk Shelter Inventory - General - FDEM,,,,Emerald Coast,Northwest District,Northwest,3,3,1,Not Affected,Not Affected,Not Affected,Not Affected,Not Affected,Not Affected,Not Affected,Not Affected,Not Affected,Not Affected,Not Affected,Not Affected,Not Affected,Not Affected,Not Affected,Not Affected,Not Affected,Not Affected,Not Affected,Not Affected,Not Affected,119838.9397,714211.5483
1700,1682,Avalon MS,5445 King Arthur's Way,Milton,32583,Santa Rosa,-87.09763925,30.57162328,"-87.09763925, 30.57162328",16R DU 90637 82132,SHELTER,RISK,1,1998,1 Main EHPA,A,80 kW,0,0,1559,31176,0,0,1559,31176,1559,HMGP,No,No,No,Yes,Yes, ,Yes, , ,,,SHELTER,,Risk Shelter Inventory,Critical Community and Emergency Facilities,Regionally Significant,RSI_PT_1698,,Northwest Florida Water Management District,FDEM,Risk Shelter Inventory - General - FDEM,,,,Emerald Coast,Northwest District,Northwest,3,3,1,Not Affected,Not Affected,Not Affected,Not Affected,Not Affected,Not Affected,Not Affected,Not Affected,Not Affected,Not Affected,Not Affected,Not Affected,Not Affected,Not Affected,Not Affected,Not Affected,Not Affected,Not Affected,Not Affected,Not Affected,Not Affected,103161.4444,733052.9956
1701,1683,West Navarre Primary School (PK-2),1955 Lowe Rd,Navarre,32566,Santa Rosa,-86.91901603,30.40555699,"-86.91901603, 30.40555699",16R EU 07778 63728,SHELTER,RISK,1,1993,500 wing Classroom,R,100 kW,0,0,0,0,343,6860,343,6860,0,S FY 11-12 1515A,No,No,No,No,Yes, , , , ,,,SHELTER,,Risk Shelter Inventory,Critical Community and Emergency Facilities,Regionally Significant,RSI_PT_1694,,Northwest Florida Water Management District,FDEM,Risk Shelter Inventory - General - FDEM,,,,Emerald Coast,Northwest District,Northwest,3,3,1,Not Affected,Not Affected,Not Affected,Not Affected,Not Affected,Not Affected,Not Affected,Not Affected,Not Affected,Not Affected,Not Affected,Not Affected,Not Affected,Not Affected,Not Affected,Not Affected,Not Affected,Not Affected,Not Affected,Not Affected,Not Affected,119838.9397,714211.5483
1702,1684,Jay HS (7-12),3741 School St,Jay,32565,Santa Rosa,-87.15713404,30.94228043,"-87.15713404, 30.94228043",16R DV 84989 23215,SHELTER,RISK,1,0,26 Corridor 400,A, ,0,0,130,2600,0,0,130,2600,0, ,No,No,No,Yes,Yes, , , , ,,,SHELTER,,Risk Shelter Inventory,Critical Community and Emergency Facilities,Regionally Significant,RSI_PT_1697,Jay,Northwest Florida Water Management District,FDEM,Risk Shelter Inventory - General - FDEM,,,,Emerald Coast,Northwest District,Northwest,3,3,1,Not Affected,Not Affected,Not Affected,Not Affected,Not Affected,Not Affected,Not Affected,Not Affected,Not Affected,Not Affected,Not Affected,Not Affected,Not Affected,Not Affected,Not Affected,Not Affected,Not Affected,Not Affected,Not Affected,Not Affected,Not Affected,98514.2329,774309.2435
1703,1685,Bennett C Russell ES,3740 Excalibur Way,Milton,32583,Santa Rosa,-87.09551855,30.57301487,"-87.09551855, 30.57301487",16R DU 90840 82286,SHELTER,RISK,1,2006,1 All other corridors,A, ,0,0,4000,80007,0,0,4000,80007,500,HB7121,No,No,No,Yes,Yes, , , ,Yes,,,SHELTER,,Risk Shelter Inventory,Critical Community and Emergency Facilities,Regionally Significant,RSI_PT_1703,,Northwest Florida Water Management District,FDEM,Risk Shelter Inventory - General - FDEM,,,,Emerald Coast,Northwest District,Northwest,3,3,1,Not Affected,Not Affected,Not Affected,Not Affected,Not Affected,Not Affected,Not Affected,Not Affected,Not Affected,Not Affected,Not Affected,Not Affected,Not Affected,Not Affected,Not Affected,Not Affected,Not Affected,Not Affected,Not Affected,Not Affected,Not Affected,103368.4984,733202.2648
1704,1686,Milton Community Center,5629 Byrom St,Milton,32570,Santa Rosa,-87.04856304,30.63950001,"-87.04856304, 30.63950001",16R DU 95346 89651,SHELTER,RISK,1,2002,Main,R,280 kW,0,0,0,0,383,7667,383,7667,352,HMGP,No,No,No,No,Yes, , , , ,,,SHELTER,,Risk Shelter Inventory,Critical Community and Emergency Facilities,Regionally Significant,RSI_PT_1704,Milton,Northwest Florida Water Management District,FDEM,Risk Shelter Inventory - General - FDEM,,,,Emerald Coast,Northwest District,Northwest,3,3,1,Not Affected,Not Affected,Not Affected,Not Affected,Not Affected,Not Affected,Not Affected,Not Affected,Not Affected,Not Affected,Not Affected,Not Affected,Not Affected,Not Affected,Not Affected,Medium,Medium,Medium,Medium,Medium,Medium,108049.5058,740465.4216
1705,1687,West Navarre Primary School (PK-2),1955 Lowe Rd,Navarre,32566,Santa Rosa,-86.91901603,30.40555699,"-86.91901603, 30.40555699",16R EU 07778 63728,SHELTER,RISK,1,1993,300 wing Classroom,R,100 kW,0,0,0,0,497,9940,497,9940,0,S FY 11-12 1515A,No,No,No,No,Yes, , , , ,,,SHELTER,,Risk Shelter Inventory,Critical Community and Emergency Facilities,Regionally Significant,RSI_PT_1694,,Northwest Florida Water Management District,FDEM,Risk Shelter Inventory - General - FDEM,,,,Emerald Coast,Northwest District,Northwest,3,3,1,Not Affected,Not Affected,Not Affected,Not Affected,Not Affected,Not Affected,Not Affected,Not Affected,Not Affected,Not Affected,Not Affected,Not Affected,Not Affected,Not Affected,Not Affected,Not Affected,Not Affected,Not Affected,Not Affected,Not Affected,Not Affected,119838.9397,714211.5483
1706,1688,Chumuckla Community Center,2355  Highway 182,Jay,32565,Santa Rosa,-87.21988541,30.7792743,"-87.21988541, 30.77927430",16R DV 78960 05161,SHELTER,RISK,1,2002,Main Bldg Meeting Area,R, ,0,0,0,0,116,2318,116,2318,116,S-1543A,No,No,No,No,Yes, , , , ,,,SHELTER,,Risk Shelter Inventory,Critical Community and Emergency Facilities,Regionally Significant,RSI_PT_1706,,Northwest Florida Water Management District,FDEM,Risk Shelter Inventory - General - FDEM,,,,Emerald Coast,Northwest District,Northwest,3,3,1,Not Affected,Not Affected,Not Affected,Not Affected,Not Affected,Not Affected,Not Affected,Not Affected,Not Affected,Not Affected,Not Affected,Not Affected,Not Affected,Not Affected,Not Affected,Not Affected,Not Affected,Not Affected,Not Affected,Not Affected,Not Affected,92051.0835,756385.9627
1707,1689,Dixon Intermediate School,5540 Education Dr,Pace,32571,Santa Rosa,-87.16544197,30.63750701,"-87.16544197, 30.63750701",16R DU 84146 89441,SHELTER,RISK,1,1993,1,R,34 kW,0,0,0,0,1873,37469,1873,37469,1200,HMGP S-1496-2009,No,No,No,No,Yes, , , , ,,,SHELTER,,Risk Shelter Inventory,Critical Community and Emergency Facilities,Regionally Significant,RSI_PT_1707,,Northwest Florida Water Management District,FDEM,Risk Shelter Inventory - General - FDEM,,,,Emerald Coast,Northwest District,Northwest,3,3,1,Not Affected,Not Affected,Not Affected,Not Affected,Not Affected,Not Affected,Not Affected,Not Affected,Not Affected,Not Affected,Not Affected,Not Affected,Not Affected,Not Affected,Not Affected,Not Affected,Not Affected,Not Affected,Not Affected,Not Affected,Not Affected,96853.1454,740526.3638
1708,1690,State College of Florida - Lakewood Ranch,7131 Professional Pkwy E,Sarasota,34240,Sarasota,-82.422949,27.37850801,"-82.42294900, 27.37850801",17R LL 59289 29163,SHELTER,RISK,8,2009,Medical Tech and Simulation,A, ,0,0,0,0,0,0,447,8940,447, ,No,No,No,No,Yes, , , , ,,,SHELTER,,Risk Shelter Inventory,Critical Community and Emergency Facilities,Regionally Significant,RSI_PT_1708,,Southwest Florida Water Management District,FDEM,Risk Shelter Inventory - General - FDEM,,,,Southwest Florida,South District,Southwest,1,74,22,Not Affected,Not Affected,Not Affected,Not Affected,Not Affected,Not Affected,Not Affected,Not Affected,Not Affected,Not Affected,Not Affected,Not Affected,Not Affected,Not Affected,Not Affected,Not Affected,Not Affected,Not Affected,Not Affected,Not Affected,Not Affected,555670.5009,375774.3092
1709,1691,Booker MS,2250 Myrtle St,Sarasota,34234,Sarasota,-82.52377902,27.368958,"-82.52377902, 27.36895800",17R LL 49304 28223,SHELTER,RISK,8,1991,7 Classroom,R, ,0,0,0,0,307,6130,307,6130,355,S-1435A-2003,No,No,No,No,Yes, , , , ,,,SHELTER,,Risk Shelter Inventory,Critical Community and Emergency Facilities,Regionally Significant,RSI_PT_1709,,Southwest Florida Water Management District,FDEM,Risk Shelter Inventory - General - FDEM,,,,Southwest Florida,South District,Southwest,1,74,22,Not Affected,Not Affected,Not Affected,Not Affected,Not Affected,Not Affected,Not Affected,Not Affected,Not Affected,Not Affected,Not Affected,Not Affected,Not Affected,Not Affected,Not Affected,Not Affected,Not Affected,Not Affected,Not Affected,Not Affected,Not Affected,545730.7688,374590.7093
1710,1692,Gulf Gate ES,6500 S Lockwood Ridge Rd,Sarasota,34234,Sarasota,-82.50898597,27.26103098,"-82.50898597, 27.26103098",17R LL 50622 16248,SHELTER,RISK,8,2011,1 B/I Classroom,R, ,0,0,462,9240,0,0,732,14620,0, ,D,4,No,Yes,Yes, , , , ,,,SHELTER,,Risk Shelter Inventory,Critical Community and Emergency Facilities,Regionally Significant,RSI_PT_1710,,Southwest Florida Water Management District,FDEM,Risk Shelter Inventory - General - FDEM,,,,Southwest Florida,South District,Southwest,1,73,22,Not Affected,Not Affected,Not Affected,Not Affected,Not Affected,Not Affected,Not Affected,Not Affected,Not Affected,Not Affected,Not Affected,Not Affected,Not Affected,Not Affected,Not Affected,Not Affected,Not Affected,Not Affected,Low,Low,Low,547335.9511,362624.852
1711,1693,Taylor Ranch ES,2500 Taylor Ranch Trail,Venice,34293,Sarasota,-82.36179598,27.04537199,"-82.36179598, 27.04537199",17R LK 64935 92190,SHELTER,RISK,8,1989,5 Cafeteria,R, ,0,0,0,0,337,6740,337,6740,0, , , , ,No,Yes, , , , ,,,SHELTER,,Risk Shelter Inventory,Critical Community and Emergency Facilities,Regionally Significant,RSI_PT_1711,,Southwest Florida Water Management District,FDEM,Risk Shelter Inventory - General - FDEM,,,,Southwest Florida,South District,Southwest,1,75,22,Not Affected,Not Affected,Not Affected,Not Affected,Not Affected,Not Affected,Not Affected,Not Affected,Not Affected,Not Affected,Not Affected,Not Affected,Not Affected,Not Affected,Not Affected,Not Affected,Not Affected,Not Affected,Not Affected,Not Affected,Not Affected,562197.9549,338865.7992
1712,1694,Booker HS,3201 N Orange Ave,Sarasota,34234,Sarasota,-82.54092999,27.36482401,"-82.54092999, 27.36482401",17R LL 47602 27786,SHELTER,RISK,8,2011,8 Classroom,A, ,0,0,1108,22169,0,0,1108,22169,0, ,D,4,No,Yes,Yes, , , , ,,,SHELTER,,Risk Shelter Inventory,Critical Community and Emergency Facilities,Regionally Significant,RSI_PT_1712,Sarasota,Southwest Florida Water Management District,FDEM,Risk Shelter Inventory - General - FDEM,,,,Southwest Florida,South District,Southwest,1,73,22,Not Affected,Not Affected,Not Affected,Not Affected,Not Affected,Not Affected,Not Affected,Not Affected,Not Affected,Not Affected,Not Affected,Not Affected,Not Affected,Not Affected,Not Affected,Not Affected,Not Affected,Not Affected,Not Affected,Not Affected,Not Affected,544043.1568,374111.5414
1713,1695,North Port HS,6400 W Price Blvd,Sarasota,34291,Sarasota,-82.22298303,27.07469,"-82.22298303, 27.07469000",17R LK 78736 95297,SHELTER,RISK,8,1998,7 Classroom,R, ,0,0,0,0,769,15380,769,15380,0, , , , ,No,Yes, , , , ,,,SHELTER,,Risk Shelter Inventory,Critical Community and Emergency Facilities,Regionally Significant,RSI_PT_1713,North Port,Southwest Florida Water Management District,FDEM,Risk Shelter Inventory - General - FDEM,,,,Southwest Florida,South District,Southwest,1,74,22,Not Affected,Not Affected,Not Affected,Not Affected,Not Affected,Not Affected,Not Affected,Not Affected,Not Affected,Not Affected,Not Affected,Not Affected,Not Affected,Not Affected,Not Affected,Medium,Low,Medium,Medium,Medium,Medium,575893.9503,342311.0008
1714,1696,North Port HS,6400 W Price Blvd,Sarasota,34291,Sarasota,-82.22298303,27.07469,"-82.22298303, 27.07469000",17R LK 78736 95297,SHELTER,RISK,8,1998,6 Cafeteria,R, ,0,0,0,0,345,6900,345,6900,0, , , , ,No,Yes, , , , ,,,SHELTER,,Risk Shelter Inventory,Critical Community and Emergency Facilities,Regionally Significant,RSI_PT_1713,North Port,Southwest Florida Water Management District,FDEM,Risk Shelter Inventory - General - FDEM,,,,Southwest Florida,South District,Southwest,1,74,22,Not Affected,Not Affected,Not Affected,Not Affected,Not Affected,Not Affected,Not Affected,Not Affected,Not Affected,Not Affected,Not Affected,Not Affected,Not Affected,Not Affected,Not Affected,Medium,Low,Medium,Medium,Medium,Medium,575893.9503,342311.0008
1715,1697,Taylor Ranch ES,2500 Taylor Ranch Trail,Venice,34293,Sarasota,-82.36179598,27.04537199,"-82.36179598, 27.04537199",17R LK 64935 92190,SHELTER,RISK,8,1989,6 Classroom,R, ,0,0,0,0,416,8320,416,8320,0, , , , ,No,Yes, , , , ,,,SHELTER,,Risk Shelter Inventory,Critical Community and Emergency Facilities,Regionally Significant,RSI_PT_1711,,Southwest Florida Water Management District,FDEM,Risk Shelter Inventory - General - FDEM,,,,Southwest Florida,South District,Southwest,1,75,22,Not Affected,Not Affected,Not Affected,Not Affected,Not Affected,Not Affected,Not Affected,Not Affected,Not Affected,Not Affected,Not Affected,Not Affected,Not Affected,Not Affected,Not Affected,Not Affected,Not Affected,Not Affected,Not Affected,Not Affected,Not Affected,562197.9549,338865.7992
1716,1698,Fruitville ES,601 Honore Ave,Sarasota,34232,Sarasota,-82.46148497,27.33080702,"-82.46148497, 27.33080702",17R LL 55416 23922,SHELTER,RISK,8,2004,10 Classroom,R, ,0,0,0,0,143,2866,143,2866,0, , , , ,No,Yes, , , , ,,,SHELTER,,Risk Shelter Inventory,Critical Community and Emergency Facilities,Regionally Significant,RSI_PT_1716,,Southwest Florida Water Management District,FDEM,Risk Shelter Inventory - General - FDEM,,,,Southwest Florida,South District,Southwest,1,74,22,Not Affected,Not Affected,Not Affected,Not Affected,Not Affected,Not Affected,Not Affected,Not Affected,Not Affected,Not Affected,Not Affected,Not Affected,Not Affected,Not Affected,Not Affected,Low,Low,Low,Low,Low,Medium,551932.9035,370429.8509
1717,1699,Taylor Ranch ES,2500 Taylor Ranch Trail,Venice,34293,Sarasota,-82.36179598,27.04537199,"-82.36179598, 27.04537199",17R LK 64935 92190,SHELTER,RISK,8,1989,7 Media Center,R, ,0,0,0,0,190,3800,190,3800,0, , , , ,No,Yes, , , , ,,,SHELTER,,Risk Shelter Inventory,Critical Community and Emergency Facilities,Regionally Significant,RSI_PT_1711,,Southwest Florida Water Management District,FDEM,Risk Shelter Inventory - General - FDEM,,,,Southwest Florida,South District,Southwest,1,75,22,Not Affected,Not Affected,Not Affected,Not Affected,Not Affected,Not Affected,Not Affected,Not Affected,Not Affected,Not Affected,Not Affected,Not Affected,Not Affected,Not Affected,Not Affected,Not Affected,Not Affected,Not Affected,Not Affected,Not Affected,Not Affected,562197.9549,338865.7992
1718,1700,Booker MS,2250 Myrtle St,Sarasota,34234,Sarasota,-82.52377902,27.368958,"-82.52377902, 27.36895800",17R LL 49304 28223,SHELTER,RISK,8,1991,6 Classroom,R, ,0,0,0,0,359,7180,359,7180,0,S-1435A-2003,No,No,No,No,Yes, , , , ,,,SHELTER,,Risk Shelter Inventory,Critical Community and Emergency Facilities,Regionally Significant,RSI_PT_1709,,Southwest Florida Water Management District,FDEM,Risk Shelter Inventory - General - FDEM,,,,Southwest Florida,South District,Southwest,1,74,22,Not Affected,Not Affected,Not Affected,Not Affected,Not Affected,Not Affected,Not Affected,Not Affected,Not Affected,Not Affected,Not Affected,Not Affected,Not Affected,Not Affected,Not Affected,Not Affected,Not Affected,Not Affected,Not Affected,Not Affected,Not Affected,545730.7688,374590.7093
1719,1701,Gulf Gate ES,6500 S Lockwood Ridge Rd,Sarasota,34234,Sarasota,-82.50898597,27.26103098,"-82.50898597, 27.26103098",17R LL 50622 16248,SHELTER,RISK,8,2011,1 D/K Classroom,R, ,0,0,564,11274,0,0,732,14620,0, ,D,4,No,Yes,Yes, , , , ,,,SHELTER,,Risk Shelter Inventory,Critical Community and Emergency Facilities,Regionally Significant,RSI_PT_1710,,Southwest Florida Water Management District,FDEM,Risk Shelter Inventory - General - FDEM,,,,Southwest Florida,South District,Southwest,1,73,22,Not Affected,Not Affected,Not Affected,Not Affected,Not Affected,Not Affected,Not Affected,Not Affected,Not Affected,Not Affected,Not Affected,Not Affected,Not Affected,Not Affected,Not Affected,Not Affected,Not Affected,Not Affected,Low,Low,Low,547335.9511,362624.852
1720,1702,North Port HS,6400 W Price Blvd,North Port,34291,Sarasota,-82.22298303,27.07469,"-82.22298303, 27.07469000",17R LK 78736 95297,SHELTER,RISK,8,1998,4 Classroom,R, ,0,0,0,0,746,14920,746,14920,0, , , , ,No,Yes, , , , ,,,SHELTER,,Risk Shelter Inventory,Critical Community and Emergency Facilities,Regionally Significant,RSI_PT_1713,North Port,Southwest Florida Water Management District,FDEM,Risk Shelter Inventory - General - FDEM,,,,Southwest Florida,South District,Southwest,1,74,22,Not Affected,Not Affected,Not Affected,Not Affected,Not Affected,Not Affected,Not Affected,Not Affected,Not Affected,Not Affected,Not Affected,Not Affected,Not Affected,Not Affected,Not Affected,Medium,Low,Medium,Medium,Medium,Medium,575893.9503,342311.0008
1721,1703,Tuttle ES,2863 8th St,Sarasota,34237,Sarasota,-82.51224603,27.34423399,"-82.51224603, 27.34423399",17R LL 50411 25470,SHELTER,RISK,8,1998,2 Classroom,A/R, ,1278,25561,0,0,0,0,1278,25561,1883,L,No,No,No,No,Yes, , , , ,,,SHELTER,,Risk Shelter Inventory,Critical Community and Emergency Facilities,Regionally Significant,RSI_PT_1721,Sarasota,Southwest Florida Water Management District,FDEM,Risk Shelter Inventory - General - FDEM,,,,Southwest Florida,South District,Southwest,1,73,22,Not Affected,Not Affected,Not Affected,Not Affected,Not Affected,Not Affected,Not Affected,Not Affected,Not Affected,Not Affected,Not Affected,Not Affected,Not Affected,Not Affected,Not Affected,Medium,Medium,Medium,Medium,Medium,Medium,546902.3591,371859.184
1722,1704,Wilkinson ES,3400 Wilkinson Rd,Sarasota,34231,Sarasota,-82.50111796,27.29020801,"-82.50111796, 27.29020801",17R LL 51440 19471,SHELTER,RISK,8,2005,6 Classroom,A, ,0,0,1028,20551,0,0,1028,20551,2005, ,No,No,No,Yes,Yes, , , , ,,,SHELTER,,Risk Shelter Inventory,Critical Community and Emergency Facilities,Regionally Significant,RSI_PT_1722,,Southwest Florida Water Management District,FDEM,Risk Shelter Inventory - General - FDEM,,,,Southwest Florida,South District,Southwest,1,73,22,Not Affected,Not Affected,Not Affected,Not Affected,Not Affected,Not Affected,Not Affected,Not Affected,Not Affected,Not Affected,Not Affected,Not Affected,Not Affected,Not Affected,Not Affected,Not Affected,Low,Not Affected,Not Affected,Not Affected,Not Affected,548074.0188,365873.841
1723,1705,Booker HS,3201 N Orange Ave,Sarasota,34234,Sarasota,-82.54092999,27.36482401,"-82.54092999, 27.36482401",17R LL 47602 27786,SHELTER,RISK,8,2011,3 Cafeteria,A, ,0,0,244,4872,0,0,244,4872,0, ,D,4,No,Yes,Yes, , , , ,,,SHELTER,,Risk Shelter Inventory,Critical Community and Emergency Facilities,Regionally Significant,RSI_PT_1712,Sarasota,Southwest Florida Water Management District,FDEM,Risk Shelter Inventory - General - FDEM,,,,Southwest Florida,South District,Southwest,1,73,22,Not Affected,Not Affected,Not Affected,Not Affected,Not Affected,Not Affected,Not Affected,Not Affected,Not Affected,Not Affected,Not Affected,Not Affected,Not Affected,Not Affected,Not Affected,Not Affected,Not Affected,Not Affected,Not Affected,Not Affected,Not Affected,544043.1568,374111.5414
1724,1706,Suncoast Polytechnical HS,4650 Beneva Rd,Sarasota,34233,Sarasota,-82.49884403,27.28818898,"-82.49884403, 27.28818898",17R LL 51662 19245,SHELTER,RISK,8,2007,1 Main,A, ,0,0,881,17628,0,0,881,17628,1134, ,No,No,No,Yes,Yes, , , , ,,,SHELTER,,Risk Shelter Inventory,Critical Community and Emergency Facilities,Regionally Significant,RSI_PT_1724,,Southwest Florida Water Management District,FDEM,Risk Shelter Inventory - General - FDEM,,,,Southwest Florida,South District,Southwest,1,73,22,Not Affected,Not Affected,Not Affected,Not Affected,Not Affected,Not Affected,Not Affected,Not Affected,Not Affected,Not Affected,Not Affected,Not Affected,Not Affected,Not Affected,Not Affected,Not Affected,Not Affected,Not Affected,Not Affected,Not Affected,Not Affected,548301.3773,365652.397
1725,1707,Taylor Ranch ES,2500 Taylor Ranch Trail,Venice,34237,Sarasota,-82.36179598,27.04537199,"-82.36179598, 27.04537199",17R LK 64935 92190,SHELTER,RISK,8,1999,8 Classroom,R, ,0,0,0,0,336,6720,336,6720,0, , , , ,No,Yes, , , , ,,,SHELTER,,Risk Shelter Inventory,Critical Community and Emergency Facilities,Regionally Significant,RSI_PT_1711,,Southwest Florida Water Management District,FDEM,Risk Shelter Inventory - General - FDEM,,,,Southwest Florida,South District,Southwest,1,75,22,Not Affected,Not Affected,Not Affected,Not Affected,Not Affected,Not Affected,Not Affected,Not Affected,Not Affected,Not Affected,Not Affected,Not Affected,Not Affected,Not Affected,Not Affected,Not Affected,Not Affected,Not Affected,Not Affected,Not Affected,Not Affected,562197.9549,338865.7992
1726,1708,Gulf Gate ES,6500 S Lockwood Ridge Rd,Sarasota,34231,Sarasota,-82.50898597,27.26103098,"-82.50898597, 27.26103098",17R LL 50622 16248,SHELTER,RISK,8,2000,1 A/H Classroom,R, ,0,0,584,11675,0,0,731,14620,0, ,D,4,No,Yes,Yes, , , , ,,,SHELTER,,Risk Shelter Inventory,Critical Community and Emergency Facilities,Regionally Significant,RSI_PT_1710,,Southwest Florida Water Management District,FDEM,Risk Shelter Inventory - General - FDEM,,,,Southwest Florida,South District,Southwest,1,73,22,Not Affected,Not Affected,Not Affected,Not Affected,Not Affected,Not Affected,Not Affected,Not Affected,Not Affected,Not Affected,Not Affected,Not Affected,Not Affected,Not Affected,Not Affected,Not Affected,Not Affected,Not Affected,Low,Low,Low,547335.9511,362624.852
1727,1709,Booker HS,3201 N Orange Ave,Sarasota,34234,Sarasota,-82.54092999,27.36482401,"-82.54092999, 27.36482401",17R LL 47602 27786,SHELTER,RISK,8,2011,4 Classroom,A, ,0,0,370,7401,0,0,370,7401,0, ,D,4,No,Yes,Yes, , , , ,,,SHELTER,,Risk Shelter Inventory,Critical Community and Emergency Facilities,Regionally Significant,RSI_PT_1712,Sarasota,Southwest Florida Water Management District,FDEM,Risk Shelter Inventory - General - FDEM,,,,Southwest Florida,South District,Southwest,1,73,22,Not Affected,Not Affected,Not Affected,Not Affected,Not Affected,Not Affected,Not Affected,Not Affected,Not Affected,Not Affected,Not Affected,Not Affected,Not Affected,Not Affected,Not Affected,Not Affected,Not Affected,Not Affected,Not Affected,Not Affected,Not Affected,544043.1568,374111.5414
1728,1710,Booker MS,2250 Myrtle St,Sarasota,34234,Sarasota,-82.52377902,27.368958,"-82.52377902, 27.36895800",17R LL 49304 28223,SHELTER,RISK,8,2004,14 Classroom,A, ,0,0,1062,21240,0,0,1062,21240,1062, ,No,No,No,Yes,Yes, , , , ,,,SHELTER,,Risk Shelter Inventory,Critical Community and Emergency Facilities,Regionally Significant,RSI_PT_1709,,Southwest Florida Water Management District,FDEM,Risk Shelter Inventory - General - FDEM,,,,Southwest Florida,South District,Southwest,1,74,22,Not Affected,Not Affected,Not Affected,Not Affected,Not Affected,Not Affected,Not Affected,Not Affected,Not Affected,Not Affected,Not Affected,Not Affected,Not Affected,Not Affected,Not Affected,Not Affected,Not Affected,Not Affected,Not Affected,Not Affected,Not Affected,545730.7688,374590.7093
1729,1711,North Port HS,6400 W Price Blvd,Sarasota,34291,Sarasota,-82.22298303,27.07469,"-82.22298303, 27.07469000",17R LK 78736 95297,SHELTER,RISK,8,1998,8 Classroom,R, ,0,0,0,0,769,15380,769,15380,0, , , , ,No,Yes, , , , ,,,SHELTER,,Risk Shelter Inventory,Critical Community and Emergency Facilities,Regionally Significant,RSI_PT_1713,North Port,Southwest Florida Water Management District,FDEM,Risk Shelter Inventory - General - FDEM,,,,Southwest Florida,South District,Southwest,1,74,22,Not Affected,Not Affected,Not Affected,Not Affected,Not Affected,Not Affected,Not Affected,Not Affected,Not Affected,Not Affected,Not Affected,Not Affected,Not Affected,Not Affected,Not Affected,Medium,Low,Medium,Medium,Medium,Medium,575893.9503,342311.0008
1730,1712,Gulf Gate ES,6500 S Lockwood Ridge Rd,Sarasota,34234,Sarasota,-82.50898597,27.26103098,"-82.50898597, 27.26103098",17R LL 50622 16248,SHELTER,RISK,8,2011,1 C/J Classroom,R, ,0,0,443,8854,0,0,731,14620,0, ,D,4,No,Yes,Yes, , , , ,,,SHELTER,,Risk Shelter Inventory,Critical Community and Emergency Facilities,Regionally Significant,RSI_PT_1710,,Southwest Florida Water Management District,FDEM,Risk Shelter Inventory - General - FDEM,,,,Southwest Florida,South District,Southwest,1,73,22,Not Affected,Not Affected,Not Affected,Not Affected,Not Affected,Not Affected,Not Affected,Not Affected,Not Affected,Not Affected,Not Affected,Not Affected,Not Affected,Not Affected,Not Affected,Not Affected,Not Affected,Not Affected,Low,Low,Low,547335.9511,362624.852
1731,1713,North Port HS,6400 W Price Blvd,North Port,34291,Sarasota,-82.22298303,27.07469,"-82.22298303, 27.07469000",17R LK 78736 95297,SHELTER,RISK,8,1998,5 Classroom,R, ,0,0,0,0,769,15380,769,15830,0, , , , ,No,Yes, , , , ,,,SHELTER,,Risk Shelter Inventory,Critical Community and Emergency Facilities,Regionally Significant,RSI_PT_1713,North Port,Southwest Florida Water Management District,FDEM,Risk Shelter Inventory - General - FDEM,,,,Southwest Florida,South District,Southwest,1,74,22,Not Affected,Not Affected,Not Affected,Not Affected,Not Affected,Not Affected,Not Affected,Not Affected,Not Affected,Not Affected,Not Affected,Not Affected,Not Affected,Not Affected,Not Affected,Medium,Low,Medium,Medium,Medium,Medium,575893.9503,342311.0008
1732,1714,Lake Brantley HS,991 Sand Lake Rd,Altamonte Springs,32714,Seminole,-81.42230701,28.68084898,"-81.42230701, 28.68084898",17R MM 58741 72700,SHELTER,RISK,5,1997,8 Clasroom 1st Floor,R, ,0,0,0,0,394,7878,394,7878,668,S-1588-2006,No,No,No,No,Yes, , , , ,,,SHELTER,,Risk Shelter Inventory,Critical Community and Emergency Facilities,Regionally Significant,RSI_PT_1732,Altamonte Springs,St. Johns River Water Management District,FDEM,Risk Shelter Inventory - General - FDEM,,,,East Central Florida,Central District,Northeast,5,38,10,Not Affected,Not Affected,Not Affected,Not Affected,Not Affected,Not Affected,Not Affected,Not Affected,Not Affected,Not Affected,Not Affected,Not Affected,Not Affected,Not Affected,Not Affected,Low,Not Affected,Low,Not Affected,Not Affected,Low,651409.1233,522035.9129
1733,1715,Bentley ES,2190 S Oregon Ave,Sanford,32771,Seminole,-81.330956,28.79477602,"-81.33095600, 28.79477602",17R MM 67701 85293,SHELTER,RISK,5,2001,1 Main 2nd Floor,R,500 kW capacity,0,0,0,0,1019,20380,1019,20380,0,S 18-SR-3C-69-01-170,No,No,No,No,Yes, , , , ,,,SHELTER,,Risk Shelter Inventory,Critical Community and Emergency Facilities,Regionally Significant,RSI_PT_1733,Sanford,St. Johns River Water Management District,FDEM,Risk Shelter Inventory - General - FDEM,,,,East Central Florida,Central District,Northeast,5,36,10,Not Affected,Not Affected,Not Affected,Not Affected,Not Affected,Not Affected,Not Affected,Not Affected,Not Affected,Not Affected,Not Affected,Not Affected,Not Affected,Not Affected,Not Affected,Not Affected,Not Affected,Not Affected,Not Affected,Not Affected,Not Affected,660043.637,534874.4927
1734,1716,Lyman Sr HS,865 S Ronald Reagan Blvd,Longwood,32750,Seminole,-81.34410503,28.687238,"-81.34410503, 28.68723800",17R MM 66383 73383,SHELTER,RISK,5,1989,7 Cafeteria / Classroom,R,205 kW,0,0,0,0,729,14584,729,14584,729,HMGP / S 15-SR-94-06-69-01-464,No,No,No,No,Yes, ,Yes, , ,,,SHELTER,,Risk Shelter Inventory,Critical Community and Emergency Facilities,Regionally Significant,RSI_PT_1734,Longwood,St. Johns River Water Management District,FDEM,Risk Shelter Inventory - General - FDEM,,,,East Central Florida,Central District,Northeast,5,36,10,Not Affected,Not Affected,Not Affected,Not Affected,Not Affected,Not Affected,Not Affected,Not Affected,Not Affected,Not Affected,Not Affected,Not Affected,Not Affected,Not Affected,Not Affected,Not Affected,Not Affected,Not Affected,Not Affected,Not Affected,Not Affected,659019.9244,522907.1302
1735,1717,Chiles MS,1240 Sanctuary Dr,Oviedo,32765,Seminole,-81.15573499,28.65353999,"-81.15573499, 28.65353999",17R MM 84781 69611,SHELTER,RISK,5,2004,4 Music,R,150 kW for campus,0,0,0,0,352,7044,352,7044,352,S-1523,No,No,No,No,Yes, , , , ,,,SHELTER,,Risk Shelter Inventory,Critical Community and Emergency Facilities,Regionally Significant,RSI_PT_1735,Oviedo,St. Johns River Water Management District,FDEM,Risk Shelter Inventory - General - FDEM,,,,East Central Florida,Central District,Northeast,5,37,10,Not Affected,Not Affected,Not Affected,Not Affected,Not Affected,Not Affected,Not Affected,Not Affected,Not Affected,Not Affected,Not Affected,Not Affected,Not Affected,Not Affected,Not Affected,Not Affected,Not Affected,Not Affected,Not Affected,Not Affected,Not Affected,677474.1383,519575.5068
1736,1718,Hagerty HS,3225 Lockwood Blvd,Oviedo,32765,Seminole,-81.17794,28.62474899,"-81.17794000, 28.62474899",17R MM 82606 66425,SHELTER,RISK,5,2005,6 Classroom,R, ,0,0,0,0,982,19646,982,19646,470,S 13-SR-AA-06-69-01-312,No,No,No,No,Yes, , , , ,,,SHELTER,,Risk Shelter Inventory,Critical Community and Emergency Facilities,Regionally Significant,RSI_PT_1736,,St. Johns River Water Management District,FDEM,Risk Shelter Inventory - General - FDEM,,,,East Central Florida,Central District,Northeast,5,37,10,Not Affected,Not Affected,Not Affected,Not Affected,Not Affected,Not Affected,Not Affected,Not Affected,Not Affected,Not Affected,Not Affected,Not Affected,Not Affected,Not Affected,Not Affected,Not Affected,Not Affected,Not Affected,Not Affected,Not Affected,Not Affected,675381.4602,516329.1941
1737,1719,Markham Woods MS,6003 Markham Woods Rd,Lake Mary,32746,Seminole,-81.38344398,28.78504798,"-81.38344398, 28.78504798",17R MM 62575 84231,SHELTER,RISK,5,2005,6 Cafeteria,R,150 kW for campus,0,0,206,4119,0,0,206,4119,0, ,No,No,No,Yes,Yes, , , , ,,,SHELTER,,Risk Shelter Inventory,Critical Community and Emergency Facilities,Regionally Significant,RSI_PT_1737,,St. Johns River Water Management District,FDEM,Risk Shelter Inventory - General - FDEM,,,,East Central Florida,Central District,Northeast,5,36,10,Not Affected,Not Affected,Not Affected,Not Affected,Not Affected,Not Affected,Not Affected,Not Affected,Not Affected,Not Affected,Not Affected,Not Affected,Not Affected,Not Affected,Not Affected,Medium,Medium,Medium,Medium,Medium,Medium,654953.4554,533684.8132
1738,1720,Seminole HS 9th Grade,21 Lakeview Dr,Sanford,32773,Seminole,-81.28404237,28.7757594,"-81.28404237, 28.77575940",17R MM 72274 83175,SHELTER,RISK,5,1999,2 Auditorium,R,125 kW for campus,0,0,0,0,701,14011,701,14011,0,S 15-SR-94-06-69-01-464,No,No,No,No,Yes, , , , ,,,SHELTER,,Risk Shelter Inventory,Critical Community and Emergency Facilities,Regionally Significant,RSI_PT_1738,Sanford,St. Johns River Water Management District,FDEM,Risk Shelter Inventory - General - FDEM,,,,East Central Florida,Central District,Northeast,5,36,10,Not Affected,Not Affected,Not Affected,Not Affected,Not Affected,Not Affected,Not Affected,Not Affected,Not Affected,Not Affected,Not Affected,Not Affected,Not Affected,Not Affected,Not Affected,Not Affected,Not Affected,Not Affected,Not Affected,Not Affected,Not Affected,664660.1848,532862.956
1739,1721,Highlands ES,1600 Sheppard Rd,Winter Springs,32708,Seminole,-81.31767403,28.71653401,"-81.31767403, 28.71653401",17R MM 68974 76622,SHELTER,RISK,5,1995,1 Main 2nd Floor,R,1000 kW for campus,0,0,0,0,1062,21244,1062,21244,0,S 15-SR-94-06-69-01-464,No,No,No,No,Yes, , , , ,,,SHELTER,,Risk Shelter Inventory,Critical Community and Emergency Facilities,Regionally Significant,RSI_PT_1739,Winter Springs,St. Johns River Water Management District,FDEM,Risk Shelter Inventory - General - FDEM,,,,East Central Florida,Central District,Northeast,5,36,10,Not Affected,Not Affected,Not Affected,Not Affected,Not Affected,Not Affected,Not Affected,Not Affected,Not Affected,Not Affected,Not Affected,Not Affected,Not Affected,Not Affected,Not Affected,Not Affected,Not Affected,Not Affected,Not Affected,Not Affected,Not Affected,661526.4768,526215.5957
1740,1722,Winter Springs HS,130 Tuskawilla Rd,Winter Springs,32708,Seminole,-81.26541899,28.704085,"-81.26541899, 28.70408500",17R MM 74074 75230,SHELTER,RISK,5,1994,7 Classroom 1st Floor,R,200 kW for campus,0,0,0,0,314,6281,314,6281,0,S-1467-2004,No,No,No,No,Yes, , , , ,,,SHELTER,,Risk Shelter Inventory,Critical Community and Emergency Facilities,Regionally Significant,RSI_PT_1740,Winter Springs,St. Johns River Water Management District,FDEM,Risk Shelter Inventory - General - FDEM,,,,East Central Florida,Central District,Northeast,5,36,10,Not Affected,Not Affected,Not Affected,Not Affected,Not Affected,Not Affected,Not Affected,Not Affected,Not Affected,Not Affected,Not Affected,Not Affected,Not Affected,Not Affected,Not Affected,Not Affected,Not Affected,Not Affected,Not Affected,Not Affected,Not Affected,666651.1664,524945.3259
1741,1723,Seminole HS 9th Grade,21 Lakeview Dr,Sanford,32773,Seminole,-81.28404237,28.7757594,"-81.28404237, 28.77575940",17R MM 72274 83175,SHELTER,RISK,5,1999,5 Classroom 1st Floor,R,125 kW for campus,0,0,0,0,1437,28737,1437,28737,552,HMGP,No,No,No,No,Yes, , , , ,,,SHELTER,,Risk Shelter Inventory,Critical Community and Emergency Facilities,Regionally Significant,RSI_PT_1738,Sanford,St. Johns River Water Management District,FDEM,Risk Shelter Inventory - General - FDEM,,,,East Central Florida,Central District,Northeast,5,36,10,Not Affected,Not Affected,Not Affected,Not Affected,Not Affected,Not Affected,Not Affected,Not Affected,Not Affected,Not Affected,Not Affected,Not Affected,Not Affected,Not Affected,Not Affected,Not Affected,Not Affected,Not Affected,Not Affected,Not Affected,Not Affected,664660.1848,532862.956
1742,1724,Chiles MS,1240 Sanctuary Dr,Oviedo,32766,Seminole,-81.15573499,28.65353999,"-81.15573499, 28.65353999",17R MM 84781 69611,SHELTER,RISK,5,2004,1 Admin / Cafeteria,A,150 kW for campus,206,4119,0,0,0,0,206,4119,0, ,No,No,No,No,Yes, , , , ,,,SHELTER,,Risk Shelter Inventory,Critical Community and Emergency Facilities,Regionally Significant,RSI_PT_1735,Oviedo,St. Johns River Water Management District,FDEM,Risk Shelter Inventory - General - FDEM,,,,East Central Florida,Central District,Northeast,5,37,10,Not Affected,Not Affected,Not Affected,Not Affected,Not Affected,Not Affected,Not Affected,Not Affected,Not Affected,Not Affected,Not Affected,Not Affected,Not Affected,Not Affected,Not Affected,Not Affected,Not Affected,Not Affected,Not Affected,Not Affected,Not Affected,677474.1383,519575.5068
1743,1725,Winter Springs HS,130 Tuskawilla Rd,Winter Springs,32708,Seminole,-81.26541899,28.704085,"-81.26541899, 28.70408500",17R MM 74074 75230,SHELTER,RISK,5,1994,5 Classroom 1st Floor,R,200 kW for campus,0,0,0,0,439,8787,439,8787,0,S-1467-2004,No,No,No,No,Yes, , , , ,,,SHELTER,,Risk Shelter Inventory,Critical Community and Emergency Facilities,Regionally Significant,RSI_PT_1740,Winter Springs,St. Johns River Water Management District,FDEM,Risk Shelter Inventory - General - FDEM,,,,East Central Florida,Central District,Northeast,5,36,10,Not Affected,Not Affected,Not Affected,Not Affected,Not Affected,Not Affected,Not Affected,Not Affected,Not Affected,Not Affected,Not Affected,Not Affected,Not Affected,Not Affected,Not Affected,Not Affected,Not Affected,Not Affected,Not Affected,Not Affected,Not Affected,666651.1664,524945.3259
1744,1726,Geneva ElS,275 1st St,Geneva,32372,Seminole,-81.11474497,28.73909202,"-81.11474497, 28.73909202",17R MM 88795 79085,SHELTER,RISK,5,1988,4 Cafeteria,R, ,0,0,0,0,178,3558,178,3558,275,HMGP,No,No,No,No,Yes, , , , ,,,SHELTER,,Risk Shelter Inventory,Critical Community and Emergency Facilities,Regionally Significant,RSI_PT_1744,,St. Johns River Water Management District,FDEM,Risk Shelter Inventory - General - FDEM,,,,East Central Florida,Central District,Northeast,5,36,10,Not Affected,Not Affected,Not Affected,Not Affected,Not Affected,Not Affected,Not Affected,Not Affected,Not Affected,Not Affected,Not Affected,Not Affected,Not Affected,Not Affected,Not Affected,Not Affected,Not Affected,Not Affected,Not Affected,Not Affected,Not Affected,681249.9445,529166.7112
1745,1727,Markham Woods MS,6003 Markham Woods Rd,Lake Mary,32746,Seminole,-81.38344398,28.78504798,"-81.38344398, 28.78504798",17R MM 62575 84231,SHELTER,RISK,5,2005,3 Classroom,R,150 kW for campus,0,0,0,0,708,14169,708,14169,355,S 13-SR-AA-06-69-01-312,No,No,A,No,Yes, , , , ,,,SHELTER,,Risk Shelter Inventory,Critical Community and Emergency Facilities,Regionally Significant,RSI_PT_1737,,St. Johns River Water Management District,FDEM,Risk Shelter Inventory - General - FDEM,,,,East Central Florida,Central District,Northeast,5,36,10,Not Affected,Not Affected,Not Affected,Not Affected,Not Affected,Not Affected,Not Affected,Not Affected,Not Affected,Not Affected,Not Affected,Not Affected,Not Affected,Not Affected,Not Affected,Medium,Medium,Medium,Medium,Medium,Medium,654953.4554,533684.8132
1746,1728,Markham Woods MS,6003 Markham Woods Rd,Lake Mary,32746,Seminole,-81.38344398,28.78504798,"-81.38344398, 28.78504798",17R MM 62575 84231,SHELTER,RISK,5,2005,5 Gym,R,150 kW for campus,0,0,0,0,690,13794,690,13794,279,S 13-SR-AA-06-69-01-312,No,No,No,No,Yes, , , , ,,,SHELTER,,Risk Shelter Inventory,Critical Community and Emergency Facilities,Regionally Significant,RSI_PT_1737,,St. Johns River Water Management District,FDEM,Risk Shelter Inventory - General - FDEM,,,,East Central Florida,Central District,Northeast,5,36,10,Not Affected,Not Affected,Not Affected,Not Affected,Not Affected,Not Affected,Not Affected,Not Affected,Not Affected,Not Affected,Not Affected,Not Affected,Not Affected,Not Affected,Not Affected,Medium,Medium,Medium,Medium,Medium,Medium,654953.4554,533684.8132
1747,1729,Layer ES,4201 SR 419,Winter Springs,32708,Seminole,-81.29371998,28.70651701,"-81.29371998, 28.70651701",17R MM 71311 75506,SHELTER,RISK,5,2003,1 Main 2nd Floor,R,500 kW capacity,0,0,0,0,1112,22240,1112,22240,0,S 18-SR-3C-69-01-170,No,No,No,No,Yes, , , , ,,,SHELTER,,Risk Shelter Inventory,Critical Community and Emergency Facilities,Regionally Significant,RSI_PT_1747,Winter Springs,St. Johns River Water Management District,FDEM,Risk Shelter Inventory - General - FDEM,,,,East Central Florida,Central District,Northeast,5,36,10,Not Affected,Not Affected,Not Affected,Not Affected,Not Affected,Not Affected,Not Affected,Not Affected,Not Affected,Not Affected,Not Affected,Not Affected,Not Affected,Not Affected,Not Affected,Not Affected,Not Affected,Not Affected,Not Affected,Not Affected,Not Affected,663886.0326,525154.4648
1748,1730,Winter Springs HS,130 Tuskawilla Rd,Winter Springs,32708,Seminole,-81.26541899,28.704085,"-81.26541899, 28.70408500",17R MM 74074 75230,SHELTER,RISK,5,1994,6 Classroom 1st Floor,R,200 kW for campus,0,0,0,0,398,7967,398,7967,0,S-1467-2004,No,No,No,No,Yes, , , , ,,,SHELTER,,Risk Shelter Inventory,Critical Community and Emergency Facilities,Regionally Significant,RSI_PT_1740,Winter Springs,St. Johns River Water Management District,FDEM,Risk Shelter Inventory - General - FDEM,,,,East Central Florida,Central District,Northeast,5,36,10,Not Affected,Not Affected,Not Affected,Not Affected,Not Affected,Not Affected,Not Affected,Not Affected,Not Affected,Not Affected,Not Affected,Not Affected,Not Affected,Not Affected,Not Affected,Not Affected,Not Affected,Not Affected,Not Affected,Not Affected,Not Affected,666651.1664,524945.3259
1749,1731,Bentley ES,2190 S Oregon Ave,Sanford,32771,Seminole,-81.330956,28.79477602,"-81.33095600, 28.79477602",17R MM 67701 85293,SHELTER,RISK,5,2004,3 Classroom,R,500 kW capacity,0,0,0,0,575,11504,575,11504,0,S 15-SR-94-06-69-01-464,No,No,No,No,Yes, , , , ,,,SHELTER,,Risk Shelter Inventory,Critical Community and Emergency Facilities,Regionally Significant,RSI_PT_1733,Sanford,St. Johns River Water Management District,FDEM,Risk Shelter Inventory - General - FDEM,,,,East Central Florida,Central District,Northeast,5,36,10,Not Affected,Not Affected,Not Affected,Not Affected,Not Affected,Not Affected,Not Affected,Not Affected,Not Affected,Not Affected,Not Affected,Not Affected,Not Affected,Not Affected,Not Affected,Not Affected,Not Affected,Not Affected,Not Affected,Not Affected,Not Affected,660043.637,534874.4927
1750,1732,Layer ES,4201 SR 419,Winter Springs,32708,Seminole,-81.29371998,28.70651701,"-81.29371998, 28.70651701",17R MM 71311 75506,SHELTER,RISK,5,2003,1 Main 1st Floor (excluding Cafeteria),R,500 kW capacity,0,0,0,0,861,17222,861,17222,100,S-1588-2006,No,No,No,No,Yes, , , , ,,,SHELTER,,Risk Shelter Inventory,Critical Community and Emergency Facilities,Regionally Significant,RSI_PT_1747,Winter Springs,St. Johns River Water Management District,FDEM,Risk Shelter Inventory - General - FDEM,,,,East Central Florida,Central District,Northeast,5,36,10,Not Affected,Not Affected,Not Affected,Not Affected,Not Affected,Not Affected,Not Affected,Not Affected,Not Affected,Not Affected,Not Affected,Not Affected,Not Affected,Not Affected,Not Affected,Not Affected,Not Affected,Not Affected,Not Affected,Not Affected,Not Affected,663886.0326,525154.4648
1751,1733,Seminole HS 9th Grade,21 Lakeview Dr,Sanford,32773,Seminole,-81.28404237,28.7757594,"-81.28404237, 28.77575940",17R MM 72274 83175,SHELTER,RISK,5,1999,3 Cafeteria,R,125 kW for campus,0,0,0,0,213,4254,213,4254,98,HMGP,No,No,No,No,Yes, , , , ,,,SHELTER,,Risk Shelter Inventory,Critical Community and Emergency Facilities,Regionally Significant,RSI_PT_1738,Sanford,St. Johns River Water Management District,FDEM,Risk Shelter Inventory - General - FDEM,,,,East Central Florida,Central District,Northeast,5,36,10,Not Affected,Not Affected,Not Affected,Not Affected,Not Affected,Not Affected,Not Affected,Not Affected,Not Affected,Not Affected,Not Affected,Not Affected,Not Affected,Not Affected,Not Affected,Not Affected,Not Affected,Not Affected,Not Affected,Not Affected,Not Affected,664660.1848,532862.956
1752,1734,Markham Woods MS,6003 Markham Woods Rd,Lake Mary,32746,Seminole,-81.38344398,28.78504798,"-81.38344398, 28.78504798",17R MM 62575 84231,SHELTER,RISK,5,2005,4 Classroom,R,150 kW for campus,0,0,0,0,644,12885,644,12885,322,S 13-SR-AA-06-69-01-312,No,No,A,No,Yes, , , , ,,,SHELTER,,Risk Shelter Inventory,Critical Community and Emergency Facilities,Regionally Significant,RSI_PT_1737,,St. Johns River Water Management District,FDEM,Risk Shelter Inventory - General - FDEM,,,,East Central Florida,Central District,Northeast,5,36,10,Not Affected,Not Affected,Not Affected,Not Affected,Not Affected,Not Affected,Not Affected,Not Affected,Not Affected,Not Affected,Not Affected,Not Affected,Not Affected,Not Affected,Not Affected,Medium,Medium,Medium,Medium,Medium,Medium,654953.4554,533684.8132
1753,1735,Hagerty HS,3225 Lockwood Blvd,Oviedo,32765,Seminole,-81.17794,28.62474899,"-81.17794000, 28.62474899",17R MM 82606 66425,SHELTER,RISK,5,1999,4 Multipurpose / Gym,R, ,0,0,0,0,831,16619,831,16619,0,S,No,No,No,No,Yes, , , , ,,,SHELTER,,Risk Shelter Inventory,Critical Community and Emergency Facilities,Regionally Significant,RSI_PT_1736,,St. Johns River Water Management District,FDEM,Risk Shelter Inventory - General - FDEM,,,,East Central Florida,Central District,Northeast,5,37,10,Not Affected,Not Affected,Not Affected,Not Affected,Not Affected,Not Affected,Not Affected,Not Affected,Not Affected,Not Affected,Not Affected,Not Affected,Not Affected,Not Affected,Not Affected,Not Affected,Not Affected,Not Affected,Not Affected,Not Affected,Not Affected,675381.4602,516329.1941
1754,1736,Seminole HS 9th Grade,21 Lakeview Dr,Sanford,32773,Seminole,-81.28404237,28.7757594,"-81.28404237, 28.77575940",17R MM 72274 83175,SHELTER,RISK,5,1999,5 Classroom 2nd Floor,R,125 kW for campus,0,0,0,0,884,17681,884,17681,0,S 15-SR-94-06-69-01-464,No,No,No,No,Yes, , , , ,,,SHELTER,,Risk Shelter Inventory,Critical Community and Emergency Facilities,Regionally Significant,RSI_PT_1738,Sanford,St. Johns River Water Management District,FDEM,Risk Shelter Inventory - General - FDEM,,,,East Central Florida,Central District,Northeast,5,36,10,Not Affected,Not Affected,Not Affected,Not Affected,Not Affected,Not Affected,Not Affected,Not Affected,Not Affected,Not Affected,Not Affected,Not Affected,Not Affected,Not Affected,Not Affected,Not Affected,Not Affected,Not Affected,Not Affected,Not Affected,Not Affected,664660.1848,532862.956
1755,1737,Lawton Chiles MS,1240 Sanctuary Dr,Oviedo,32766,Seminole,-81.15573499,28.65353999,"-81.15573499, 28.65353999",17R MM 84781 69611,SHELTER,RISK,8,0,1 Multipurpose,R, ,0,0,0,0,703,14060,703,14060,0, , , , ,No,Yes, , , , ,,,SHELTER,,Risk Shelter Inventory,Critical Community and Emergency Facilities,Regionally Significant,RSI_PT_1735,Oviedo,St. Johns River Water Management District,FDEM,Risk Shelter Inventory - General - FDEM,,,,East Central Florida,Central District,Northeast,5,37,10,Not Affected,Not Affected,Not Affected,Not Affected,Not Affected,Not Affected,Not Affected,Not Affected,Not Affected,Not Affected,Not Affected,Not Affected,Not Affected,Not Affected,Not Affected,Not Affected,Not Affected,Not Affected,Not Affected,Not Affected,Not Affected,677474.1383,519575.5068
1756,1738,John Evans ES,100 E Chapman Rd,Oviedo,32765,Seminole,-81.20495596,28.64203201,"-81.20495596, 28.64203201",17R MM 79968 68344,SHELTER,RISK,5,1999,1 Main 1st Floor,R,130 kW,0,0,0,0,1095,21896,1095,21896,424,HMGP,No,No,No,No,Yes, , , , ,,,SHELTER,,Risk Shelter Inventory,Critical Community and Emergency Facilities,Regionally Significant,RSI_PT_1756,Oviedo,St. Johns River Water Management District,FDEM,Risk Shelter Inventory - General - FDEM,,,,East Central Florida,Central District,Northeast,5,37,10,Not Affected,Not Affected,Not Affected,Not Affected,Not Affected,Not Affected,Not Affected,Not Affected,Not Affected,Not Affected,Not Affected,Not Affected,Not Affected,Not Affected,Not Affected,Not Affected,Not Affected,Not Affected,Not Affected,Not Affected,Not Affected,672702.1492,518188.0238
1757,1739,Hagerty HS,3225 Lockwood Blvd,Oviedo,32765,Seminole,-81.17794,28.62474899,"-81.17794000, 28.62474899",17R MM 82606 66425,SHELTER,RISK,5,2005,9 Auditorium / Music,R, ,0,0,0,0,794,15881,794,15881,397,S 13-SR-AA-06-69-01-312,No,No,No,No,Yes, , , , ,,,SHELTER,,Risk Shelter Inventory,Critical Community and Emergency Facilities,Regionally Significant,RSI_PT_1736,,St. Johns River Water Management District,FDEM,Risk Shelter Inventory - General - FDEM,,,,East Central Florida,Central District,Northeast,5,37,10,Not Affected,Not Affected,Not Affected,Not Affected,Not Affected,Not Affected,Not Affected,Not Affected,Not Affected,Not Affected,Not Affected,Not Affected,Not Affected,Not Affected,Not Affected,Not Affected,Not Affected,Not Affected,Not Affected,Not Affected,Not Affected,675381.4602,516329.1941
1758,1740,English Estates ES,299 Oxford R,Casselberry,32370,Seminole,-81.33979396,28.647624,"-81.33979396, 28.64762400",17R MM 66792 68993,SHELTER,RISK,5,2003,6 Cafeteria / Classroom,A, ,334,6677,0,0,0,0,334,6677,0, ,No,No,No,No,Yes, , , , ,,,SHELTER,,Risk Shelter Inventory,Critical Community and Emergency Facilities,Regionally Significant,RSI_PT_1758,,St. Johns River Water Management District,FDEM,Risk Shelter Inventory - General - FDEM,,,,East Central Florida,Central District,Northeast,5,38,10,Not Affected,Not Affected,Not Affected,Not Affected,Not Affected,Not Affected,Not Affected,Not Affected,Not Affected,Not Affected,Not Affected,Not Affected,Not Affected,Not Affected,Not Affected,Not Affected,Not Affected,Not Affected,Not Affected,Not Affected,Not Affected,659535.1991,518517.9018
1759,1741,Markham Woods MS,6003 Markham Woods Rd,Lake Mary,32746,Seminole,-81.38344398,28.78504798,"-81.38344398, 28.78504798",17R MM 62575 84231,SHELTER,RISK,5,2005,2 Classroom,R,150 kW for campus,0,0,0,0,669,13385,669,13385,335,S 13-SR-AA-06-69-01-312,No,No,No,No,Yes, , , , ,,,SHELTER,,Risk Shelter Inventory,Critical Community and Emergency Facilities,Regionally Significant,RSI_PT_1737,,St. Johns River Water Management District,FDEM,Risk Shelter Inventory - General - FDEM,,,,East Central Florida,Central District,Northeast,5,36,10,Not Affected,Not Affected,Not Affected,Not Affected,Not Affected,Not Affected,Not Affected,Not Affected,Not Affected,Not Affected,Not Affected,Not Affected,Not Affected,Not Affected,Not Affected,Medium,Medium,Medium,Medium,Medium,Medium,654953.4554,533684.8132
1760,1742,Teague MS,1350 McNeil Rd,Altamonte Springs,32714,Seminole,-81.43484701,28.656677,"-81.43484701, 28.65667700",17R MM 57506 70026,SHELTER,RISK,5,1996,5 Gym,R, ,0,0,0,0,529,10580,529,10580,0, , , , ,No,Yes, , , , ,,,SHELTER,,Risk Shelter Inventory,Critical Community and Emergency Facilities,Regionally Significant,RSI_PT_1760,,St. Johns River Water Management District,FDEM,Risk Shelter Inventory - General - FDEM,,,,East Central Florida,Central District,Northeast,5,39,10,Not Affected,Not Affected,Not Affected,Not Affected,Not Affected,Not Affected,Not Affected,Not Affected,Not Affected,Not Affected,Not Affected,Not Affected,Not Affected,Not Affected,Not Affected,Not Affected,Not Affected,Not Affected,Not Affected,Not Affected,Not Affected,650242.0778,519326.5818
1761,1743,Walker ES,3101 Snow Hill Rd,Chuluota,32766,Seminole,-81.12788503,28.647897,"-81.12788503, 28.64789700",17R MM 87502 68983,SHELTER,RISK,5,2003,1 Cafeteria,R,130 kW,0,0,0,0,1128,22554,1128,22554,400,S-1588-2006,No,No,No,No,Yes, , , , ,,,SHELTER,,Risk Shelter Inventory,Critical Community and Emergency Facilities,Regionally Significant,RSI_PT_1761,,St. Johns River Water Management District,FDEM,Risk Shelter Inventory - General - FDEM,,,,East Central Florida,Central District,Northeast,5,37,10,Not Affected,Not Affected,Not Affected,Not Affected,Not Affected,Not Affected,Not Affected,Not Affected,Not Affected,Not Affected,Not Affected,Not Affected,Not Affected,Not Affected,Not Affected,Not Affected,Not Affected,Not Affected,Not Affected,Not Affected,Not Affected,680205.1654,519011.9688
1762,1744,Lake Brantley HS,991 Sand Lake Rd,Altamonte Springs,32714,Seminole,-81.42230701,28.68084898,"-81.42230701, 28.68084898",17R MM 58741 72700,SHELTER,RISK,5,1997,6 Clasroom 1st Floor,R, ,0,0,0,0,415,8302,415,8302,666,S-1588-2006,No,No,No,No,Yes, , , , ,,,SHELTER,,Risk Shelter Inventory,Critical Community and Emergency Facilities,Regionally Significant,RSI_PT_1732,Altamonte Springs,St. Johns River Water Management District,FDEM,Risk Shelter Inventory - General - FDEM,,,,East Central Florida,Central District,Northeast,5,38,10,Not Affected,Not Affected,Not Affected,Not Affected,Not Affected,Not Affected,Not Affected,Not Affected,Not Affected,Not Affected,Not Affected,Not Affected,Not Affected,Not Affected,Not Affected,Low,Not Affected,Low,Not Affected,Not Affected,Low,651409.1233,522035.9129
1763,1745,Crystal Lakes ES,231 Rinehart Rd,Lake Mary,32746,Seminole,-81.34408902,28.76173099,"-81.34408902, 28.76173099",17R MM 66409 81636,SHELTER,RISK,5,2005,1 Main,A,125 kW,0,0,1090,21805,0,0,1090,21805,500,L,No,No,No,Yes,Yes, , , , ,,,SHELTER,,Risk Shelter Inventory,Critical Community and Emergency Facilities,Regionally Significant,RSI_PT_1763,Lake Mary,St. Johns River Water Management District,FDEM,Risk Shelter Inventory - General - FDEM,,,,East Central Florida,Central District,Northeast,5,36,10,Not Affected,Not Affected,Not Affected,Not Affected,Not Affected,Not Affected,Not Affected,Not Affected,Not Affected,Not Affected,Not Affected,Not Affected,Not Affected,Not Affected,Not Affected,Not Affected,Not Affected,Not Affected,Not Affected,Not Affected,Not Affected,658843.3237,531177.9707
1764,1746,Hagerty HS,3225 Lockwood Blvd,Oviedo,32765,Seminole,-81.17794,28.62474899,"-81.17794000, 28.62474899",17R MM 82606 66425,SHELTER,RISK,5,2005,8 Gym,R, ,0,0,0,0,776,15523,776,15523,388,S 13-SR-AA-06-69-01-312,No,No,No,No,Yes, , , , ,,,SHELTER,,Risk Shelter Inventory,Critical Community and Emergency Facilities,Regionally Significant,RSI_PT_1736,,St. Johns River Water Management District,FDEM,Risk Shelter Inventory - General - FDEM,,,,East Central Florida,Central District,Northeast,5,37,10,Not Affected,Not Affected,Not Affected,Not Affected,Not Affected,Not Affected,Not Affected,Not Affected,Not Affected,Not Affected,Not Affected,Not Affected,Not Affected,Not Affected,Not Affected,Not Affected,Not Affected,Not Affected,Not Affected,Not Affected,Not Affected,675381.4602,516329.1941
1765,1747,Lyman Sr HS,865 S Ronald Reagan Blvd,Longwood,32750,Seminole,-81.34410503,28.687238,"-81.34410503, 28.68723800",17R MM 66383 73383,SHELTER,RISK,5,2000,8B Classroom,R,205 kW,261,5210,0,0,342,1628,342,6838,0, ,No,No,No,No,Yes, ,Yes, , ,,,SHELTER,,Risk Shelter Inventory,Critical Community and Emergency Facilities,Regionally Significant,RSI_PT_1734,Longwood,St. Johns River Water Management District,FDEM,Risk Shelter Inventory - General - FDEM,,,,East Central Florida,Central District,Northeast,5,36,10,Not Affected,Not Affected,Not Affected,Not Affected,Not Affected,Not Affected,Not Affected,Not Affected,Not Affected,Not Affected,Not Affected,Not Affected,Not Affected,Not Affected,Not Affected,Not Affected,Not Affected,Not Affected,Not Affected,Not Affected,Not Affected,659019.9244,522907.1302
1766,1748,John Evans ES,100 E Chapman Rd,Oviedo,32765,Seminole,-81.20495596,28.64203201,"-81.20495596, 28.64203201",17R MM 79968 68344,SHELTER,RISK,5,1999,1 Main 2nd Floor,R, ,0,0,0,0,1038,20753,1038,20753,0,S 15-SR-94-06-69-01-464,No,No,No,No,Yes, , , , ,,,SHELTER,,Risk Shelter Inventory,Critical Community and Emergency Facilities,Regionally Significant,RSI_PT_1756,Oviedo,St. Johns River Water Management District,FDEM,Risk Shelter Inventory - General - FDEM,,,,East Central Florida,Central District,Northeast,5,37,10,Not Affected,Not Affected,Not Affected,Not Affected,Not Affected,Not Affected,Not Affected,Not Affected,Not Affected,Not Affected,Not Affected,Not Affected,Not Affected,Not Affected,Not Affected,Not Affected,Not Affected,Not Affected,Not Affected,Not Affected,Not Affected,672702.1492,518188.0238
1767,1749,Hagerty HS,3225 Lockwood Blvd,Oviedo,32765,Seminole,-81.17794,28.62474899,"-81.17794000, 28.62474899",17R MM 82606 66425,SHELTER,RISK,5,1999,5 Cafeteria,R, ,0,0,0,0,280,5600,280,5600,0,S 15-SR-94-06-69-01-464,No,No,No,No,Yes, , , , ,,,SHELTER,,Risk Shelter Inventory,Critical Community and Emergency Facilities,Regionally Significant,RSI_PT_1736,,St. Johns River Water Management District,FDEM,Risk Shelter Inventory - General - FDEM,,,,East Central Florida,Central District,Northeast,5,37,10,Not Affected,Not Affected,Not Affected,Not Affected,Not Affected,Not Affected,Not Affected,Not Affected,Not Affected,Not Affected,Not Affected,Not Affected,Not Affected,Not Affected,Not Affected,Not Affected,Not Affected,Not Affected,Not Affected,Not Affected,Not Affected,675381.4602,516329.1941
1768,1750,Teague MS,1350 McNeil Rd,Altamonte Springs,32714,Seminole,-81.43484701,28.656677,"-81.43484701, 28.65667700",17R MM 57506 70026,SHELTER,RISK,5,1996,4 Cafeteria,R, ,0,0,0,0,241,4820,241,4820,0, , , , ,No,Yes, , , , ,,,SHELTER,,Risk Shelter Inventory,Critical Community and Emergency Facilities,Regionally Significant,RSI_PT_1760,,St. Johns River Water Management District,FDEM,Risk Shelter Inventory - General - FDEM,,,,East Central Florida,Central District,Northeast,5,39,10,Not Affected,Not Affected,Not Affected,Not Affected,Not Affected,Not Affected,Not Affected,Not Affected,Not Affected,Not Affected,Not Affected,Not Affected,Not Affected,Not Affected,Not Affected,Not Affected,Not Affected,Not Affected,Not Affected,Not Affected,Not Affected,650242.0778,519326.5818
1769,1751,Oviedo HS,601 King St,Oviedo,32765,Seminole,-81.21916496,28.67380299,"-81.21916496, 28.67380299",17R MM 78586 71866,SHELTER,RISK,5,2007,8 Classroom,R,100 kW and 150 kW,0,0,0,0,2004,40083,2004,40083,1003,S 13-SR-AA-06-69-01-312,No,No,No,No,Yes, , , , ,,,SHELTER,,Risk Shelter Inventory,Critical Community and Emergency Facilities,Regionally Significant,RSI_PT_1769,Oviedo,St. Johns River Water Management District,FDEM,Risk Shelter Inventory - General - FDEM,,,,East Central Florida,Central District,Northeast,5,37,10,Not Affected,Not Affected,Not Affected,Not Affected,Not Affected,Not Affected,Not Affected,Not Affected,Not Affected,Not Affected,Not Affected,Not Affected,Not Affected,Not Affected,Not Affected,Not Affected,Not Affected,Not Affected,Not Affected,Not Affected,Not Affected,671236.5053,521684.0986
1770,1752,Midway ES,2368 Brisson Ave,Sanford,32771,Seminole,-81.24060201,28.788581,"-81.24060201, 28.78858100",17R MM 76517 84586,SHELTER,RISK,5,2009,1 Classroom,A,"Yes, unknown kW",0,0,1995,39901,0,0,1995,39901,500,L,No,No,A,Yes,Yes, , , , ,,,SHELTER,,Risk Shelter Inventory,Critical Community and Emergency Facilities,Regionally Significant,RSI_PT_1770,,St. Johns River Water Management District,FDEM,Risk Shelter Inventory - General - FDEM,,,,East Central Florida,Central District,Northeast,5,36,10,Not Affected,Not Affected,Not Affected,Not Affected,Not Affected,Not Affected,Not Affected,Not Affected,Not Affected,Not Affected,Not Affected,Not Affected,Not Affected,Not Affected,Not Affected,Not Affected,Not Affected,Not Affected,Not Affected,Not Affected,Not Affected,668860.729,534380.4526
1771,1753,Hagerty HS,3225 Lockwood Blvd,Oviedo,32765,Seminole,-81.17794,28.62474899,"-81.17794000, 28.62474899",17R MM 82606 66425,SHELTER,RISK,5,2005,7 Classroom,R, ,0,0,0,0,931,18612,931,18612,438,S 13-SR-AA-06-69-01-312,No,No,No,No,Yes, , , , ,,,SHELTER,,Risk Shelter Inventory,Critical Community and Emergency Facilities,Regionally Significant,RSI_PT_1736,,St. Johns River Water Management District,FDEM,Risk Shelter Inventory - General - FDEM,,,,East Central Florida,Central District,Northeast,5,37,10,Not Affected,Not Affected,Not Affected,Not Affected,Not Affected,Not Affected,Not Affected,Not Affected,Not Affected,Not Affected,Not Affected,Not Affected,Not Affected,Not Affected,Not Affected,Not Affected,Not Affected,Not Affected,Not Affected,Not Affected,Not Affected,675381.4602,516329.1941
1772,1754,Lyman Sr HS,865 S Ronald Reagan Blvd,Longwood,32750,Seminole,-81.34410503,28.687238,"-81.34410503, 28.68723800",17R MM 66383 73383,SHELTER,RISK,5,2000,8A Auditorium,R,205 kW,286,5728,0,0,441,8820,441,8820,0, ,No,No,No,No,Yes, ,Yes, , ,,,SHELTER,,Risk Shelter Inventory,Critical Community and Emergency Facilities,Regionally Significant,RSI_PT_1734,Longwood,St. Johns River Water Management District,FDEM,Risk Shelter Inventory - General - FDEM,,,,East Central Florida,Central District,Northeast,5,36,10,Not Affected,Not Affected,Not Affected,Not Affected,Not Affected,Not Affected,Not Affected,Not Affected,Not Affected,Not Affected,Not Affected,Not Affected,Not Affected,Not Affected,Not Affected,Not Affected,Not Affected,Not Affected,Not Affected,Not Affected,Not Affected,659019.9244,522907.1302
1773,1755,Chiles MS,1240 Sanctuary Dr,Oviedo,32765,Seminole,-81.15573499,28.65353999,"-81.15573499, 28.65353999",17R MM 84781 69611,SHELTER,RISK,5,2004,5 Auditorium / Gym,R,150 kW for campus,0,0,0,0,796,15910,796,15910,157,S 13-SR-AA-06-69-01-312,No,No,No,No,Yes, , , , ,,,SHELTER,,Risk Shelter Inventory,Critical Community and Emergency Facilities,Regionally Significant,RSI_PT_1735,Oviedo,St. Johns River Water Management District,FDEM,Risk Shelter Inventory - General - FDEM,,,,East Central Florida,Central District,Northeast,5,37,10,Not Affected,Not Affected,Not Affected,Not Affected,Not Affected,Not Affected,Not Affected,Not Affected,Not Affected,Not Affected,Not Affected,Not Affected,Not Affected,Not Affected,Not Affected,Not Affected,Not Affected,Not Affected,Not Affected,Not Affected,Not Affected,677474.1383,519575.5068
1774,1756,Winter Springs HS,130 Tuskawilla Rd,Winter Springs,32708,Seminole,-81.26541899,28.704085,"-81.26541899, 28.70408500",17R MM 74074 75230,SHELTER,RISK,5,1994,4 Classroom 1st Floor,R,200 kW for campus,0,0,0,0,626,12523,626,12523,440,S-1588-2006,No,No,No,No,Yes, , , , ,,,SHELTER,,Risk Shelter Inventory,Critical Community and Emergency Facilities,Regionally Significant,RSI_PT_1740,Winter Springs,St. Johns River Water Management District,FDEM,Risk Shelter Inventory - General - FDEM,,,,East Central Florida,Central District,Northeast,5,36,10,Not Affected,Not Affected,Not Affected,Not Affected,Not Affected,Not Affected,Not Affected,Not Affected,Not Affected,Not Affected,Not Affected,Not Affected,Not Affected,Not Affected,Not Affected,Not Affected,Not Affected,Not Affected,Not Affected,Not Affected,Not Affected,666651.1664,524945.3259
1775,1757,Lake Brantley HS,991 Sand Lake Rd,Altamonte Springs,32714,Seminole,-81.42230701,28.68084898,"-81.42230701, 28.68084898",17R MM 58741 72700,SHELTER,RISK,5,1997,7 Clasroom 1st Floor,R, ,0,0,0,0,439,8787,439,8787,666,S-1588-2006,No,No,No,No,Yes, , , , ,,,SHELTER,,Risk Shelter Inventory,Critical Community and Emergency Facilities,Regionally Significant,RSI_PT_1732,Altamonte Springs,St. Johns River Water Management District,FDEM,Risk Shelter Inventory - General - FDEM,,,,East Central Florida,Central District,Northeast,5,38,10,Not Affected,Not Affected,Not Affected,Not Affected,Not Affected,Not Affected,Not Affected,Not Affected,Not Affected,Not Affected,Not Affected,Not Affected,Not Affected,Not Affected,Not Affected,Low,Not Affected,Low,Not Affected,Not Affected,Low,651409.1233,522035.9129
1776,1758,Wildwood ES,300 E Huey St,Wildwood,34785,Sumter,-82.03949998,28.85780001,"-82.03949998, 28.85780001",17R LM 98611 92675,SHELTER,RISK,5,1999,18 Cafeteria,R, ,0,0,0,0,136,2726,136,2726,136,HMGP,No,No,No,No,Yes, , , , ,,,SHELTER,,Risk Shelter Inventory,Critical Community and Emergency Facilities,Regionally Significant,RSI_PT_1776,Wildwood,Southwest Florida Water Management District,FDEM,Risk Shelter Inventory - General - FDEM,,,,East Central Florida,Central District,Northwest,5,52,11,Not Affected,Not Affected,Not Affected,Not Affected,Not Affected,Not Affected,Not Affected,Not Affected,Not Affected,Not Affected,Not Affected,Not Affected,Not Affected,Not Affected,Not Affected,Medium,Medium,Medium,Medium,Medium,Medium,590906.1474,540576.69
1777,1759,Webster ES,349 S Market Blvd,Webster,33597,Sumter,-82.05334001,28.60534999,"-82.05334001, 28.60534999",17R LM 97014 64716,SHELTER,RISK,5,0,14 A & B Cafeteria,A,350 kW,83,1658,0,0,0,0,83,1658,0,HMGP,No,No,No,No,Yes, , , , ,,,SHELTER,,Risk Shelter Inventory,Critical Community and Emergency Facilities,Regionally Significant,RSI_PT_1777,Webster,Southwest Florida Water Management District,FDEM,Risk Shelter Inventory - General - FDEM,,,,East Central Florida,Central District,Northwest,5,52,11,Not Affected,Not Affected,Not Affected,Not Affected,Not Affected,Not Affected,Not Affected,Not Affected,Not Affected,Not Affected,Not Affected,Not Affected,Not Affected,Not Affected,Not Affected,Not Affected,Not Affected,Not Affected,Not Affected,Not Affected,Not Affected,590001.1231,512523.3604
1778,1760,Villages HS,251 Buffalo Tr,The Villages,32162,Sumter,-82.02027207,28.92423679,"-82.02027207, 28.92423679",17R MN 00550 00020,SHELTER,RISK,5,2001,Gym,A,400 kW,671,13428,0,0,0,0,671,13428,0, ,No,No,No,No,Yes, , , , ,,,SHELTER,,Risk Shelter Inventory,Critical Community and Emergency Facilities,Regionally Significant,RSI_PT_1778,,Southwest Florida Water Management District,FDEM,Risk Shelter Inventory - General - FDEM,,,,East Central Florida,Central District,Northwest,5,52,11,Not Affected,Not Affected,Not Affected,Not Affected,Not Affected,Not Affected,Not Affected,Not Affected,Not Affected,Not Affected,Not Affected,Not Affected,Not Affected,Not Affected,Not Affected,Not Affected,Not Affected,Not Affected,Not Affected,Not Affected,Not Affected,592659.8879,547983.5132
1779,1761,Wildwood Community Center,700 Huey St,Wildwood,34785,Sumter,-82.03203003,28.85634998,"-82.03203003, 28.85634998",17R LM 99338 92508,SHELTER,RISK,5,1966,Main,R,400 kW,0,0,0,0,307,6145,307,6145,477,S-1395B,No,No,No,No,Yes, , , , ,,,SHELTER,,Risk Shelter Inventory,Critical Community and Emergency Facilities,Regionally Significant,RSI_PT_1779,Wildwood,Southwest Florida Water Management District,FDEM,Risk Shelter Inventory - General - FDEM,,,,East Central Florida,Central District,Northwest,5,52,11,Not Affected,Not Affected,Not Affected,Not Affected,Not Affected,Not Affected,Not Affected,Not Affected,Not Affected,Not Affected,Not Affected,Not Affected,Not Affected,Not Affected,Not Affected,Not Affected,Not Affected,Not Affected,Not Affected,Not Affected,Not Affected,591636.0514,540427.2693
1780,1762,Agriculture Center,7620 SR 471,Bushnell,33513,Sumter,-82.05484721,28.6444452,"-82.05484721, 28.64444520",17R LM 96905 69049,SHELTER,RISK,5,2014,Cow Palace,R,350 kW,0,0,0,0,389,7784,389,7784,0, ,No,No,No,No,Yes, ,Yes, ,Yes,,,SHELTER,,Risk Shelter Inventory,Critical Community and Emergency Facilities,Regionally Significant,RSI_PT_1780,,Southwest Florida Water Management District,FDEM,Risk Shelter Inventory - General - FDEM,,,,East Central Florida,Central District,Northwest,5,52,11,Not Affected,Not Affected,Not Affected,Not Affected,Not Affected,Not Affected,Not Affected,Not Affected,Not Affected,Not Affected,Not Affected,Not Affected,Not Affected,Not Affected,Not Affected,Not Affected,Not Affected,Not Affected,Not Affected,Not Affected,Not Affected,589785.5442,516862.2179
1781,1763,South Sumter Sr HS,7060 N Main St / SR 475,Bushnell,33513,Sumter,-82.11734737,28.65325818,"-82.11734737, 28.65325818",17R LM 90805 70081,SHELTER,RISK,5,2007,44 Cafeteria,A,505 kW,336,6717,0,0,0,0,336,6717,0, ,No,No,No,No,Yes, ,Yes, , ,,,SHELTER,,Risk Shelter Inventory,Critical Community and Emergency Facilities,Regionally Significant,RSI_PT_1781,,Southwest Florida Water Management District,FDEM,Risk Shelter Inventory - General - FDEM,,,,East Central Florida,Central District,Northwest,5,52,11,Not Affected,Not Affected,Not Affected,Not Affected,Not Affected,Not Affected,Not Affected,Not Affected,Not Affected,Not Affected,Not Affected,Not Affected,Not Affected,Not Affected,Not Affected,Low,Low,Low,Medium,Medium,Medium,583673.0402,517746.1821
1782,1764,Villages MS,450 Village Campus Cir,The Villages,32162,Sumter,-82.02777001,28.92540999,"-82.02777001, 28.92540999",17R LN 99820 00156,SHELTER,RISK,5,2001,Cafeteria,A, ,0,0,402,8049,0,0,402,8049,402,L,No,No,No,Yes,Yes, , , , ,,,SHELTER,,Risk Shelter Inventory,Critical Community and Emergency Facilities,Regionally Significant,RSI_PT_1782,,Southwest Florida Water Management District,FDEM,Risk Shelter Inventory - General - FDEM,,,,East Central Florida,Central District,Northwest,5,52,11,Not Affected,Not Affected,Not Affected,Not Affected,Not Affected,Not Affected,Not Affected,Not Affected,Not Affected,Not Affected,Not Affected,Not Affected,Not Affected,Not Affected,Not Affected,Not Affected,Not Affected,Not Affected,Not Affected,Not Affected,Not Affected,591928.1944,548102.0884
1783,1765,Suwannee ES,1748 S Ohio Ave,Live Oak,32064,Suwannee,-82.99095001,30.27803999,"-82.99095001, 30.27803999",17R LP 08495 51273,SHELTER,RISK,3,2005,1 Classroom,A,75 kW,0,0,1870,37398,0,0,1870,37398,400, ,No,No,No,Yes,Yes, , , , ,,,SHELTER,,Risk Shelter Inventory,Critical Community and Emergency Facilities,Regionally Significant,RSI_PT_1783,Live Oak,Suwannee River Water Management District,FDEM,Risk Shelter Inventory - General - FDEM,,,,North Central Florida,Northeast District,Northwest,2,7,3,Not Affected,Not Affected,Not Affected,Not Affected,Not Affected,Not Affected,Not Affected,Not Affected,Not Affected,Not Affected,Not Affected,Not Affected,Not Affected,Not Affected,Not Affected,Not Affected,Not Affected,Not Affected,Not Affected,Not Affected,Not Affected,496970.2783,697139.8007
1784,1766,RIVEROAK Technical College,415 Pinewood Dr SW,Live Oak,32064,Suwannee,-82.99230739,30.28272394,"-82.99230739, 30.28272394",17R LP 08374 51794,SHELTER,RISK,3,1994,13 Lab,A, ,0,0,0,0,0,0,46,922,60, ,No,No,No,No,Yes, , , ,Yes,,,SHELTER,,Risk Shelter Inventory,Critical Community and Emergency Facilities,Regionally Significant,RSI_PT_1784,Live Oak,Suwannee River Water Management District,FDEM,Risk Shelter Inventory - General - FDEM,,,,North Central Florida,Northeast District,Northwest,2,7,3,Not Affected,Not Affected,Not Affected,Not Affected,Not Affected,Not Affected,Not Affected,Not Affected,Not Affected,Not Affected,Not Affected,Not Affected,Not Affected,Not Affected,Not Affected,Not Affected,Not Affected,Not Affected,Not Affected,Not Affected,Not Affected,496835.5886,697658.5833
1785,1767,Branford HS,405 NE Reynolds St,Branford,32008,Suwannee,-82.92572003,29.96260999,"-82.92572003, 29.96260999",17R LP 14181 16202,SHELTER,RISK,3,1998,12 Band / Multipurpose,A, ,0,0,0,0,0,0,239,4780,0, ,No,No,No,No,Yes, , , ,Yes,,,SHELTER,,Risk Shelter Inventory,Critical Community and Emergency Facilities,Regionally Significant,RSI_PT_1785,Branford,Suwannee River Water Management District,FDEM,Risk Shelter Inventory - General - FDEM,,,,North Central Florida,Northeast District,Northwest,2,7,3,Not Affected,Not Affected,Not Affected,Not Affected,Not Affected,Not Affected,Not Affected,Not Affected,Not Affected,Not Affected,Not Affected,Not Affected,Not Affected,Not Affected,Not Affected,Not Affected,Not Affected,Not Affected,Not Affected,Not Affected,Not Affected,503543.7786,662181.499
1786,1768,Branford ES,26801 SR 247,Branford,32008,Suwannee,-82.91853003,29.96390001,"-82.91853003, 29.96390001",17R LP 14877 16333,SHELTER,RISK,3,2000,1 Cafeteria / Classroom,A,60 kW,0,0,1940,38801,0,0,1940,38801,287, ,No,No,No,Yes,Yes, , , , ,,,SHELTER,,Risk Shelter Inventory,Critical Community and Emergency Facilities,Regionally Significant,RSI_PT_1786,,Suwannee River Water Management District,FDEM,Risk Shelter Inventory - General - FDEM,,,,North Central Florida,Northeast District,Northwest,2,7,3,Not Affected,Not Affected,Not Affected,Not Affected,Not Affected,Not Affected,Not Affected,Not Affected,Not Affected,Not Affected,Not Affected,Not Affected,Not Affected,Not Affected,Not Affected,Not Affected,Not Affected,Not Affected,Not Affected,Not Affected,Not Affected,504235.5082,662330.7547
1787,1769,Branford HS,405 NE Reynolds St,Branford,32008,Suwannee,-82.92572003,29.96260999,"-82.92572003, 29.96260999",17R LP 14181 16202,SHELTER,RISK,3,1972,5 Classroom,A, ,0,0,0,0,0,0,356,7127,215, ,No,No,No,No,Yes, , , ,Yes,,,SHELTER,,Risk Shelter Inventory,Critical Community and Emergency Facilities,Regionally Significant,RSI_PT_1785,Branford,Suwannee River Water Management District,FDEM,Risk Shelter Inventory - General - FDEM,,,,North Central Florida,Northeast District,Northwest,2,7,3,Not Affected,Not Affected,Not Affected,Not Affected,Not Affected,Not Affected,Not Affected,Not Affected,Not Affected,Not Affected,Not Affected,Not Affected,Not Affected,Not Affected,Not Affected,Not Affected,Not Affected,Not Affected,Not Affected,Not Affected,Not Affected,503543.7786,662181.499
1788,1770,Suwannee MS,1730 Walker St SW,Live Oak,32064,Suwannee,-82.99627105,30.27753592,"-82.99627105, 30.27753592",17R LP 07983 51226,SHELTER,RISK,3,2009,12 ESE / Classroom,A, ,0,0,0,0,0,0,356,7110,130, ,No,No,No,No,Yes, , , ,Yes,,,SHELTER,,Risk Shelter Inventory,Critical Community and Emergency Facilities,Regionally Significant,RSI_PT_1788,Live Oak,Suwannee River Water Management District,FDEM,Risk Shelter Inventory - General - FDEM,,,,North Central Florida,Northeast District,Northwest,2,7,3,Not Affected,Not Affected,Not Affected,Not Affected,Not Affected,Not Affected,Not Affected,Not Affected,Not Affected,Not Affected,Not Affected,Not Affected,Not Affected,Not Affected,Not Affected,Medium,Medium,Medium,Medium,High,High,496459.3898,697079.6826
1789,1771,Taylor County ES,1600 E Green St,Perry,32347,Taylor,-83.56469003,30.11923,"-83.56469003, 30.11923000",17R KP 52896 34773,SHELTER,RISK,3,2002,5 Classroom,A, ,0,0,438,8765,0,0,438,8765,438,L,No,No,No,No,Yes, , , , ,,,SHELTER,,Risk Shelter Inventory,Critical Community and Emergency Facilities,Regionally Significant,RSI_PT_1789,Perry,Suwannee River Water Management District,FDEM,Risk Shelter Inventory - General - FDEM,,,,North Central Florida,Northeast District,Northwest,2,7,3,Not Affected,Not Affected,Not Affected,Not Affected,Not Affected,Not Affected,Not Affected,Not Affected,Not Affected,Not Affected,Not Affected,Not Affected,Not Affected,Not Affected,Not Affected,Not Affected,Not Affected,Not Affected,Not Affected,Not Affected,Not Affected,441896.141,679189.957
1790,1772,Taylor County ES,1600 E Green St,Perry,32347,Taylor,-83.56469003,30.11923,"-83.56469003, 30.11923000",17R KP 52896 34773,SHELTER,RISK,3,2002,3 Classroom,A, ,0,0,796,15925,0,0,796,15925,796,L,No,No,No,No,Yes, , , , ,,,SHELTER,,Risk Shelter Inventory,Critical Community and Emergency Facilities,Regionally Significant,RSI_PT_1789,Perry,Suwannee River Water Management District,FDEM,Risk Shelter Inventory - General - FDEM,,,,North Central Florida,Northeast District,Northwest,2,7,3,Not Affected,Not Affected,Not Affected,Not Affected,Not Affected,Not Affected,Not Affected,Not Affected,Not Affected,Not Affected,Not Affected,Not Affected,Not Affected,Not Affected,Not Affected,Not Affected,Not Affected,Not Affected,Not Affected,Not Affected,Not Affected,441896.141,679189.957
1791,1773,Taylor County HS,900 N Johnson-Stripping Rd,Perry,32347,Taylor,-83.57294,30.12579999,"-83.57294000, 30.12579999",17R KP 52117 35519,SHELTER,RISK,3,1991,3C Music,R, ,0,0,0,0,209,4180,209,4180,0,S-1496-2009,No,No,No,No,Yes, , , , ,,,SHELTER,,Risk Shelter Inventory,Critical Community and Emergency Facilities,Regionally Significant,RSI_PT_1791,Perry,Suwannee River Water Management District,FDEM,Risk Shelter Inventory - General - FDEM,,,,North Central Florida,Northeast District,Northwest,2,7,3,Not Affected,Not Affected,Not Affected,Not Affected,Not Affected,Not Affected,Not Affected,Not Affected,Not Affected,Not Affected,Not Affected,Not Affected,Not Affected,Not Affected,Not Affected,Not Affected,Not Affected,Not Affected,Not Affected,Not Affected,Not Affected,441099.6051,679916.4419
1792,1774,Taylor County ES,1600 E Green St,Perry,32347,Taylor,-83.56469003,30.11923,"-83.56469003, 30.11923000",17R KP 52896 34773,SHELTER,RISK,3,2002,4 Classroom,A, ,0,0,401,8029,0,0,401,8029,401,L,No,No,No,No,Yes, , , , ,,,SHELTER,,Risk Shelter Inventory,Critical Community and Emergency Facilities,Regionally Significant,RSI_PT_1789,Perry,Suwannee River Water Management District,FDEM,Risk Shelter Inventory - General - FDEM,,,,North Central Florida,Northeast District,Northwest,2,7,3,Not Affected,Not Affected,Not Affected,Not Affected,Not Affected,Not Affected,Not Affected,Not Affected,Not Affected,Not Affected,Not Affected,Not Affected,Not Affected,Not Affected,Not Affected,Not Affected,Not Affected,Not Affected,Not Affected,Not Affected,Not Affected,441896.141,679189.957
1793,1775,Taylor County HS,900 N Johnson-Stripping Rd,Perry,32347,Taylor,-83.57294,30.12579999,"-83.57294000, 30.12579999",17R KP 52117 35519,SHELTER,RISK,3,1991,4D JROTC / Classroom,A, ,0,0,0,0,144,2880,144,2880,0,S 12/13 2624,No,No,No,No,Yes, , , , ,,,SHELTER,,Risk Shelter Inventory,Critical Community and Emergency Facilities,Regionally Significant,RSI_PT_1791,Perry,Suwannee River Water Management District,FDEM,Risk Shelter Inventory - General - FDEM,,,,North Central Florida,Northeast District,Northwest,2,7,3,Not Affected,Not Affected,Not Affected,Not Affected,Not Affected,Not Affected,Not Affected,Not Affected,Not Affected,Not Affected,Not Affected,Not Affected,Not Affected,Not Affected,Not Affected,Not Affected,Not Affected,Not Affected,Not Affected,Not Affected,Not Affected,441099.6051,679916.4419
1794,1776,Taylor County ES,1600 E Green St,Perry,32347,Taylor,-83.56469003,30.11923,"-83.56469003, 30.11923000",17R KP 52896 34773,SHELTER,RISK,3,2002,7 Cafeteria,R, ,0,0,0,0,467,9340,467,9340,0,S-1496-2009,No,No,No,No,Yes, , , , ,,,SHELTER,,Risk Shelter Inventory,Critical Community and Emergency Facilities,Regionally Significant,RSI_PT_1789,Perry,Suwannee River Water Management District,FDEM,Risk Shelter Inventory - General - FDEM,,,,North Central Florida,Northeast District,Northwest,2,7,3,Not Affected,Not Affected,Not Affected,Not Affected,Not Affected,Not Affected,Not Affected,Not Affected,Not Affected,Not Affected,Not Affected,Not Affected,Not Affected,Not Affected,Not Affected,Not Affected,Not Affected,Not Affected,Not Affected,Not Affected,Not Affected,441896.141,679189.957
1795,1777,Taylor County ES,1600 E Green St,Perry,32347,Taylor,-83.56469003,30.11923,"-83.56469003, 30.11923000",17R KP 52896 34773,SHELTER,RISK,3,2002,2 Media,R, ,0,0,0,0,276,5520,276,5520,0,S-1496-2011,No,No,No,No,Yes, , , , ,,,SHELTER,,Risk Shelter Inventory,Critical Community and Emergency Facilities,Regionally Significant,RSI_PT_1789,Perry,Suwannee River Water Management District,FDEM,Risk Shelter Inventory - General - FDEM,,,,North Central Florida,Northeast District,Northwest,2,7,3,Not Affected,Not Affected,Not Affected,Not Affected,Not Affected,Not Affected,Not Affected,Not Affected,Not Affected,Not Affected,Not Affected,Not Affected,Not Affected,Not Affected,Not Affected,Not Affected,Not Affected,Not Affected,Not Affected,Not Affected,Not Affected,441896.141,679189.957
1796,1778,Taylor County HS,900 N Johnson-Stripping Rd,Perry,32347,Taylor,-83.57294,30.12579999,"-83.57294000, 30.12579999",17R KP 52117 35519,SHELTER,RISK,3,1991,2B Cafeteria,A, ,0,0,0,0,268,5360,268,5360,0,S 12/13 2624,No,No,No,No,Yes, , , , ,,,SHELTER,,Risk Shelter Inventory,Critical Community and Emergency Facilities,Regionally Significant,RSI_PT_1791,Perry,Suwannee River Water Management District,FDEM,Risk Shelter Inventory - General - FDEM,,,,North Central Florida,Northeast District,Northwest,2,7,3,Not Affected,Not Affected,Not Affected,Not Affected,Not Affected,Not Affected,Not Affected,Not Affected,Not Affected,Not Affected,Not Affected,Not Affected,Not Affected,Not Affected,Not Affected,Not Affected,Not Affected,Not Affected,Not Affected,Not Affected,Not Affected,441099.6051,679916.4419
1797,1779,Taylor County ES,1600 E Green St,Perry,32347,Taylor,-83.56469003,30.11923,"-83.56469003, 30.11923000",17R KP 52896 34773,SHELTER,RISK,3,2002,1 Admin,R, ,0,0,0,0,250,5000,250,5000,0,S-1496-2010,No,No,No,No,Yes, , , , ,,,SHELTER,,Risk Shelter Inventory,Critical Community and Emergency Facilities,Regionally Significant,RSI_PT_1789,Perry,Suwannee River Water Management District,FDEM,Risk Shelter Inventory - General - FDEM,,,,North Central Florida,Northeast District,Northwest,2,7,3,Not Affected,Not Affected,Not Affected,Not Affected,Not Affected,Not Affected,Not Affected,Not Affected,Not Affected,Not Affected,Not Affected,Not Affected,Not Affected,Not Affected,Not Affected,Not Affected,Not Affected,Not Affected,Not Affected,Not Affected,Not Affected,441896.141,679189.957
1798,1780,Taylor County HS,900 N Johnson-Stripping Rd,Perry,32347,Taylor,-83.57294,30.12579999,"-83.57294000, 30.12579999",17R KP 52117 35519,SHELTER,RISK,3,1991,1A Admin / Classroom,A, ,0,0,0,0,2530,50600,2530,50600,0,S 12/13 2624,No,No,No,No,Yes, , , , ,,,SHELTER,,Risk Shelter Inventory,Critical Community and Emergency Facilities,Regionally Significant,RSI_PT_1791,Perry,Suwannee River Water Management District,FDEM,Risk Shelter Inventory - General - FDEM,,,,North Central Florida,Northeast District,Northwest,2,7,3,Not Affected,Not Affected,Not Affected,Not Affected,Not Affected,Not Affected,Not Affected,Not Affected,Not Affected,Not Affected,Not Affected,Not Affected,Not Affected,Not Affected,Not Affected,Not Affected,Not Affected,Not Affected,Not Affected,Not Affected,Not Affected,441099.6051,679916.4419
1799,1781,Taylor County ES,1600 E Green St,Perry,32347,Taylor,-83.56469003,30.11923,"-83.56469003, 30.11923000",17R KP 52896 34773,SHELTER,RISK,3,2002,6 Classroom,A, ,0,0,0,0,875,17506,875,17506,875,L,No,No,No,No,Yes, , , , ,,,SHELTER,,Risk Shelter Inventory,Critical Community and Emergency Facilities,Regionally Significant,RSI_PT_1789,Perry,Suwannee River Water Management District,FDEM,Risk Shelter Inventory - General - FDEM,,,,North Central Florida,Northeast District,Northwest,2,7,3,Not Affected,Not Affected,Not Affected,Not Affected,Not Affected,Not Affected,Not Affected,Not Affected,Not Affected,Not Affected,Not Affected,Not Affected,Not Affected,Not Affected,Not Affected,Not Affected,Not Affected,Not Affected,Not Affected,Not Affected,Not Affected,441896.141,679189.957
1800,1782,Lake Butler MS,150 SW 6th St,Lake Butler,32054,Union,-82.33933459,30.01799097,"-82.33933459, 30.01799097",17R LP 70841 21534,SHELTER,RISK,3,1983,5 Classroom / Art,R, ,0,0,0,0,391,7822,391,7822,141,HMGP,No,No,No,No,Yes, , , , ,,,SHELTER,,Risk Shelter Inventory,Critical Community and Emergency Facilities,Regionally Significant,RSI_PT_1800,Lake Butler,Suwannee River Water Management District,FDEM,Risk Shelter Inventory - General - FDEM,,,,North Central Florida,Northeast District,Northwest,2,10,6,Not Affected,Not Affected,Not Affected,Not Affected,Not Affected,Not Affected,Not Affected,Not Affected,Not Affected,Not Affected,Not Affected,Not Affected,Not Affected,Not Affected,Not Affected,Not Affected,Not Affected,Not Affected,Low,Low,Low,559976.5573,668955.3958
1801,1783,Lake Bultler ES,800 SW 6th St,Lake Butler,32054,Union,-82.34817326,30.0177112,"-82.34817326, 30.01771120",17R LP 69988 21513,SHELTER,RISK,3,1998,21 Classroom,R, ,0,0,0,0,144,2885,144,2885,144,S FY 10/11 1617,No,No,No,No,Yes, , , , ,,,SHELTER,,Risk Shelter Inventory,Critical Community and Emergency Facilities,Regionally Significant,RSI_PT_1801,Lake Butler,Suwannee River Water Management District,FDEM,Risk Shelter Inventory - General - FDEM,,,,North Central Florida,Northeast District,Northwest,2,10,6,Not Affected,Not Affected,Not Affected,Not Affected,Not Affected,Not Affected,Not Affected,Not Affected,Not Affected,Not Affected,Not Affected,Not Affected,Not Affected,Not Affected,Not Affected,Low,Low,Low,Medium,Medium,Medium,559125.5709,668912.9065
1802,1784,Lake Bultler ES,800 SW 6th St,Lake Butler,32054,Union,-82.34817326,30.0177112,"-82.34817326, 30.01771120",17R LP 69988 21513,SHELTER,RISK,3,1998,22 Classroom,R, ,0,0,0,0,144,2885,144,2885,144,S FY 10/11 1617,No,No,No,No,Yes, , , , ,,,SHELTER,,Risk Shelter Inventory,Critical Community and Emergency Facilities,Regionally Significant,RSI_PT_1801,Lake Butler,Suwannee River Water Management District,FDEM,Risk Shelter Inventory - General - FDEM,,,,North Central Florida,Northeast District,Northwest,2,10,6,Not Affected,Not Affected,Not Affected,Not Affected,Not Affected,Not Affected,Not Affected,Not Affected,Not Affected,Not Affected,Not Affected,Not Affected,Not Affected,Not Affected,Not Affected,Low,Low,Low,Medium,Medium,Medium,559125.5709,668912.9065
1803,1785,Lake Bultler ES,800 SW 6th St,Lake Butler,32054,Union,-82.34817326,30.0177112,"-82.34817326, 30.01771120",17R LP 69988 21513,SHELTER,RISK,3,1998,20 Classroom,R, ,0,0,0,0,144,2885,144,2885,144,S FY 10/11 1617,No,No,No,No,Yes, , , , ,,,SHELTER,,Risk Shelter Inventory,Critical Community and Emergency Facilities,Regionally Significant,RSI_PT_1801,Lake Butler,Suwannee River Water Management District,FDEM,Risk Shelter Inventory - General - FDEM,,,,North Central Florida,Northeast District,Northwest,2,10,6,Not Affected,Not Affected,Not Affected,Not Affected,Not Affected,Not Affected,Not Affected,Not Affected,Not Affected,Not Affected,Not Affected,Not Affected,Not Affected,Not Affected,Not Affected,Low,Low,Low,Medium,Medium,Medium,559125.5709,668912.9065
1804,1786,Lake Butler MS,150 SW 6th St,Lake Butler,32054,Union,-82.33933459,30.01799097,"-82.33933459, 30.01799097",17R LP 70841 21534,SHELTER,RISK,3,1983,3 Classroom,R, ,0,0,0,0,391,7822,391,7822,142,HMGP,No,No,No,No,Yes, , ,Yes, ,,,SHELTER,,Risk Shelter Inventory,Critical Community and Emergency Facilities,Regionally Significant,RSI_PT_1800,Lake Butler,Suwannee River Water Management District,FDEM,Risk Shelter Inventory - General - FDEM,,,,North Central Florida,Northeast District,Northwest,2,10,6,Not Affected,Not Affected,Not Affected,Not Affected,Not Affected,Not Affected,Not Affected,Not Affected,Not Affected,Not Affected,Not Affected,Not Affected,Not Affected,Not Affected,Not Affected,Not Affected,Not Affected,Not Affected,Low,Low,Low,559976.5573,668955.3958
1805,1787,Lake Butler MS,150 SW 6th St,Lake Butler,32054,Union,-82.33933459,30.01799097,"-82.33933459, 30.01799097",17R LP 70841 21534,SHELTER,RISK,3,1983,6 Classroom,R, ,0,0,0,0,391,7821,391,7821,141,HMGP,No,No,No,No,Yes, , , , ,,,SHELTER,,Risk Shelter Inventory,Critical Community and Emergency Facilities,Regionally Significant,RSI_PT_1800,Lake Butler,Suwannee River Water Management District,FDEM,Risk Shelter Inventory - General - FDEM,,,,North Central Florida,Northeast District,Northwest,2,10,6,Not Affected,Not Affected,Not Affected,Not Affected,Not Affected,Not Affected,Not Affected,Not Affected,Not Affected,Not Affected,Not Affected,Not Affected,Not Affected,Not Affected,Not Affected,Not Affected,Not Affected,Not Affected,Low,Low,Low,559976.5573,668955.3958
1806,1788,Sunrise ES,3155 Phonetia Dr,Deltona,32738,Volusia,-81.17547899,28.88146501,"-81.17547899, 28.88146501",17R MM 82888 94865,SHELTER,RISK,5,1992,2 Classroom,R, ,0,0,0,0,331,6613,331,6613,0,L,No,No,No,No,Yes, , , , ,,,SHELTER,,Risk Shelter Inventory,Critical Community and Emergency Facilities,Regionally Significant,RSI_PT_1806,Deltona,St. Johns River Water Management District,FDEM,Risk Shelter Inventory - General - FDEM,,,,East Central Florida,Central District,Northeast,5,29,8,Not Affected,Not Affected,Not Affected,Not Affected,Not Affected,Not Affected,Not Affected,Not Affected,Not Affected,Not Affected,Not Affected,Not Affected,Not Affected,Not Affected,Not Affected,Not Affected,Not Affected,Not Affected,Not Affected,Not Affected,Not Affected,674968.6222,544836.3575
1807,1789,DeLand HS,800 N Hill Ave,DeLand,32724,Volusia,-81.285152,29.041792,"-81.28515200, 29.04179200",17R MN 72237 12649,SHELTER,RISK,5,2003,5 Dining,R, ,0,0,0,0,373,7455,373,7455,400,L,No,No,No,No,Yes, , , , ,,,SHELTER,,Risk Shelter Inventory,Critical Community and Emergency Facilities,Regionally Significant,RSI_PT_1807,DeLand,St. Johns River Water Management District,FDEM,Risk Shelter Inventory - General - FDEM,,,,East Central Florida,Central District,Northeast,5,29,8,Not Affected,Not Affected,Not Affected,Not Affected,Not Affected,Not Affected,Not Affected,Not Affected,Not Affected,Not Affected,Not Affected,Not Affected,Not Affected,Not Affected,Not Affected,Not Affected,Not Affected,Not Affected,Not Affected,Not Affected,Not Affected,663901.7167,562396.439
1808,1790,Deltona HS,100 Wolf Pack Run,Deltona,32725,Volusia,-81.24559604,28.94662199,"-81.24559604, 28.94662199",17R MN 76066 02096,SHELTER,RISK,5,1986,15 Classroom / Multipurpose,R, ,0,0,0,0,323,6451,323,6451,0, ,No,No,No,No,Yes, , , , ,,,SHELTER,,Risk Shelter Inventory,Critical Community and Emergency Facilities,Regionally Significant,RSI_PT_1808,Deltona,St. Johns River Water Management District,FDEM,Risk Shelter Inventory - General - FDEM,,,,East Central Florida,Central District,Northeast,5,29,8,Not Affected,Not Affected,Not Affected,Not Affected,Not Affected,Not Affected,Not Affected,Not Affected,Not Affected,Not Affected,Not Affected,Not Affected,Not Affected,Not Affected,Not Affected,Not Affected,Not Affected,Not Affected,Low,Medium,Medium,667982.2333,551915.851
1809,1791,Deltona Lakes ES,2022 Adelia Blvd,Deltona,32725,Volusia,-81.21742496,28.92138898,"-81.21742496, 28.92138898",17R MM 78806 99295,SHELTER,RISK,5,1988,8 Classroom,R, ,0,0,0,0,99,1975,99,1975,150,L,No,No,No,No,Yes, , , , ,,,SHELTER,,Risk Shelter Inventory,Critical Community and Emergency Facilities,Regionally Significant,RSI_PT_1809,Deltona,St. Johns River Water Management District,FDEM,Risk Shelter Inventory - General - FDEM,,,,East Central Florida,Central District,Northeast,5,29,8,Not Affected,Not Affected,Not Affected,Not Affected,Not Affected,Not Affected,Not Affected,Not Affected,Not Affected,Not Affected,Not Affected,Not Affected,Not Affected,Not Affected,Not Affected,Not Affected,Not Affected,Not Affected,Not Affected,Not Affected,Not Affected,670785.8227,549175.9736
1810,1792,Hinson MS,1860 N Clyde Morris Blvd,Ormond Beach,32117,Volusia,-81.09412599,29.23996199,"-81.09412599, 29.23996199",17R MN 90853 34575,SHELTER,RISK,5,2004,6 Classroom,R, ,0,0,0,0,325,6509,325,6509,0, ,No,No,No,No,Yes, , , , ,,,SHELTER,,Risk Shelter Inventory,Critical Community and Emergency Facilities,Regionally Significant,RSI_PT_1810,Daytona Beach,St. Johns River Water Management District,FDEM,Risk Shelter Inventory - General - FDEM,,,,East Central Florida,Central District,Northeast,5,28,8,Not Affected,Not Affected,Not Affected,Not Affected,Not Affected,Not Affected,Not Affected,Not Affected,Not Affected,Not Affected,Not Affected,Not Affected,Not Affected,Not Affected,Not Affected,Not Affected,Not Affected,Not Affected,Not Affected,Not Affected,Not Affected,681948.9099,584819.2364
1811,1793,Palm Terrace ES,1825 Dunn Ave,Daytona Beach,32114,Volusia,-81.07428201,29.19849998,"-81.07428201, 29.19849998",17R MN 92778 29980,SHELTER,RISK,5,1991,3 Classroom,R,"Yes, unknown kW",0,0,0,0,275,5500,275,5500,0, ,No,No,No,No,Yes, , , ,Yes,,,SHELTER,,Risk Shelter Inventory,Critical Community and Emergency Facilities,Regionally Significant,RSI_PT_1811,Daytona Beach,St. Johns River Water Management District,FDEM,Risk Shelter Inventory - General - FDEM,,,,East Central Florida,Central District,Northeast,5,28,8,Not Affected,Not Affected,Not Affected,Not Affected,Not Affected,Not Affected,Not Affected,Not Affected,Not Affected,Not Affected,Not Affected,Not Affected,Not Affected,Not Affected,Not Affected,Not Affected,Not Affected,Not Affected,Not Affected,Not Affected,Not Affected,683983.1807,580262.0207
1812,1794,Manatee Cove ES,734 W Ohio Ave,Orange City,32763,Volusia,-81.30900698,28.93878001,"-81.30900698, 28.93878001",17R MN 69884 01242,SHELTER,RISK,5,2004,4 Classroom,R, ,0,0,0,0,355,7107,355,7107,150, ,No,No,No,No,Yes, , , ,Yes,,,SHELTER,,Risk Shelter Inventory,Critical Community and Emergency Facilities,Regionally Significant,RSI_PT_1812,Orange City,St. Johns River Water Management District,FDEM,Risk Shelter Inventory - General - FDEM,,,,East Central Florida,Central District,Northeast,5,27,8,Not Affected,Not Affected,Not Affected,Not Affected,Not Affected,Not Affected,Not Affected,Not Affected,Not Affected,Not Affected,Not Affected,Not Affected,Not Affected,Not Affected,Not Affected,Not Affected,Not Affected,Not Affected,Not Affected,Not Affected,Not Affected,661832.8317,550908.9917
1813,1795,University HS,1000 W Rhode Island Ave,Orange City,32763,Volusia,-81.31296902,28.93185002,"-81.31296902, 28.93185002",17R MN 69496 00475,SHELTER,RISK,5,2007,7 Dining,R, ,0,0,338,6768,0,0,338,6768,400,L,No,No,No,Yes,Yes, , , ,Yes,,,SHELTER,,Risk Shelter Inventory,Critical Community and Emergency Facilities,Regionally Significant,RSI_PT_1813,Orange City,St. Johns River Water Management District,FDEM,Risk Shelter Inventory - General - FDEM,,,,East Central Florida,Central District,Northeast,5,27,8,Not Affected,Not Affected,Not Affected,Not Affected,Not Affected,Not Affected,Not Affected,Not Affected,Not Affected,Not Affected,Not Affected,Not Affected,Not Affected,Not Affected,Not Affected,High,High,High,High,High,High,661464.155,550131.1932
1814,1796,Daytona State College Deltona,2351 Providence Blvd,Deltona,32725,Volusia,-81.22138701,28.92903998,"-81.22138701, 28.92903998",17R MN 78422 00144,SHELTER,RISK,5,1998,1A (EHPA portion),A, ,0,0,101,2016,0,0,101,2016,186, ,No,No,No,Yes,Yes, , , ,Yes,,,SHELTER,,Risk Shelter Inventory,Critical Community and Emergency Facilities,Regionally Significant,RSI_PT_1814,Deltona,St. Johns River Water Management District,FDEM,Risk Shelter Inventory - General - FDEM,,,,East Central Florida,Central District,Northeast,5,29,8,Not Affected,Not Affected,Not Affected,Not Affected,Not Affected,Not Affected,Not Affected,Not Affected,Not Affected,Not Affected,Not Affected,Not Affected,Not Affected,Not Affected,Not Affected,Not Affected,Not Affected,Not Affected,Not Affected,Not Affected,Not Affected,670381.1793,550016.7085
1815,1797,Timbercrest ES,2401 Eustace Ave,Deltona,32725,Volusia,-81.23032496,28.93234401,"-81.23032496, 28.93234401",17R MN 77551 00511,SHELTER,RISK,5,1989,1 Admin / Media,R, ,0,0,0,0,128,2564,128,2564,0,F,No,No,No,No,Yes, , , ,Yes,,,SHELTER,,Risk Shelter Inventory,Critical Community and Emergency Facilities,Regionally Significant,RSI_PT_1815,Deltona,St. Johns River Water Management District,FDEM,Risk Shelter Inventory - General - FDEM,,,,East Central Florida,Central District,Northeast,5,29,8,Not Affected,Not Affected,Not Affected,Not Affected,Not Affected,Not Affected,Not Affected,Not Affected,Not Affected,Not Affected,Not Affected,Not Affected,Not Affected,Not Affected,Not Affected,Not Affected,Not Affected,Not Affected,Not Affected,Not Affected,Not Affected,669503.3509,550363.9616
1816,1798,Pride ES,1100 Learning Lane,Deltona,32738,Volusia,-81.16156796,28.89534301,"-81.16156796, 28.89534301",17R MM 84247 96401,SHELTER,RISK,5,2007,3 Dining,R, ,0,0,212,4245,0,0,212,4245,150,L,No,No,No,Yes,Yes, , , ,Yes,,,SHELTER,,Risk Shelter Inventory,Critical Community and Emergency Facilities,Regionally Significant,RSI_PT_1816,Deltona,St. Johns River Water Management District,FDEM,Risk Shelter Inventory - General - FDEM,,,,East Central Florida,Central District,Northeast,5,29,8,Not Affected,Not Affected,Not Affected,Not Affected,Not Affected,Not Affected,Not Affected,Not Affected,Not Affected,Not Affected,Not Affected,Not Affected,Not Affected,Not Affected,Not Affected,Not Affected,Not Affected,Not Affected,Not Affected,Not Affected,Not Affected,676287.1583,546408.2092
1817,1799,Palm Terrace ES,1825 Dunn Ave,Daytona Beach,32114,Volusia,-81.07428201,29.19849998,"-81.07428201, 29.19849998",17R MN 92778 29980,SHELTER,RISK,5,1991,9 Classroom,R,"Yes, unknown kW",0,0,0,0,173,3453,173,3453,0, ,No,No,No,No,Yes, , , ,Yes,,,SHELTER,,Risk Shelter Inventory,Critical Community and Emergency Facilities,Regionally Significant,RSI_PT_1811,Daytona Beach,St. Johns River Water Management District,FDEM,Risk Shelter Inventory - General - FDEM,,,,East Central Florida,Central District,Northeast,5,28,8,Not Affected,Not Affected,Not Affected,Not Affected,Not Affected,Not Affected,Not Affected,Not Affected,Not Affected,Not Affected,Not Affected,Not Affected,Not Affected,Not Affected,Not Affected,Not Affected,Not Affected,Not Affected,Not Affected,Not Affected,Not Affected,683983.1807,580262.0207
1818,1800,Creekside MS,6801 Airport Rd,Port Orange,32128,Volusia,-81.04172703,29.066167,"-81.04172703, 29.06616700",17R MN 95938 15317,SHELTER,RISK,5,1999,4 Classroom,A, ,0,0,0,0,0,0,475,9506,0, ,E,No,No,No,Yes, , , , ,,,SHELTER,,Risk Shelter Inventory,Critical Community and Emergency Facilities,Regionally Significant,RSI_PT_1818,Port Orange,St. Johns River Water Management District,FDEM,Risk Shelter Inventory - General - FDEM,,,,East Central Florida,Central District,Northeast,5,30,8,Not Affected,Not Affected,Not Affected,Not Affected,Not Affected,Not Affected,Not Affected,Not Affected,Not Affected,Not Affected,Not Affected,Not Affected,Not Affected,Not Affected,Not Affected,Not Affected,Not Affected,Not Affected,Not Affected,Not Affected,Not Affected,687495.0006,565646.7301
1819,1801,Friendship ES,2746 Fulford St,Deltona,32738,Volusia,-81.18857001,28.93412399,"-81.18857001, 28.93412399",17R MN 81621 00701,SHELTER,RISK,5,1992,4 Dining / Art,R, ,0,0,245,4893,0,0,245,4893,150,L,No,No,No,Yes,Yes, , , , ,,,SHELTER,,Risk Shelter Inventory,Critical Community and Emergency Facilities,Regionally Significant,RSI_PT_1819,Deltona,St. Johns River Water Management District,FDEM,Risk Shelter Inventory - General - FDEM,,,,East Central Florida,Central District,Northeast,5,29,8,Not Affected,Not Affected,Not Affected,Not Affected,Not Affected,Not Affected,Not Affected,Not Affected,Not Affected,Not Affected,Not Affected,Not Affected,Not Affected,Not Affected,Not Affected,Not Affected,Not Affected,Not Affected,Not Affected,Not Affected,Not Affected,673561.1136,550653.5201
1820,1802,Manatee Cove ES,734 W Ohio Ave,Orange City,32763,Volusia,-81.30900698,28.93878001,"-81.30900698, 28.93878001",17R MN 69884 01242,SHELTER,RISK,5,2004,2 Dining,R, ,0,0,0,0,185,3694,185,3694,0, ,No,No,No,No,Yes, ,Yes, ,Yes,,,SHELTER,,Risk Shelter Inventory,Critical Community and Emergency Facilities,Regionally Significant,RSI_PT_1812,Orange City,St. Johns River Water Management District,FDEM,Risk Shelter Inventory - General - FDEM,,,,East Central Florida,Central District,Northeast,5,27,8,Not Affected,Not Affected,Not Affected,Not Affected,Not Affected,Not Affected,Not Affected,Not Affected,Not Affected,Not Affected,Not Affected,Not Affected,Not Affected,Not Affected,Not Affected,Not Affected,Not Affected,Not Affected,Not Affected,Not Affected,Not Affected,661832.8317,550908.9917
1821,1803,Hinson MS,1860 N Clyde Morris Blvd,Ormond Beach,32117,Volusia,-81.09412599,29.23996199,"-81.09412599, 29.23996199",17R MN 90853 34575,SHELTER,RISK,5,2004,4 Classroom,R, ,0,0,0,0,485,9705,485,9705,0, ,No,No,No,No,Yes, , , , ,,,SHELTER,,Risk Shelter Inventory,Critical Community and Emergency Facilities,Regionally Significant,RSI_PT_1810,Daytona Beach,St. Johns River Water Management District,FDEM,Risk Shelter Inventory - General - FDEM,,,,East Central Florida,Central District,Northeast,5,28,8,Not Affected,Not Affected,Not Affected,Not Affected,Not Affected,Not Affected,Not Affected,Not Affected,Not Affected,Not Affected,Not Affected,Not Affected,Not Affected,Not Affected,Not Affected,Not Affected,Not Affected,Not Affected,Not Affected,Not Affected,Not Affected,681948.9099,584819.2364
1822,1804,Palm Terrace ES,1825 Dunn Ave,Daytona Beach,32114,Volusia,-81.07428201,29.19849998,"-81.07428201, 29.19849998",17R MN 92778 29980,SHELTER,RISK,5,1991,8 Classroom,R,"Yes, unknown kW",0,0,0,0,216,4326,216,4326,0, ,No,No,No,No,Yes, , , ,Yes,,,SHELTER,,Risk Shelter Inventory,Critical Community and Emergency Facilities,Regionally Significant,RSI_PT_1811,Daytona Beach,St. Johns River Water Management District,FDEM,Risk Shelter Inventory - General - FDEM,,,,East Central Florida,Central District,Northeast,5,28,8,Not Affected,Not Affected,Not Affected,Not Affected,Not Affected,Not Affected,Not Affected,Not Affected,Not Affected,Not Affected,Not Affected,Not Affected,Not Affected,Not Affected,Not Affected,Not Affected,Not Affected,Not Affected,Not Affected,Not Affected,Not Affected,683983.1807,580262.0207
1823,1805,T.D. Taylor MS/HS,100 East Washington Ave,Pierson,32180,Volusia,-81.46135704,29.24584998,"-81.46135704, 29.24584998",17R MN 55170 35312,SHELTER,RISK,5,2007,7 Gymnasium,A, ,0,0,0,0,0,0,544,10872,400, ,No,No,No,No,Yes, , , , ,,,SHELTER,,Risk Shelter Inventory,Critical Community and Emergency Facilities,Regionally Significant,RSI_PT_1823,Pierson,St. Johns River Water Management District,FDEM,Risk Shelter Inventory - General - FDEM,,,,East Central Florida,Central District,Northeast,5,27,7,Not Affected,Not Affected,Not Affected,Not Affected,Not Affected,Not Affected,Not Affected,Not Affected,Not Affected,Not Affected,Not Affected,Not Affected,Not Affected,Not Affected,Not Affected,Not Affected,Not Affected,Not Affected,Not Affected,Not Affected,Not Affected,646309.4376,584686.3114
1824,1806,Mainlaind HS,1255 W International Speedway Blvd,Daytona Beach,32114,Volusia,-81.051371,29.197569,"-81.05137100, 29.19756900",17R MN 95006 29875,SHELTER,RISK,5,2006,3 Gym,A, ,0,0,1673,33454,0,0,1673,33454,0, ,No,No,No,Yes,Yes, , , , ,,,SHELTER,,Risk Shelter Inventory,Critical Community and Emergency Facilities,Regionally Significant,RSI_PT_1824,Daytona Beach,St. Johns River Water Management District,FDEM,Risk Shelter Inventory - General - FDEM,,,,East Central Florida,Central District,Northeast,5,28,8,Not Affected,Not Affected,Not Affected,Not Affected,Not Affected,Not Affected,Not Affected,Not Affected,Not Affected,Not Affected,Not Affected,Not Affected,Not Affected,Not Affected,Not Affected,Not Affected,Not Affected,Not Affected,Not Affected,Not Affected,Not Affected,686209.0746,580211.6403
1825,1807,Creekside MS,6801 Airport Rd,Port Orange,32128,Volusia,-81.04172703,29.066167,"-81.04172703, 29.06616700",17R MN 95938 15317,SHELTER,RISK,5,1999,6 Classroom,A, ,0,0,0,0,0,0,482,9646,0, ,E,No,No,No,Yes, , , , ,,,SHELTER,,Risk Shelter Inventory,Critical Community and Emergency Facilities,Regionally Significant,RSI_PT_1818,Port Orange,St. Johns River Water Management District,FDEM,Risk Shelter Inventory - General - FDEM,,,,East Central Florida,Central District,Northeast,5,30,8,Not Affected,Not Affected,Not Affected,Not Affected,Not Affected,Not Affected,Not Affected,Not Affected,Not Affected,Not Affected,Not Affected,Not Affected,Not Affected,Not Affected,Not Affected,Not Affected,Not Affected,Not Affected,Not Affected,Not Affected,Not Affected,687495.0006,565646.7301
1826,1808,Sweetwater ES,5800 Victoria Gardens Blvd,Port Orange,32127,Volusia,-81.01740099,29.11627498,"-81.01740099, 29.11627498",17R MN 98307 20868,SHELTER,RISK,5,1992,2 Classroom,R, ,0,0,0,0,373,7450,373,7450,0,F,No,No,No,No,Yes, , , ,Yes,,,SHELTER,,Risk Shelter Inventory,Critical Community and Emergency Facilities,Regionally Significant,RSI_PT_1826,Port Orange,St. Johns River Water Management District,FDEM,Risk Shelter Inventory - General - FDEM,,,,East Central Florida,Central District,Northeast,5,30,8,Not Affected,Not Affected,Not Affected,Not Affected,Not Affected,Not Affected,Not Affected,Not Affected,Not Affected,Not Affected,Not Affected,Not Affected,Not Affected,Not Affected,Not Affected,Not Affected,Not Affected,Not Affected,Not Affected,Not Affected,Not Affected,689724.0587,571266.3452
1827,1809,Sunrise ES,3155 Phonetia Dr,Deltona,32738,Volusia,-81.17547899,28.88146501,"-81.17547899, 28.88146501",17R MM 82888 94865,SHELTER,RISK,5,1992,4 Dining / Music / Art,R, ,0,0,0,0,245,4893,245,4893,150, ,No,No,No,No,Yes, , , , ,,,SHELTER,,Risk Shelter Inventory,Critical Community and Emergency Facilities,Regionally Significant,RSI_PT_1806,Deltona,St. Johns River Water Management District,FDEM,Risk Shelter Inventory - General - FDEM,,,,East Central Florida,Central District,Northeast,5,29,8,Not Affected,Not Affected,Not Affected,Not Affected,Not Affected,Not Affected,Not Affected,Not Affected,Not Affected,Not Affected,Not Affected,Not Affected,Not Affected,Not Affected,Not Affected,Not Affected,Not Affected,Not Affected,Not Affected,Not Affected,Not Affected,674968.6222,544836.3575
1828,1810,Palm Terrace ES,1825 Dunn Ave,Daytona Beach,32114,Volusia,-81.07428201,29.19849998,"-81.07428201, 29.19849998",17R MN 92778 29980,SHELTER,RISK,5,1991,10 Classroom,R,"Yes, unknown kW",0,0,0,0,125,2493,125,2493,0, ,No,No,No,No,Yes, , , ,Yes,,,SHELTER,,Risk Shelter Inventory,Critical Community and Emergency Facilities,Regionally Significant,RSI_PT_1811,Daytona Beach,St. Johns River Water Management District,FDEM,Risk Shelter Inventory - General - FDEM,,,,East Central Florida,Central District,Northeast,5,28,8,Not Affected,Not Affected,Not Affected,Not Affected,Not Affected,Not Affected,Not Affected,Not Affected,Not Affected,Not Affected,Not Affected,Not Affected,Not Affected,Not Affected,Not Affected,Not Affected,Not Affected,Not Affected,Not Affected,Not Affected,Not Affected,683983.1807,580262.0207
1829,1811,Freedom ES,1395 South Blue Lake Ave,DeLand,32724,Volusia,-81.27169502,28.994549,"-81.27169502, 28.99454900",17R MN 73535 07412,SHELTER,RISK,5,1999,3 Classroom,A,"Yes, unknown kW",0,0,446,8924,0,0,446,8924,0, ,No,No,No,Yes,Yes, , , , ,,,SHELTER,,Risk Shelter Inventory,Critical Community and Emergency Facilities,Regionally Significant,RSI_PT_1829,DeLand,St. Johns River Water Management District,FDEM,Risk Shelter Inventory - General - FDEM,,,,East Central Florida,Central District,Northeast,5,29,8,Not Affected,Not Affected,Not Affected,Not Affected,Not Affected,Not Affected,Not Affected,Not Affected,Not Affected,Not Affected,Not Affected,Not Affected,Not Affected,Not Affected,Not Affected,Not Affected,Not Affected,Not Affected,Not Affected,Not Affected,Not Affected,665325.6761,557180.3523
1830,1812,Volusia Pines ES,500 E Kicklighter Rd,Lake Helen,32744,Volusia,-81.22636904,28.97137098,"-81.22636904, 28.97137098",17R MN 77945 04834,SHELTER,RISK,5,1995,2 Classroom,R, ,0,0,0,0,263,5257,263,5257,0,F,No,No,No,No,Yes, , , ,Yes,,,SHELTER,,Risk Shelter Inventory,Critical Community and Emergency Facilities,Regionally Significant,RSI_PT_1830,Lake Helen,St. Johns River Water Management District,FDEM,Risk Shelter Inventory - General - FDEM,,,,East Central Florida,Central District,Northeast,5,29,8,Not Affected,Not Affected,Not Affected,Not Affected,Not Affected,Not Affected,Not Affected,Not Affected,Not Affected,Not Affected,Not Affected,Not Affected,Not Affected,Not Affected,Not Affected,Not Affected,Not Affected,Not Affected,Not Affected,Not Affected,Not Affected,669790.7454,554705.4458
1831,1813,Creekside MS,6801 Airport Rd,Port Orange,32128,Volusia,-81.04172703,29.066167,"-81.04172703, 29.06616700",17R MN 95938 15317,SHELTER,RISK,5,1999,5 Classroom,A, ,0,0,0,0,0,0,144,2885,0, ,E,No,No,No,Yes, , , ,Yes,,,SHELTER,,Risk Shelter Inventory,Critical Community and Emergency Facilities,Regionally Significant,RSI_PT_1818,Port Orange,St. Johns River Water Management District,FDEM,Risk Shelter Inventory - General - FDEM,,,,East Central Florida,Central District,Northeast,5,30,8,Not Affected,Not Affected,Not Affected,Not Affected,Not Affected,Not Affected,Not Affected,Not Affected,Not Affected,Not Affected,Not Affected,Not Affected,Not Affected,Not Affected,Not Affected,Not Affected,Not Affected,Not Affected,Not Affected,Not Affected,Not Affected,687495.0006,565646.7301
1832,1814,Manatee Cove ES,734 W Ohio Ave,Orange City,32763,Volusia,-81.30900698,28.93878001,"-81.30900698, 28.93878001",17R MN 69884 01242,SHELTER,RISK,5,2004,3 Classroom,R, ,0,0,0,0,425,8501,425,8501,0, ,No,No,No,No,Yes, , , ,Yes,,,SHELTER,,Risk Shelter Inventory,Critical Community and Emergency Facilities,Regionally Significant,RSI_PT_1812,Orange City,St. Johns River Water Management District,FDEM,Risk Shelter Inventory - General - FDEM,,,,East Central Florida,Central District,Northeast,5,27,8,Not Affected,Not Affected,Not Affected,Not Affected,Not Affected,Not Affected,Not Affected,Not Affected,Not Affected,Not Affected,Not Affected,Not Affected,Not Affected,Not Affected,Not Affected,Not Affected,Not Affected,Not Affected,Not Affected,Not Affected,Not Affected,661832.8317,550908.9917
1833,1815,Deltona HS,100 Wolf Pack Run,Deltona,32725,Volusia,-81.24559604,28.94662199,"-81.24559604, 28.94662199",17R MN 76066 02096,SHELTER,RISK,5,2004,27 Classroom,R, ,0,0,0,0,212,4236,212,4236,0, ,No,No,No,No,Yes, , , ,Yes,,,SHELTER,,Risk Shelter Inventory,Critical Community and Emergency Facilities,Regionally Significant,RSI_PT_1808,Deltona,St. Johns River Water Management District,FDEM,Risk Shelter Inventory - General - FDEM,,,,East Central Florida,Central District,Northeast,5,29,8,Not Affected,Not Affected,Not Affected,Not Affected,Not Affected,Not Affected,Not Affected,Not Affected,Not Affected,Not Affected,Not Affected,Not Affected,Not Affected,Not Affected,Not Affected,Not Affected,Not Affected,Not Affected,Low,Medium,Medium,667982.2333,551915.851
1834,1816,DeLand HS,800 N Hill Ave,DeLand,32724,Volusia,-81.285152,29.041792,"-81.28515200, 29.04179200",17R MN 72237 12649,SHELTER,RISK,5,2003,14 Classroom,R, ,0,0,0,0,574,11482,574,11482,0,L,No,No,No,No,Yes, , , , ,,,SHELTER,,Risk Shelter Inventory,Critical Community and Emergency Facilities,Regionally Significant,RSI_PT_1807,DeLand,St. Johns River Water Management District,FDEM,Risk Shelter Inventory - General - FDEM,,,,East Central Florida,Central District,Northeast,5,29,8,Not Affected,Not Affected,Not Affected,Not Affected,Not Affected,Not Affected,Not Affected,Not Affected,Not Affected,Not Affected,Not Affected,Not Affected,Not Affected,Not Affected,Not Affected,Not Affected,Not Affected,Not Affected,Not Affected,Not Affected,Not Affected,663901.7167,562396.439
1835,1817,Hinson MS,1860 N Clyde Morris Blvd,Port Orange,32117,Volusia,-81.09412599,29.23996199,"-81.09412599, 29.23996199",17R MN 90853 34575,SHELTER,RISK,5,2004,9 Gym,A, ,0,0,415,8301,0,0,415,8301,0, ,No,No,No,Yes,Yes, , , , ,,,SHELTER,,Risk Shelter Inventory,Critical Community and Emergency Facilities,Regionally Significant,RSI_PT_1810,Daytona Beach,St. Johns River Water Management District,FDEM,Risk Shelter Inventory - General - FDEM,,,,East Central Florida,Central District,Northeast,5,28,8,Not Affected,Not Affected,Not Affected,Not Affected,Not Affected,Not Affected,Not Affected,Not Affected,Not Affected,Not Affected,Not Affected,Not Affected,Not Affected,Not Affected,Not Affected,Not Affected,Not Affected,Not Affected,Not Affected,Not Affected,Not Affected,681948.9099,584819.2364
1836,1818,Palm Terrace ES,1825 Dunn Ave,Daytona Beach,32114,Volusia,-81.07428201,29.19849998,"-81.07428201, 29.19849998",17R MN 92778 29980,SHELTER,RISK,5,1991,4 Music / Art,R,"Yes, unknown kW",0,0,0,0,84,1689,84,1689,0, ,No,No,No,No,Yes, , , ,Yes,,,SHELTER,,Risk Shelter Inventory,Critical Community and Emergency Facilities,Regionally Significant,RSI_PT_1811,Daytona Beach,St. Johns River Water Management District,FDEM,Risk Shelter Inventory - General - FDEM,,,,East Central Florida,Central District,Northeast,5,28,8,Not Affected,Not Affected,Not Affected,Not Affected,Not Affected,Not Affected,Not Affected,Not Affected,Not Affected,Not Affected,Not Affected,Not Affected,Not Affected,Not Affected,Not Affected,Not Affected,Not Affected,Not Affected,Not Affected,Not Affected,Not Affected,683983.1807,580262.0207
1837,1819,Daytona State College DeLand,1155 County Rd 4139,DeLand,32724,Volusia,-81.243131,29.01198902,"-81.24313100, 29.01198902",17R MN 76321 09338,SHELTER,RISK,5,0,5 Science,R, ,0,0,0,0,145,2900,145,2900,145,HMGP,No,No,No,No,Yes, , , ,Yes,,,SHELTER,,Risk Shelter Inventory,Critical Community and Emergency Facilities,Regionally Significant,RSI_PT_1837,,St. Johns River Water Management District,FDEM,Risk Shelter Inventory - General - FDEM,,,,East Central Florida,Central District,Northeast,5,29,8,Not Affected,Not Affected,Not Affected,Not Affected,Not Affected,Not Affected,Not Affected,Not Affected,Not Affected,Not Affected,Not Affected,Not Affected,Not Affected,Not Affected,Not Affected,Not Affected,Not Affected,Not Affected,Not Affected,Not Affected,Not Affected,668059.7518,559178.3342
1838,1820,Hinson MS,1860 N Clyde Morris Blvd,Ormond Beach,32117,Volusia,-81.09412599,29.23996199,"-81.09412599, 29.23996199",17R MN 90853 34575,SHELTER,RISK,5,2004,3 Classroom,R, ,0,0,0,0,486,9729,486,9729,0, ,No,No,No,No,Yes, , , , ,,,SHELTER,,Risk Shelter Inventory,Critical Community and Emergency Facilities,Regionally Significant,RSI_PT_1810,Daytona Beach,St. Johns River Water Management District,FDEM,Risk Shelter Inventory - General - FDEM,,,,East Central Florida,Central District,Northeast,5,28,8,Not Affected,Not Affected,Not Affected,Not Affected,Not Affected,Not Affected,Not Affected,Not Affected,Not Affected,Not Affected,Not Affected,Not Affected,Not Affected,Not Affected,Not Affected,Not Affected,Not Affected,Not Affected,Not Affected,Not Affected,Not Affected,681948.9099,584819.2364
1839,1821,Deltona HS,100 Wolf Pack Run,Deltona,32725,Volusia,-81.24559604,28.94662199,"-81.24559604, 28.94662199",17R MN 76066 02096,SHELTER,RISK,5,1986,14 Dining,R, ,0,0,0,0,220,4407,220,4407,400,L,No,No,No,No,Yes, , , , ,,,SHELTER,,Risk Shelter Inventory,Critical Community and Emergency Facilities,Regionally Significant,RSI_PT_1808,Deltona,St. Johns River Water Management District,FDEM,Risk Shelter Inventory - General - FDEM,,,,East Central Florida,Central District,Northeast,5,29,8,Not Affected,Not Affected,Not Affected,Not Affected,Not Affected,Not Affected,Not Affected,Not Affected,Not Affected,Not Affected,Not Affected,Not Affected,Not Affected,Not Affected,Not Affected,Not Affected,Not Affected,Not Affected,Low,Medium,Medium,667982.2333,551915.851
1840,1822,Spirit ES,1500 Meadowlark Dr,Deltona,32725,Volusia,-81.24330199,28.90591901,"-81.24330199, 28.90591901",17R MM 76280 97586,SHELTER,RISK,5,2003,2 Dining,R, ,0,0,191,3820,0,0,191,3820,150,L,No,No,No,Yes,Yes, , , , ,,,SHELTER,,Risk Shelter Inventory,Critical Community and Emergency Facilities,Regionally Significant,RSI_PT_1840,Deltona,St. Johns River Water Management District,FDEM,Risk Shelter Inventory - General - FDEM,,,,East Central Florida,Central District,Northeast,5,29,8,Not Affected,Not Affected,Not Affected,Not Affected,Not Affected,Not Affected,Not Affected,Not Affected,Not Affected,Not Affected,Not Affected,Not Affected,Not Affected,Not Affected,Not Affected,Not Affected,Not Affected,Not Affected,Not Affected,Not Affected,Not Affected,668306.4267,547401.8969
1841,1823,DeLand HS,800 N Hill Ave,DeLand,32724,Volusia,-81.285152,29.041792,"-81.28515200, 29.04179200",17R MN 72237 12649,SHELTER,RISK,5,2003,15 Classroom,R, ,0,0,0,0,581,11627,581,11627,0,L,No,No,No,No,Yes, , , , ,,,SHELTER,,Risk Shelter Inventory,Critical Community and Emergency Facilities,Regionally Significant,RSI_PT_1807,DeLand,St. Johns River Water Management District,FDEM,Risk Shelter Inventory - General - FDEM,,,,East Central Florida,Central District,Northeast,5,29,8,Not Affected,Not Affected,Not Affected,Not Affected,Not Affected,Not Affected,Not Affected,Not Affected,Not Affected,Not Affected,Not Affected,Not Affected,Not Affected,Not Affected,Not Affected,Not Affected,Not Affected,Not Affected,Not Affected,Not Affected,Not Affected,663901.7167,562396.439
1842,1824,Heritage MS,1001 Parnell Court,Deltona,32738,Volusia,-81.17226201,28.891925,"-81.17226201, 28.89192500",17R MM 83204 96024,SHELTER,RISK,5,1997,4 Classroom,R, ,0,0,437,8740,0,0,437,8740,0,L,No,No,No,Yes,Yes, , , , ,,,SHELTER,,Risk Shelter Inventory,Critical Community and Emergency Facilities,Regionally Significant,RSI_PT_1842,Deltona,St. Johns River Water Management District,FDEM,Risk Shelter Inventory - General - FDEM,,,,East Central Florida,Central District,Northeast,5,29,8,Not Affected,Not Affected,Not Affected,Not Affected,Not Affected,Not Affected,Not Affected,Not Affected,Not Affected,Not Affected,Not Affected,Not Affected,Not Affected,Not Affected,Not Affected,Not Affected,Not Affected,Not Affected,Not Affected,Not Affected,Not Affected,675255.1072,546004.8208
1843,1825,Pathways ES,2100 Airport Rd,Ormond Beach,32714,Volusia,-81.135157,29.27261298,"-81.13515700, 29.27261298",17R MN 86870 38196,SHELTER,RISK,5,1996,5 Dining / Music,R, ,0,0,0,0,0,0,238,4755,150, ,No,No,No,No,Yes, , , , ,,,SHELTER,,Risk Shelter Inventory,Critical Community and Emergency Facilities,Regionally Significant,RSI_PT_1843,Ormond Beach,St. Johns River Water Management District,FDEM,Risk Shelter Inventory - General - FDEM,,,,East Central Florida,Central District,Northeast,5,28,7,Not Affected,Not Affected,Not Affected,Not Affected,Not Affected,Not Affected,Not Affected,Not Affected,Not Affected,Not Affected,Not Affected,Not Affected,Not Affected,Not Affected,Not Affected,Not Affected,Not Affected,Not Affected,Not Affected,Not Affected,Not Affected,677884.2836,588350.7095
1844,1826,Champion ES (K-5),921 Tournament Dr,Daytona Beach,32124,Volusia,-81.13680698,29.207297,"-81.13680698, 29.20729700",17R MN 86701 30960,SHELTER,RISK,5,2009,5 Dining,R, ,0,0,204,4083,0,0,204,4083,150,L,No,No,A,Yes,Yes, , , ,Yes,,,SHELTER,,Risk Shelter Inventory,Critical Community and Emergency Facilities,Regionally Significant,RSI_PT_1844,Daytona Beach,St. Johns River Water Management District,FDEM,Risk Shelter Inventory - General - FDEM,,,,East Central Florida,Central District,Northeast,5,28,8,Not Affected,Not Affected,Not Affected,Not Affected,Not Affected,Not Affected,Not Affected,Not Affected,Not Affected,Not Affected,Not Affected,Not Affected,Not Affected,Not Affected,Not Affected,Not Affected,Not Affected,Not Affected,Not Affected,Not Affected,Not Affected,677892.6526,581096.1516
1845,1827,Freedom ES,1395 South Blue Lake Ave,DeLand,32724,Volusia,-81.27169502,28.994549,"-81.27169502, 28.99454900",17R MN 73535 07412,SHELTER,RISK,5,1999,4 Classroom,A,"Yes, unknown kW",0,0,353,7060,0,0,353,7060,0, ,No,No,No,Yes,Yes, , , , ,,,SHELTER,,Risk Shelter Inventory,Critical Community and Emergency Facilities,Regionally Significant,RSI_PT_1829,DeLand,St. Johns River Water Management District,FDEM,Risk Shelter Inventory - General - FDEM,,,,East Central Florida,Central District,Northeast,5,29,8,Not Affected,Not Affected,Not Affected,Not Affected,Not Affected,Not Affected,Not Affected,Not Affected,Not Affected,Not Affected,Not Affected,Not Affected,Not Affected,Not Affected,Not Affected,Not Affected,Not Affected,Not Affected,Not Affected,Not Affected,Not Affected,665325.6761,557180.3523
1846,1828,Discovery ES,975 Abigail Dr,Deltona,32725,Volusia,-81.25065602,28.892148,"-81.25065602, 28.89214800",17R MM 75560 96062,SHELTER,RISK,5,1987,3 Dining / Music,R, ,0,0,0,0,220,4408,220,4408,0,L,No,No,No,No,Yes, , , , ,,,SHELTER,,Risk Shelter Inventory,Critical Community and Emergency Facilities,Regionally Significant,RSI_PT_1846,Deltona,St. Johns River Water Management District,FDEM,Risk Shelter Inventory - General - FDEM,,,,East Central Florida,Central District,Northeast,5,29,8,Not Affected,Not Affected,Not Affected,Not Affected,Not Affected,Not Affected,Not Affected,Not Affected,Not Affected,Not Affected,Not Affected,Not Affected,Not Affected,Not Affected,Not Affected,Not Affected,Not Affected,Not Affected,Not Affected,Not Affected,Not Affected,667624.8788,545857.0179
1847,1829,Southwestern MS,605 W New Hampshire Ave,Deland,32720,Volusia,-81.31441398,29.00670201,"-81.31441398, 29.00670201",17R MN 69377 08768,SHELTER,RISK,5,2006,5 Gym,A, ,0,0,346,6916,0,0,346,6916,0, ,No,No,No,Yes,Yes, , , , ,,,SHELTER,,Risk Shelter Inventory,Critical Community and Emergency Facilities,Regionally Significant,RSI_PT_1847,,St. Johns River Water Management District,FDEM,Risk Shelter Inventory - General - FDEM,,,,East Central Florida,Central District,Northeast,5,29,8,Not Affected,Not Affected,Not Affected,Not Affected,Not Affected,Not Affected,Not Affected,Not Affected,Not Affected,Not Affected,Not Affected,Not Affected,Not Affected,Not Affected,Not Affected,Not Affected,Not Affected,Not Affected,Not Affected,Not Affected,Not Affected,661142.5615,558438.4089
1848,1830,Heritage MS,1001 Parnell Court,Deltona,32738,Volusia,-81.17226201,28.891925,"-81.17226201, 28.89192500",17R MM 83204 96024,SHELTER,RISK,5,1997,6 Classroom,R, ,0,0,470,9402,0,0,470,9402,0,L,No,No,No,Yes,Yes, , , , ,,,SHELTER,,Risk Shelter Inventory,Critical Community and Emergency Facilities,Regionally Significant,RSI_PT_1842,Deltona,St. Johns River Water Management District,FDEM,Risk Shelter Inventory - General - FDEM,,,,East Central Florida,Central District,Northeast,5,29,8,Not Affected,Not Affected,Not Affected,Not Affected,Not Affected,Not Affected,Not Affected,Not Affected,Not Affected,Not Affected,Not Affected,Not Affected,Not Affected,Not Affected,Not Affected,Not Affected,Not Affected,Not Affected,Not Affected,Not Affected,Not Affected,675255.1072,546004.8208
1849,1831,Osteen ES,500 Doyle Rd,Osteen,32764,Volusia,-81.17561704,28.85477901,"-81.17561704, 28.85477901",17R MM 82871 91909,SHELTER,RISK,5,2006,5 Dining,R, ,0,0,130,2595,0,0,130,2595,0,L,No,No,No,Yes,Yes, , , ,Yes,,,SHELTER,,Risk Shelter Inventory,Critical Community and Emergency Facilities,Regionally Significant,RSI_PT_1849,,St. Johns River Water Management District,FDEM,Risk Shelter Inventory - General - FDEM,,,,East Central Florida,Central District,Northeast,5,29,8,Not Affected,Not Affected,Not Affected,Not Affected,Not Affected,Not Affected,Not Affected,Not Affected,Not Affected,Not Affected,Not Affected,Not Affected,Not Affected,Not Affected,Not Affected,Not Affected,Not Affected,Not Affected,Not Affected,Not Affected,Not Affected,675023.0555,541873.3108
1850,1832,Creekside MS,6801 Airport Rd,Port Orange,32128,Volusia,-81.04172703,29.066167,"-81.04172703, 29.06616700",17R MN 95938 15317,SHELTER,RISK,5,1999,9 Gym,A, ,0,0,0,0,0,0,440,8793,0, ,E,No,No,No,Yes, , , , ,,,SHELTER,,Risk Shelter Inventory,Critical Community and Emergency Facilities,Regionally Significant,RSI_PT_1818,Port Orange,St. Johns River Water Management District,FDEM,Risk Shelter Inventory - General - FDEM,,,,East Central Florida,Central District,Northeast,5,30,8,Not Affected,Not Affected,Not Affected,Not Affected,Not Affected,Not Affected,Not Affected,Not Affected,Not Affected,Not Affected,Not Affected,Not Affected,Not Affected,Not Affected,Not Affected,Not Affected,Not Affected,Not Affected,Not Affected,Not Affected,Not Affected,687495.0006,565646.7301
1851,1833,Volusia County Fairground,3150 E New York Ave,Deland,32724,Volusia,-81.22254203,29.01376598,"-81.22254203, 29.01376598",17R MN 78327 09531,SHELTER,RISK,5,0,Tommy Lawrence Arena,R, ,0,0,0,0,425,8500,425,8500,500,L,No,No,No,No,Yes, ,Yes, ,Yes,,,SHELTER,,Risk Shelter Inventory,Critical Community and Emergency Facilities,Regionally Significant,RSI_PT_1851,,St. Johns River Water Management District,FDEM,Risk Shelter Inventory - General - FDEM,,,,East Central Florida,Central District,Northeast,5,29,8,Not Affected,Not Affected,Not Affected,Not Affected,Not Affected,Not Affected,Not Affected,Not Affected,Not Affected,Not Affected,Not Affected,Not Affected,Not Affected,Not Affected,Not Affected,Not Affected,Not Affected,Not Affected,Not Affected,Not Affected,Not Affected,670056.9063,559420.5357
1852,1834,Spirit ES,1500 Meadowlark Dr,Deltona,32725,Volusia,-81.24330199,28.90591901,"-81.24330199, 28.90591901",17R MM 76280 97586,SHELTER,RISK,5,2003,1 Admin / Art / Music,R, ,0,0,0,0,163,3262,163,3262,0, ,No,No,No,No,Yes, , , ,Yes,,,SHELTER,,Risk Shelter Inventory,Critical Community and Emergency Facilities,Regionally Significant,RSI_PT_1840,Deltona,St. Johns River Water Management District,FDEM,Risk Shelter Inventory - General - FDEM,,,,East Central Florida,Central District,Northeast,5,29,8,Not Affected,Not Affected,Not Affected,Not Affected,Not Affected,Not Affected,Not Affected,Not Affected,Not Affected,Not Affected,Not Affected,Not Affected,Not Affected,Not Affected,Not Affected,Not Affected,Not Affected,Not Affected,Not Affected,Not Affected,Not Affected,668306.4267,547401.8969
1853,1835,DeLand HS,800 N Hill Ave,DeLand,32724,Volusia,-81.285152,29.041792,"-81.28515200, 29.04179200",17R MN 72237 12649,SHELTER,RISK,5,2003,1 Auditorium / Classroom,R, ,0,0,0,0,687,13744,687,13744,0,L,No,No,No,No,Yes, , , , ,,,SHELTER,,Risk Shelter Inventory,Critical Community and Emergency Facilities,Regionally Significant,RSI_PT_1807,DeLand,St. Johns River Water Management District,FDEM,Risk Shelter Inventory - General - FDEM,,,,East Central Florida,Central District,Northeast,5,29,8,Not Affected,Not Affected,Not Affected,Not Affected,Not Affected,Not Affected,Not Affected,Not Affected,Not Affected,Not Affected,Not Affected,Not Affected,Not Affected,Not Affected,Not Affected,Not Affected,Not Affected,Not Affected,Not Affected,Not Affected,Not Affected,663901.7167,562396.439
1854,1836,Hinson MS,1860 N Clyde Morris Blvd,Ormond Beach,32117,Volusia,-81.09412599,29.23996199,"-81.09412599, 29.23996199",17R MN 90853 34575,SHELTER,RISK,5,2004,5 Classroom,R, ,0,0,0,0,173,3462,173,3462,0, ,No,No,No,No,Yes, , , , ,,,SHELTER,,Risk Shelter Inventory,Critical Community and Emergency Facilities,Regionally Significant,RSI_PT_1810,Daytona Beach,St. Johns River Water Management District,FDEM,Risk Shelter Inventory - General - FDEM,,,,East Central Florida,Central District,Northeast,5,28,8,Not Affected,Not Affected,Not Affected,Not Affected,Not Affected,Not Affected,Not Affected,Not Affected,Not Affected,Not Affected,Not Affected,Not Affected,Not Affected,Not Affected,Not Affected,Not Affected,Not Affected,Not Affected,Not Affected,Not Affected,Not Affected,681948.9099,584819.2364
1855,1837,Friendship ES,2746 Fulford St,Deltona,32738,Volusia,-81.18857001,28.93412399,"-81.18857001, 28.93412399",17R MN 81621 00701,SHELTER,RISK,5,1992,2 Classroom,R, ,0,0,0,0,353,7059,353,7059,0,L,No,No,No,No,Yes, , , , ,,,SHELTER,,Risk Shelter Inventory,Critical Community and Emergency Facilities,Regionally Significant,RSI_PT_1819,Deltona,St. Johns River Water Management District,FDEM,Risk Shelter Inventory - General - FDEM,,,,East Central Florida,Central District,Northeast,5,29,8,Not Affected,Not Affected,Not Affected,Not Affected,Not Affected,Not Affected,Not Affected,Not Affected,Not Affected,Not Affected,Not Affected,Not Affected,Not Affected,Not Affected,Not Affected,Not Affected,Not Affected,Not Affected,Not Affected,Not Affected,Not Affected,673561.1136,550653.5201
1856,1838,Timbercrest ES,2401 Eustace Ave,Deltona,32725,Volusia,-81.23032496,28.93234401,"-81.23032496, 28.93234401",17R MN 77551 00511,SHELTER,RISK,5,1989,4 Dining / Music / Art,R, ,0,0,0,0,245,4893,245,4893,150, ,No,No,No,No,Yes, , , , ,,,SHELTER,,Risk Shelter Inventory,Critical Community and Emergency Facilities,Regionally Significant,RSI_PT_1815,Deltona,St. Johns River Water Management District,FDEM,Risk Shelter Inventory - General - FDEM,,,,East Central Florida,Central District,Northeast,5,29,8,Not Affected,Not Affected,Not Affected,Not Affected,Not Affected,Not Affected,Not Affected,Not Affected,Not Affected,Not Affected,Not Affected,Not Affected,Not Affected,Not Affected,Not Affected,Not Affected,Not Affected,Not Affected,Not Affected,Not Affected,Not Affected,669503.3509,550363.9616
1857,1839,Heritage MS,1001 Parnell Court,Deltona,32738,Volusia,-81.17226201,28.891925,"-81.17226201, 28.89192500",17R MM 83204 96024,SHELTER,RISK,5,1997,3 Classroom,R, ,0,0,469,9385,0,0,469,9385,0,L,No,No,No,Yes,Yes, , , , ,,,SHELTER,,Risk Shelter Inventory,Critical Community and Emergency Facilities,Regionally Significant,RSI_PT_1842,Deltona,St. Johns River Water Management District,FDEM,Risk Shelter Inventory - General - FDEM,,,,East Central Florida,Central District,Northeast,5,29,8,Not Affected,Not Affected,Not Affected,Not Affected,Not Affected,Not Affected,Not Affected,Not Affected,Not Affected,Not Affected,Not Affected,Not Affected,Not Affected,Not Affected,Not Affected,Not Affected,Not Affected,Not Affected,Not Affected,Not Affected,Not Affected,675255.1072,546004.8208
1858,1840,River Springs MS,900 West Ohio Ave,Orange City,32763,Volusia,-81.31171702,28.93989199,"-81.31171702, 28.93989199",17R MN 69621 01366,SHELTER,RISK,5,2007,2 Dining / Music,R, ,0,0,484,9670,0,0,484,9670,250,L,No,No,No,Yes,Yes, , , ,Yes,,,SHELTER,,Risk Shelter Inventory,Critical Community and Emergency Facilities,Regionally Significant,RSI_PT_1858,Orange City,St. Johns River Water Management District,FDEM,Risk Shelter Inventory - General - FDEM,,,,East Central Florida,Central District,Northeast,5,27,8,Not Affected,Not Affected,Not Affected,Not Affected,Not Affected,Not Affected,Not Affected,Not Affected,Not Affected,Not Affected,Not Affected,Not Affected,Not Affected,Not Affected,Not Affected,Not Affected,Not Affected,Not Affected,Not Affected,Not Affected,Not Affected,661566.4959,551026.6969
1859,1841,Creekside MS,6801 Airport Rd,Port Orange,32128,Volusia,-81.04172703,29.066167,"-81.04172703, 29.06616700",17R MN 95938 15317,SHELTER,RISK,5,1999,3 Classroom,A, ,0,0,0,0,0,0,510,10205,0, ,E,No,No,No,Yes, , , , ,,,SHELTER,,Risk Shelter Inventory,Critical Community and Emergency Facilities,Regionally Significant,RSI_PT_1818,Port Orange,St. Johns River Water Management District,FDEM,Risk Shelter Inventory - General - FDEM,,,,East Central Florida,Central District,Northeast,5,30,8,Not Affected,Not Affected,Not Affected,Not Affected,Not Affected,Not Affected,Not Affected,Not Affected,Not Affected,Not Affected,Not Affected,Not Affected,Not Affected,Not Affected,Not Affected,Not Affected,Not Affected,Not Affected,Not Affected,Not Affected,Not Affected,687495.0006,565646.7301
1860,1842,Palm Terrace ES,1825 Dunn Ave,Daytona Beach,32114,Volusia,-81.07428201,29.19849998,"-81.07428201, 29.19849998",17R MN 92778 29980,SHELTER,RISK,5,1991,2 Classroom,R,"Yes, unknown kW",0,0,0,0,182,3634,182,3634,0, ,No,No,No,No,Yes, , , ,Yes,,,SHELTER,,Risk Shelter Inventory,Critical Community and Emergency Facilities,Regionally Significant,RSI_PT_1811,Daytona Beach,St. Johns River Water Management District,FDEM,Risk Shelter Inventory - General - FDEM,,,,East Central Florida,Central District,Northeast,5,28,8,Not Affected,Not Affected,Not Affected,Not Affected,Not Affected,Not Affected,Not Affected,Not Affected,Not Affected,Not Affected,Not Affected,Not Affected,Not Affected,Not Affected,Not Affected,Not Affected,Not Affected,Not Affected,Not Affected,Not Affected,Not Affected,683983.1807,580262.0207
1861,1843,Volusia Pines ES,500 E Kicklighter Rd,Lake Helen,32744,Volusia,-81.22636904,28.97137098,"-81.22636904, 28.97137098",17R MN 77945 04834,SHELTER,RISK,5,2004,4 Classroom,R, ,0,0,0,0,272,5438,272,5438,0, ,No,No,No,No,Yes, , , ,Yes,,,SHELTER,,Risk Shelter Inventory,Critical Community and Emergency Facilities,Regionally Significant,RSI_PT_1830,Lake Helen,St. Johns River Water Management District,FDEM,Risk Shelter Inventory - General - FDEM,,,,East Central Florida,Central District,Northeast,5,29,8,Not Affected,Not Affected,Not Affected,Not Affected,Not Affected,Not Affected,Not Affected,Not Affected,Not Affected,Not Affected,Not Affected,Not Affected,Not Affected,Not Affected,Not Affected,Not Affected,Not Affected,Not Affected,Not Affected,Not Affected,Not Affected,669790.7454,554705.4458
1862,1844,Pine Trail ES,300 Airport Rd,Ormond Beach,32714,Volusia,-81.114117,29.27520299,"-81.11411700, 29.27520299",17R MN 88914 38481,SHELTER,RISK,5,1982,6 Dining / Art,R, ,0,0,0,0,251,5025,251,5025,150, ,No,No,No,No,Yes, ,Yes, , ,,,SHELTER,,Risk Shelter Inventory,Critical Community and Emergency Facilities,Regionally Significant,RSI_PT_1862,Ormond Beach,St. Johns River Water Management District,FDEM,Risk Shelter Inventory - General - FDEM,,,,East Central Florida,Central District,Northeast,5,28,7,Not Affected,Not Affected,Not Affected,Not Affected,Not Affected,Not Affected,Not Affected,Not Affected,Not Affected,Not Affected,Not Affected,Not Affected,Not Affected,Not Affected,Not Affected,Not Affected,Not Affected,Not Affected,Not Affected,Not Affected,Not Affected,679918.0224,588685.8136
1863,1845,Spirit ES,1500 Meadowlark Dr,Deltona,32725,Volusia,-81.24330199,28.90591901,"-81.24330199, 28.90591901",17R MM 76280 97586,SHELTER,RISK,5,2003,4 Classroom,A, ,0,0,0,0,353,7059,353,7059,0, ,No,No,No,No,Yes, , , , ,,,SHELTER,,Risk Shelter Inventory,Critical Community and Emergency Facilities,Regionally Significant,RSI_PT_1840,Deltona,St. Johns River Water Management District,FDEM,Risk Shelter Inventory - General - FDEM,,,,East Central Florida,Central District,Northeast,5,29,8,Not Affected,Not Affected,Not Affected,Not Affected,Not Affected,Not Affected,Not Affected,Not Affected,Not Affected,Not Affected,Not Affected,Not Affected,Not Affected,Not Affected,Not Affected,Not Affected,Not Affected,Not Affected,Not Affected,Not Affected,Not Affected,668306.4267,547401.8969
1864,1846,Discovery ES,975 Abigail Dr,Deltona,32725,Volusia,-81.25065602,28.892148,"-81.25065602, 28.89214800",17R MM 75560 96062,SHELTER,RISK,5,1987,1 Classroom,R, ,0,0,0,0,274,5470,274,5470,150,L,No,No,No,No,Yes, , , , ,,,SHELTER,,Risk Shelter Inventory,Critical Community and Emergency Facilities,Regionally Significant,RSI_PT_1846,Deltona,St. Johns River Water Management District,FDEM,Risk Shelter Inventory - General - FDEM,,,,East Central Florida,Central District,Northeast,5,29,8,Not Affected,Not Affected,Not Affected,Not Affected,Not Affected,Not Affected,Not Affected,Not Affected,Not Affected,Not Affected,Not Affected,Not Affected,Not Affected,Not Affected,Not Affected,Not Affected,Not Affected,Not Affected,Not Affected,Not Affected,Not Affected,667624.8788,545857.0179
1865,1847,Forest Lake ES,1600 Doyle Rd,Deltona,32725,Volusia,-81.22878403,28.87277298,"-81.22878403, 28.87277298",17R MM 77689 93911,SHELTER,RISK,5,1995,5 Dining / Music,R, ,0,0,0,0,238,4755,238,4755,150,L,No,No,No,No,Yes, , , , ,,,SHELTER,,Risk Shelter Inventory,Critical Community and Emergency Facilities,Regionally Significant,RSI_PT_1865,,St. Johns River Water Management District,FDEM,Risk Shelter Inventory - General - FDEM,,,,East Central Florida,Central District,Northeast,5,29,8,Not Affected,Not Affected,Not Affected,Not Affected,Not Affected,Not Affected,Not Affected,Not Affected,Not Affected,Not Affected,Not Affected,Not Affected,Not Affected,Not Affected,Not Affected,Not Affected,Not Affected,Not Affected,Not Affected,Not Affected,Not Affected,669801.9196,543753.602
1866,1848,T.D. Taylor MS/HS,100 East Washington Ave,Pierson,32180,Volusia,-81.46135704,29.24584998,"-81.46135704, 29.24584998",17R MN 55170 35312,SHELTER,RISK,5,2007,2 Dining,A, ,0,0,171,3411,0,0,171,3411,0, ,No,No,No,Yes,Yes, , , , ,,,SHELTER,,Risk Shelter Inventory,Critical Community and Emergency Facilities,Regionally Significant,RSI_PT_1823,Pierson,St. Johns River Water Management District,FDEM,Risk Shelter Inventory - General - FDEM,,,,East Central Florida,Central District,Northeast,5,27,7,Not Affected,Not Affected,Not Affected,Not Affected,Not Affected,Not Affected,Not Affected,Not Affected,Not Affected,Not Affected,Not Affected,Not Affected,Not Affected,Not Affected,Not Affected,Not Affected,Not Affected,Not Affected,Not Affected,Not Affected,Not Affected,646309.4376,584686.3114
1867,1849,Pine Ridge HS,926 Howland Blvd,Deltona,32738,Volusia,-81.16285802,28.88749999,"-81.16285802, 28.88749999",17R MM 84120 95532,SHELTER,RISK,5,1992,1 Admin / Dining,R, ,0,0,0,0,248,4958,248,4958,400,L,No,No,No,No,Yes, , , , ,,,SHELTER,,Risk Shelter Inventory,Critical Community and Emergency Facilities,Regionally Significant,RSI_PT_1867,Deltona,St. Johns River Water Management District,FDEM,Risk Shelter Inventory - General - FDEM,,,,East Central Florida,Central District,Northeast,5,29,8,Not Affected,Not Affected,Not Affected,Not Affected,Not Affected,Not Affected,Not Affected,Not Affected,Not Affected,Not Affected,Not Affected,Not Affected,Not Affected,Not Affected,Not Affected,Not Affected,Not Affected,Not Affected,Not Affected,Not Affected,Not Affected,676181.6458,545534.5749
1868,1850,Citrus Grove ES (K-5),729 Hazen Rd,DeLand,32720,Volusia,-81.33584097,29.04012199,"-81.33584097, 29.04012199",17R MN 67301 12477,SHELTER,RISK,5,2009,3 Dining / Music,R, ,0,0,202,4032,0,0,202,4032,150,L,No,No,No,Yes,Yes, ,Yes, ,Yes,,,SHELTER,,Risk Shelter Inventory,Critical Community and Emergency Facilities,Regionally Significant,RSI_PT_1868,DeLand,St. Johns River Water Management District,FDEM,Risk Shelter Inventory - General - FDEM,,,,East Central Florida,Central District,Northeast,5,29,8,Not Affected,Not Affected,Not Affected,Not Affected,Not Affected,Not Affected,Not Affected,Not Affected,Not Affected,Not Affected,Not Affected,Not Affected,Not Affected,Not Affected,Not Affected,Not Affected,Not Affected,Not Affected,Not Affected,Not Affected,Not Affected,658979.1835,562103.5663
1869,1851,Mainlaind HS,1255 W International Speedway Blvd,Daytona Beach,32114,Volusia,-81.051371,29.197569,"-81.05137100, 29.19756900",17R MN 95006 29875,SHELTER,RISK,5,2006,2A Dining only,R, ,0,0,208,4156,0,0,208,4156,400, ,No,No,No,Yes,Yes, , , , ,,,SHELTER,,Risk Shelter Inventory,Critical Community and Emergency Facilities,Regionally Significant,RSI_PT_1824,Daytona Beach,St. Johns River Water Management District,FDEM,Risk Shelter Inventory - General - FDEM,,,,East Central Florida,Central District,Northeast,5,28,8,Not Affected,Not Affected,Not Affected,Not Affected,Not Affected,Not Affected,Not Affected,Not Affected,Not Affected,Not Affected,Not Affected,Not Affected,Not Affected,Not Affected,Not Affected,Not Affected,Not Affected,Not Affected,Not Affected,Not Affected,Not Affected,686209.0746,580211.6403
1870,1852,DeLand MS,1400 Aquarius Ave,DeLand,32724,Volusia,-81.29753903,29.00426602,"-81.29753903, 29.00426602",17R MN 71020 08494,SHELTER,RISK,5,1982,4 Gym,R, ,0,0,0,0,546,10911,546,10911,250,L,No,No,No,No,Yes, , , , ,,,SHELTER,,Risk Shelter Inventory,Critical Community and Emergency Facilities,Regionally Significant,RSI_PT_1870,DeLand,St. Johns River Water Management District,FDEM,Risk Shelter Inventory - General - FDEM,,,,East Central Florida,Central District,Northeast,5,29,8,Not Affected,Not Affected,Not Affected,Not Affected,Not Affected,Not Affected,Not Affected,Not Affected,Not Affected,Not Affected,Not Affected,Not Affected,Not Affected,Not Affected,Not Affected,Not Affected,Low,Not Affected,High,High,High,662789.1237,558203.8096
1871,1853,Spirit ES,1500 Meadowlark Dr,Deltona,32725,Volusia,-81.24330199,28.90591901,"-81.24330199, 28.90591901",17R MM 76280 97586,SHELTER,RISK,5,2003,3 Classroom,A, ,0,0,0,0,425,8501,425,8501,0, ,No,No,No,No,Yes, , , , ,,,SHELTER,,Risk Shelter Inventory,Critical Community and Emergency Facilities,Regionally Significant,RSI_PT_1840,Deltona,St. Johns River Water Management District,FDEM,Risk Shelter Inventory - General - FDEM,,,,East Central Florida,Central District,Northeast,5,29,8,Not Affected,Not Affected,Not Affected,Not Affected,Not Affected,Not Affected,Not Affected,Not Affected,Not Affected,Not Affected,Not Affected,Not Affected,Not Affected,Not Affected,Not Affected,Not Affected,Not Affected,Not Affected,Not Affected,Not Affected,Not Affected,668306.4267,547401.8969
1872,1854,Palm Terrace ES,1825 Dunn Ave,Daytona Beach,32114,Volusia,-81.07428201,29.19849998,"-81.07428201, 29.19849998",17R MN 92778 29980,SHELTER,RISK,5,1991,1 Classroom,R,"Yes, unknown kW",0,0,0,0,113,2250,113,2250,0, ,No,No,No,No,Yes, , , ,Yes,,,SHELTER,,Risk Shelter Inventory,Critical Community and Emergency Facilities,Regionally Significant,RSI_PT_1811,Daytona Beach,St. Johns River Water Management District,FDEM,Risk Shelter Inventory - General - FDEM,,,,East Central Florida,Central District,Northeast,5,28,8,Not Affected,Not Affected,Not Affected,Not Affected,Not Affected,Not Affected,Not Affected,Not Affected,Not Affected,Not Affected,Not Affected,Not Affected,Not Affected,Not Affected,Not Affected,Not Affected,Not Affected,Not Affected,Not Affected,Not Affected,Not Affected,683983.1807,580262.0207
1873,1855,Palm Terrace ES,1825 Dunn Ave,Daytona Beach,32114,Volusia,-81.07428201,29.19849998,"-81.07428201, 29.19849998",17R MN 92778 29980,SHELTER,RISK,5,1991,7 Classroom,R,"Yes, unknown kW",0,0,0,0,130,2590,130,2590,0, ,No,No,No,No,Yes, , , ,Yes,,,SHELTER,,Risk Shelter Inventory,Critical Community and Emergency Facilities,Regionally Significant,RSI_PT_1811,Daytona Beach,St. Johns River Water Management District,FDEM,Risk Shelter Inventory - General - FDEM,,,,East Central Florida,Central District,Northeast,5,28,8,Not Affected,Not Affected,Not Affected,Not Affected,Not Affected,Not Affected,Not Affected,Not Affected,Not Affected,Not Affected,Not Affected,Not Affected,Not Affected,Not Affected,Not Affected,Not Affected,Not Affected,Not Affected,Not Affected,Not Affected,Not Affected,683983.1807,580262.0207
1874,1856,Crawfordville ES,379 Arran Rd,Crawfordville,32327,Wakulla,-84.39221999,30.18225001,"-84.39221999, 30.18225001",16R GU 51096 41854,SHELTER,RISK,2,2000,5 Classroom,A, ,0,0,0,0,0,0,107,2134,0, ,C,No,No,No,Yes, , , , ,,,SHELTER,,Risk Shelter Inventory,Critical Community and Emergency Facilities,Regionally Significant,RSI_PT_1874,,Northwest Florida Water Management District,FDEM,Risk Shelter Inventory - General - FDEM,,,,Apalachee,Northwest District,Northwest,3,7,3,Not Affected,Not Affected,Not Affected,Not Affected,Not Affected,Not Affected,Not Affected,Not Affected,Not Affected,Not Affected,Not Affected,Not Affected,Not Affected,Not Affected,Not Affected,Not Affected,Not Affected,Not Affected,Not Affected,Not Affected,Not Affected,362273.2622,686171.0847
1875,1857,Crawfordville ES,379 Arran Rd,Crawfordville,32327,Wakulla,-84.39221999,30.18225001,"-84.39221999, 30.18225001",16R GU 51096 41854,SHELTER,RISK,2,2000,3 Cafeteria,A, ,0,0,0,0,0,0,70,1406,0, ,C,No,No,No,Yes, , , , ,,,SHELTER,,Risk Shelter Inventory,Critical Community and Emergency Facilities,Regionally Significant,RSI_PT_1874,,Northwest Florida Water Management District,FDEM,Risk Shelter Inventory - General - FDEM,,,,Apalachee,Northwest District,Northwest,3,7,3,Not Affected,Not Affected,Not Affected,Not Affected,Not Affected,Not Affected,Not Affected,Not Affected,Not Affected,Not Affected,Not Affected,Not Affected,Not Affected,Not Affected,Not Affected,Not Affected,Not Affected,Not Affected,Not Affected,Not Affected,Not Affected,362273.2622,686171.0847
1876,1858,Crawfordville ES,379 Arran Rd,Crawfordville,32327,Wakulla,-84.39221999,30.18225001,"-84.39221999, 30.18225001",16R GU 51096 41854,SHELTER,RISK,2,2000,6 Classroom,A, ,0,0,0,0,0,0,84,1683,0, ,C,No,No,No,Yes, , , , ,,,SHELTER,,Risk Shelter Inventory,Critical Community and Emergency Facilities,Regionally Significant,RSI_PT_1874,,Northwest Florida Water Management District,FDEM,Risk Shelter Inventory - General - FDEM,,,,Apalachee,Northwest District,Northwest,3,7,3,Not Affected,Not Affected,Not Affected,Not Affected,Not Affected,Not Affected,Not Affected,Not Affected,Not Affected,Not Affected,Not Affected,Not Affected,Not Affected,Not Affected,Not Affected,Not Affected,Not Affected,Not Affected,Not Affected,Not Affected,Not Affected,362273.2622,686171.0847
1877,1859,Crawfordville ES,379 Arran Rd,Crawfordville,32327,Wakulla,-84.39221999,30.18225001,"-84.39221999, 30.18225001",16R GU 51096 41854,SHELTER,RISK,2,2000,7 Classroom / Lab,A, ,0,0,0,0,0,0,74,1476,0, ,C,No,No,No,Yes, , , , ,,,SHELTER,,Risk Shelter Inventory,Critical Community and Emergency Facilities,Regionally Significant,RSI_PT_1874,,Northwest Florida Water Management District,FDEM,Risk Shelter Inventory - General - FDEM,,,,Apalachee,Northwest District,Northwest,3,7,3,Not Affected,Not Affected,Not Affected,Not Affected,Not Affected,Not Affected,Not Affected,Not Affected,Not Affected,Not Affected,Not Affected,Not Affected,Not Affected,Not Affected,Not Affected,Not Affected,Not Affected,Not Affected,Not Affected,Not Affected,Not Affected,362273.2622,686171.0847
1878,1860,Crawfordville ES,379 Arran Rd,Crawfordville,32327,Wakulla,-84.39221999,30.18225001,"-84.39221999, 30.18225001",16R GU 51096 41854,SHELTER,RISK,2,2000,2 Classroom,A, ,0,0,88,1762,0,0,88,1762,336,L,C,No,No,Yes,Yes, , , , ,,,SHELTER,,Risk Shelter Inventory,Critical Community and Emergency Facilities,Regionally Significant,RSI_PT_1874,,Northwest Florida Water Management District,FDEM,Risk Shelter Inventory - General - FDEM,,,,Apalachee,Northwest District,Northwest,3,7,3,Not Affected,Not Affected,Not Affected,Not Affected,Not Affected,Not Affected,Not Affected,Not Affected,Not Affected,Not Affected,Not Affected,Not Affected,Not Affected,Not Affected,Not Affected,Not Affected,Not Affected,Not Affected,Not Affected,Not Affected,Not Affected,362273.2622,686171.0847
1879,1861,Mossy Head ES,13274 Hwy 90 W,DeFuniak Springs,32437,Walton,-86.3321017,30.74001073,"-86.33210170, 30.74001073",16R EV 63934 00979,SHELTER,RISK,1,2008,600 wing Corridors,A,300 kW,91,1829,0,0,0,0,91,1829,91, ,No,No,No,No,Yes, , , , ,,,SHELTER,,Risk Shelter Inventory,Critical Community and Emergency Facilities,Regionally Significant,RSI_PT_1879,,Northwest Florida Water Management District,FDEM,Risk Shelter Inventory - General - FDEM,,,,Emerald Coast,Northwest District,Northwest,3,5,2,Not Affected,Not Affected,Not Affected,Not Affected,Not Affected,Not Affected,Not Affected,Not Affected,Not Affected,Not Affected,Not Affected,Not Affected,Not Affected,Not Affected,Not Affected,Not Affected,Not Affected,Not Affected,Not Affected,Not Affected,Not Affected,176864.0302,750118.9281
1880,1862,Freeport HS,12615 Business Hwy 331,Freeport,32439,Walton,-86.11786388,30.54479458,"-86.11786388, 30.54479458",16R EU 84613 79486,SHELTER,RISK,1,2001,1 EHPA Area,A, ,0,0,1441,28819,0,0,1441,28819,2630,L,No,No,No,Yes,Yes, , , , ,,,SHELTER,,Risk Shelter Inventory,Critical Community and Emergency Facilities,Regionally Significant,RSI_PT_1880,Freeport,Northwest Florida Water Management District,FDEM,Risk Shelter Inventory - General - FDEM,,,,Emerald Coast,Northwest District,Northwest,3,5,2,Not Affected,Not Affected,Not Affected,Not Affected,Not Affected,Not Affected,Not Affected,Not Affected,Not Affected,Not Affected,Not Affected,Not Affected,Not Affected,Not Affected,Not Affected,Not Affected,Not Affected,Not Affected,Not Affected,Not Affected,Not Affected,196988.2245,728090.7439
1881,1863,Mossy Head ES,13272 Hwy 90 W,DeFuniak Springs,32435,Walton,-86.33204047,30.74002186,"-86.33204047, 30.74002186",16R EV 63940 00980,SHELTER,RISK,1,2008,400 wing Classroom,A,300 kW,296,5911,0,0,0,0,296,5911,296, ,No,No,No,No,Yes, , , , ,,,SHELTER,,Risk Shelter Inventory,Critical Community and Emergency Facilities,Regionally Significant,RSI_PT_1881,,Northwest Florida Water Management District,FDEM,Risk Shelter Inventory - General - FDEM,,,,Emerald Coast,Northwest District,Northwest,3,5,2,Not Affected,Not Affected,Not Affected,Not Affected,Not Affected,Not Affected,Not Affected,Not Affected,Not Affected,Not Affected,Not Affected,Not Affected,Not Affected,Not Affected,Not Affected,Not Affected,Not Affected,Not Affected,Not Affected,Not Affected,Not Affected,176869.9121,750120.0524
1882,1864,Walton HS,449 Walton Rd,DeFuniak Springs,32433,Walton,-86.12377702,30.74155702,"-86.12377702, 30.74155702",16R EV 83875 01288,SHELTER,RISK,1,2009,1 Auditorium,A, ,0,0,285,5704,0,0,285,5704,285, ,No,No,No,Yes,Yes, , , , ,,,SHELTER,,Risk Shelter Inventory,Critical Community and Emergency Facilities,Regionally Significant,RSI_PT_1675,DeFuniak Springs,Northwest Florida Water Management District,FDEM,Risk Shelter Inventory - General - FDEM,,,,Emerald Coast,Northwest District,Northwest,3,5,2,Not Affected,Not Affected,Not Affected,Not Affected,Not Affected,Not Affected,Not Affected,Not Affected,Not Affected,Not Affected,Not Affected,Not Affected,Not Affected,Not Affected,Not Affected,Not Affected,Not Affected,Not Affected,Not Affected,Not Affected,Not Affected,196797.4662,749930.3433
1883,1865,Mossy Head ES,13271 Hwy 90 W,DeFuniak Springs,32434,Walton,-86.33195551,30.73990256,"-86.33195551, 30.73990256",16R EV 63948 00967,SHELTER,RISK,1,2008,200 300 Wing Cafeteria / Classroom,A,300 kW,0,0,798,15966,0,0,798,15966,708, ,No,No,No,Yes,Yes, , , , ,,,SHELTER,,Risk Shelter Inventory,Critical Community and Emergency Facilities,Regionally Significant,RSI_PT_1883,,Northwest Florida Water Management District,FDEM,Risk Shelter Inventory - General - FDEM,,,,Emerald Coast,Northwest District,Northwest,3,5,2,Not Affected,Not Affected,Not Affected,Not Affected,Not Affected,Not Affected,Not Affected,Not Affected,Not Affected,Not Affected,Not Affected,Not Affected,Not Affected,Not Affected,Not Affected,Not Affected,Not Affected,Not Affected,Not Affected,Not Affected,Not Affected,176877.7891,750106.6638
1884,1866,Walton HS,449 Walton Rd,DeFuniak Springs,32433,Walton,-86.12377702,30.74155702,"-86.12377702, 30.74155702",16R EV 83875 01288,SHELTER,RISK,1,2009,1 SW-SE Wing Classroom,A, ,0,0,626,12513,0,0,626,12513,626, ,No,No,No,Yes,Yes, , , , ,,,SHELTER,,Risk Shelter Inventory,Critical Community and Emergency Facilities,Regionally Significant,RSI_PT_1675,DeFuniak Springs,Northwest Florida Water Management District,FDEM,Risk Shelter Inventory - General - FDEM,,,,Emerald Coast,Northwest District,Northwest,3,5,2,Not Affected,Not Affected,Not Affected,Not Affected,Not Affected,Not Affected,Not Affected,Not Affected,Not Affected,Not Affected,Not Affected,Not Affected,Not Affected,Not Affected,Not Affected,Not Affected,Not Affected,Not Affected,Not Affected,Not Affected,Not Affected,196797.4662,749930.3433
1885,1867,Okaloosa-Walton Community College,908 US HWY 90 W,DeFuniak Springs,32433,Walton,-86.13311203,30.72852299,"-86.13311203, 30.72852299",16R EU 82993 99836,SHELTER,RISK,1,1993,2 Chautaqua Neighborhood Center,R, ,0,0,0,0,401,8020,401,8020,401,S-1588-2005,No,No,No,No,Yes, , , , ,,,SHELTER,,Risk Shelter Inventory,Critical Community and Emergency Facilities,Regionally Significant,RSI_PT_1885,DeFuniak Springs,Northwest Florida Water Management District,FDEM,Risk Shelter Inventory - General - FDEM,,,,Emerald Coast,Northwest District,Northwest,3,5,2,Not Affected,Not Affected,Not Affected,Not Affected,Not Affected,Not Affected,Not Affected,Not Affected,Not Affected,Not Affected,Not Affected,Not Affected,Not Affected,Not Affected,Not Affected,Not Affected,Not Affected,Not Affected,Not Affected,Not Affected,Not Affected,195879.3684,748499.798
1886,1868,Paxton HS,21893 Hwy 331 N,Laurel Hill,32538,Walton,-86.30472697,30.973831,"-86.30472697, 30.97383100",16R EV 66393 26909,SHELTER,RISK,1,2005,1 Auditorium,A,"Yes, unknown kW",199,3972,0,0,0,0,199,3972,199, ,No,No,No,No,Yes, , , , ,,,SHELTER,,Risk Shelter Inventory,Critical Community and Emergency Facilities,Regionally Significant,RSI_PT_1678,Paxton,Northwest Florida Water Management District,FDEM,Risk Shelter Inventory - General - FDEM,,,,Emerald Coast,Northwest District,Northwest,3,5,2,Not Affected,Not Affected,Not Affected,Not Affected,Not Affected,Not Affected,Not Affected,Not Affected,Not Affected,Not Affected,Not Affected,Not Affected,Not Affected,Not Affected,Not Affected,Not Affected,Not Affected,Not Affected,Not Affected,Not Affected,Not Affected,179967.7447,776005.9446
1887,1869,Mossy Head ES,13273 Hwy 90 W,DeFuniak Springs,32436,Walton,-86.33201675,30.73989142,"-86.33201675, 30.73989142",16R EV 63942 00966,SHELTER,RISK,1,2008,500 wing Classroom,A,300 kW,337,6733,0,0,0,0,337,6733,337, ,No,No,No,No,Yes, , , , ,,,SHELTER,,Risk Shelter Inventory,Critical Community and Emergency Facilities,Regionally Significant,RSI_PT_1887,,Northwest Florida Water Management District,FDEM,Risk Shelter Inventory - General - FDEM,,,,Emerald Coast,Northwest District,Northwest,3,5,2,Not Affected,Not Affected,Not Affected,Not Affected,Not Affected,Not Affected,Not Affected,Not Affected,Not Affected,Not Affected,Not Affected,Not Affected,Not Affected,Not Affected,Not Affected,Not Affected,Not Affected,Not Affected,Not Affected,Not Affected,Not Affected,176871.9073,750105.5396
1888,1870,Freeport HS,12615 Business Hwy 331,Freeport,32439,Walton,-86.11786388,30.54479458,"-86.11786388, 30.54479458",16R EU 84613 79486,SHELTER,RISK,1,2001,1 Non-EHPA,R, ,0,0,0,0,1513,30264,1513,30264,0,S-1588-2006,No,No,No,No,Yes, , , , ,,,SHELTER,,Risk Shelter Inventory,Critical Community and Emergency Facilities,Regionally Significant,RSI_PT_1880,Freeport,Northwest Florida Water Management District,FDEM,Risk Shelter Inventory - General - FDEM,,,,Emerald Coast,Northwest District,Northwest,3,5,2,Not Affected,Not Affected,Not Affected,Not Affected,Not Affected,Not Affected,Not Affected,Not Affected,Not Affected,Not Affected,Not Affected,Not Affected,Not Affected,Not Affected,Not Affected,Not Affected,Not Affected,Not Affected,Not Affected,Not Affected,Not Affected,196988.2245,728090.7439
1889,1889,Chipley HS,1545 Brickyard Rd,Chipley,32428,Washington,-85.55720923,30.76466276,"-85.55720923, 30.76466276",16R FV 38081 04410,SHELTER,RISK,1,1999,10 Auditorium,A,250 kW,0,0,0,0,0,0,220,4407,0, ,No,No,No,No,Yes, , , , ,,,SHELTER,,Risk Shelter Inventory,Critical Community and Emergency Facilities,Regionally Significant,RSI_PT_1683,,Northwest Florida Water Management District,FDEM,Risk Shelter Inventory - General - FDEM,,,,Emerald Coast,Northwest District,Northwest,3,5,2,Not Affected,Not Affected,Not Affected,Not Affected,Not Affected,Not Affected,Not Affected,Not Affected,Not Affected,Not Affected,Not Affected,Not Affected,Not Affected,Not Affected,Not Affected,Not Affected,Not Affected,Not Affected,Not Affected,Not Affected,Not Affected,251035.5183,751684.6878
1890,1890,Vernon HS,3232 Moss Hill Rd,Vernon,32462,Washington,-85.69135336,30.60849389,"-85.69135336, 30.60849389",16R FU 25444 86944,SHELTER,RISK,1,2004,7 Auditorium,R, ,0,0,0,0,144,2881,144,2881,0,L,No,No,No,No,Yes, , , , ,,,SHELTER,,Risk Shelter Inventory,Critical Community and Emergency Facilities,Regionally Significant,RSI_PT_1679,Vernon,Northwest Florida Water Management District,FDEM,Risk Shelter Inventory - General - FDEM,,,,Emerald Coast,Northwest District,Northwest,3,5,2,Not Affected,Not Affected,Not Affected,Not Affected,Not Affected,Not Affected,Not Affected,Not Affected,Not Affected,Not Affected,Not Affected,Not Affected,Not Affected,Not Affected,Not Affected,Not Affected,Not Affected,Not Affected,Not Affected,Not Affected,Not Affected,237966.2428,734527.1426
1891,1891,Vernon MS,3206 Moss Hill Rd,Vernon,32462,Washington,-85.69324541,30.6105074,"-85.69324541, 30.61050740",16R FU 25260 87165,SHELTER,RISK,1,1999,2 Music / Cafeteria,R, ,0,0,0,0,208,3147,157,3147,123,S-1523,No,No,No,No,Yes, , , , ,,,SHELTER,,Risk Shelter Inventory,Critical Community and Emergency Facilities,Regionally Significant,RSI_PT_1684,Vernon,Northwest Florida Water Management District,FDEM,Risk Shelter Inventory - General - FDEM,,,,Emerald Coast,Northwest District,Northwest,3,5,2,Not Affected,Not Affected,Not Affected,Not Affected,Not Affected,Not Affected,Not Affected,Not Affected,Not Affected,Not Affected,Not Affected,Not Affected,Not Affected,Not Affected,Not Affected,Not Affected,Not Affected,Not Affected,Not Affected,Not Affected,Not Affected,237788.061,734753.0369
1892,1892,Roulhac MS,1535 Brickyard Rd,Chipley,32428,Washington,-85.556347,30.76465448,"-85.55634700, 30.76465448",16R FV 38164 04410,SHELTER,RISK,1,1999,1 Admin,A,250 kW,0,0,0,0,0,0,35,704,0, ,No,No,No,No,Yes, , , , ,,,SHELTER,,Risk Shelter Inventory,Critical Community and Emergency Facilities,Regionally Significant,RSI_PT_1682,,Northwest Florida Water Management District,FDEM,Risk Shelter Inventory - General - FDEM,,,,Emerald Coast,Northwest District,Northwest,3,5,2,Not Affected,Not Affected,Not Affected,Not Affected,Not Affected,Not Affected,Not Affected,Not Affected,Not Affected,Not Affected,Not Affected,Not Affected,Not Affected,Not Affected,Not Affected,Not Affected,Not Affected,Not Affected,Not Affected,Not Affected,Not Affected,251117.9841,751682.7273
1893,1893,Vernon HS,3232 Moss Hill Rd,Vernon,32462,Washington,-85.69135336,30.60849389,"-85.69135336, 30.60849389",16R FU 25444 86944,SHELTER,RISK,1,2004,5 Classroom,R, ,0,0,0,0,301,6015,301,6015,0,L,No,No,No,No,Yes, , , , ,,,SHELTER,,Risk Shelter Inventory,Critical Community and Emergency Facilities,Regionally Significant,RSI_PT_1679,Vernon,Northwest Florida Water Management District,FDEM,Risk Shelter Inventory - General - FDEM,,,,Emerald Coast,Northwest District,Northwest,3,5,2,Not Affected,Not Affected,Not Affected,Not Affected,Not Affected,Not Affected,Not Affected,Not Affected,Not Affected,Not Affected,Not Affected,Not Affected,Not Affected,Not Affected,Not Affected,Not Affected,Not Affected,Not Affected,Not Affected,Not Affected,Not Affected,237966.2428,734527.1426
1894,1894,Roulhac MS,1535 Brickyard Rd,Chipley,32428,Washington,-85.556347,30.76465448,"-85.55634700, 30.76465448",16R FV 38164 04410,SHELTER,RISK,1,1999,2 (3A) Classroom,A,250 kW,0,0,0,0,0,0,294,5882,257, ,No,No,No,No,Yes, , , , ,,,SHELTER,,Risk Shelter Inventory,Critical Community and Emergency Facilities,Regionally Significant,RSI_PT_1682,,Northwest Florida Water Management District,FDEM,Risk Shelter Inventory - General - FDEM,,,,Emerald Coast,Northwest District,Northwest,3,5,2,Not Affected,Not Affected,Not Affected,Not Affected,Not Affected,Not Affected,Not Affected,Not Affected,Not Affected,Not Affected,Not Affected,Not Affected,Not Affected,Not Affected,Not Affected,Not Affected,Not Affected,Not Affected,Not Affected,Not Affected,Not Affected,251117.9841,751682.7273
1895,1895,Chipley HS,1545 Brickyard Rd,Chipley,32428,Washington,-85.55720923,30.76466276,"-85.55720923, 30.76466276",16R FV 38081 04410,SHELTER,RISK,1,1999,5 Classroom,R,250 kW,0,0,0,0,182,3648,182,3648,309,S-1523,No,No,No,No,Yes, , , , ,,,SHELTER,,Risk Shelter Inventory,Critical Community and Emergency Facilities,Regionally Significant,RSI_PT_1683,,Northwest Florida Water Management District,FDEM,Risk Shelter Inventory - General - FDEM,,,,Emerald Coast,Northwest District,Northwest,3,5,2,Not Affected,Not Affected,Not Affected,Not Affected,Not Affected,Not Affected,Not Affected,Not Affected,Not Affected,Not Affected,Not Affected,Not Affected,Not Affected,Not Affected,Not Affected,Not Affected,Not Affected,Not Affected,Not Affected,Not Affected,Not Affected,251035.5183,751684.6878
1896,1896,Chipley HS,1545 Brickyard Rd,Chipley,32428,Washington,-85.55720923,30.76466276,"-85.55720923, 30.76466276",16R FV 38081 04410,SHELTER,RISK,1,2000,7 Lab / Classroom,R,250 kW,0,0,0,0,329,6577,329,6577,267,S-1523,No,No,No,No,Yes, , , , ,,,SHELTER,,Risk Shelter Inventory,Critical Community and Emergency Facilities,Regionally Significant,RSI_PT_1683,,Northwest Florida Water Management District,FDEM,Risk Shelter Inventory - General - FDEM,,,,Emerald Coast,Northwest District,Northwest,3,5,2,Not Affected,Not Affected,Not Affected,Not Affected,Not Affected,Not Affected,Not Affected,Not Affected,Not Affected,Not Affected,Not Affected,Not Affected,Not Affected,Not Affected,Not Affected,Not Affected,Not Affected,Not Affected,Not Affected,Not Affected,Not Affected,251035.5183,751684.6878
1897,1897,Vernon MS,3206 Moss Hill Rd,Vernon,32462,Washington,-85.69324541,30.6105074,"-85.69324541, 30.61050740",16R FU 25260 87165,SHELTER,RISK,1,1999,5 Classroom,R, ,0,0,0,0,280,5844,352,7047,0,S-1523,No,No,No,No,Yes, , , , ,,,SHELTER,,Risk Shelter Inventory,Critical Community and Emergency Facilities,Regionally Significant,RSI_PT_1684,Vernon,Northwest Florida Water Management District,FDEM,Risk Shelter Inventory - General - FDEM,,,,Emerald Coast,Northwest District,Northwest,3,5,2,Not Affected,Not Affected,Not Affected,Not Affected,Not Affected,Not Affected,Not Affected,Not Affected,Not Affected,Not Affected,Not Affected,Not Affected,Not Affected,Not Affected,Not Affected,Not Affected,Not Affected,Not Affected,Not Affected,Not Affected,Not Affected,237788.061,734753.0369
1898,1898,Roulhac MS,1535 Brickyard Rd,Chipley,32428,Washington,-85.556347,30.76465448,"-85.55634700, 30.76465448",16R FV 38164 04410,SHELTER,RISK,1,1999,8 Cafeteria,A,250 kW,0,0,145,2895,0,0,145,2895,0, ,No,No,No,Yes,Yes, , , , ,,,SHELTER,,Risk Shelter Inventory,Critical Community and Emergency Facilities,Regionally Significant,RSI_PT_1682,,Northwest Florida Water Management District,FDEM,Risk Shelter Inventory - General - FDEM,,,,Emerald Coast,Northwest District,Northwest,3,5,2,Not Affected,Not Affected,Not Affected,Not Affected,Not Affected,Not Affected,Not Affected,Not Affected,Not Affected,Not Affected,Not Affected,Not Affected,Not Affected,Not Affected,Not Affected,Not Affected,Not Affected,Not Affected,Not Affected,Not Affected,Not Affected,251117.9841,751682.7273
1899,7,Bozeman Learning Center,13410 SR 77,Panama City,32409,Bay,-85.68895471,30.39417873,"-85.68895471, 30.39417873",16R FU 25949 63194,SHELTER,RISK,1,2000,9 Cafeteria,A,HW 600KW,0,0,110,8277,0,0,138,8277,108,EHPA,No,No,No,Yes, ,Yes,Yes, , ,,,SHELTER,,Risk Shelter Inventory,Critical Community and Emergency Facilities,Regionally Significant,RSI_PT_42,,Northwest Florida Water Management District,FDEM,Risk Shelter Inventory - Special Needs - FDEM,,,Special Needs,Emerald Coast,Northwest District,Northwest,3,6,2,Not Affected,Not Affected,Not Affected,Not Affected,Not Affected,Not Affected,Not Affected,Not Affected,Not Affected,Not Affected,Not Affected,Not Affected,Not Affected,Not Affected,Not Affected,Medium,Medium,Medium,Medium,Medium,Medium,237870.2902,710743.0443
1900,8,Bozeman Learning Center,13410 SR 77,Panama City,32409,Bay,-85.68895471,30.39417873,"-85.68895471, 30.39417873",16R FU 25949 63194,SHELTER,RISK,1,2000,8 Gym,A,HW 600KW,0,0,191,11466,0,0,191,11466,0,HMGP / EHPA,No,No,No,Yes, ,Yes,Yes, , ,,,SHELTER,,Risk Shelter Inventory,Critical Community and Emergency Facilities,Regionally Significant,RSI_PT_42,,Northwest Florida Water Management District,FDEM,Risk Shelter Inventory - Special Needs - FDEM,,,Special Needs,Emerald Coast,Northwest District,Northwest,3,6,2,Not Affected,Not Affected,Not Affected,Not Affected,Not Affected,Not Affected,Not Affected,Not Affected,Not Affected,Not Affected,Not Affected,Not Affected,Not Affected,Not Affected,Not Affected,Medium,Medium,Medium,Medium,Medium,Medium,237870.2902,710743.0443
1901,9,Starke ES,1000 W Weldon St,Starke,32091,Bradford,-82.12257998,29.9512,"-82.12257998, 29.95120000",17R LP 91673 13907,SHELTER,RISK,3,1996,4 Cafeteria,A,"Yes, unknown kW",0,0,0,0,66,3973,66,3973,66,"L, S, HMGP",No,No,No,No, ,Yes, , , ,,,SHELTER,,Risk Shelter Inventory,Critical Community and Emergency Facilities,Regionally Significant,RSI_PT_72,Starke,Suwannee River Water Management District,FDEM,Risk Shelter Inventory - Special Needs - FDEM,,,Special Needs,North Central Florida,Northeast District,Northwest,2,10,6,Not Affected,Not Affected,Not Affected,Not Affected,Not Affected,Not Affected,Not Affected,Not Affected,Not Affected,Not Affected,Not Affected,Not Affected,Not Affected,Not Affected,Not Affected,Not Affected,Not Affected,Not Affected,Not Affected,Not Affected,Not Affected,580968.493,661841.4746
1902,10,Starke ES,1000 W Weldon St,Starke,32091,Bradford,-82.12257998,29.9512,"-82.12257998, 29.95120000",17R LP 91673 13907,SHELTER,RISK,3,1996,3 Classroom,A,"Yes, unknown kW",0,0,0,0,96,5749,96,5749,96,"L, S, HMGP",No,No,No,No, ,Yes, , , ,,,SHELTER,,Risk Shelter Inventory,Critical Community and Emergency Facilities,Regionally Significant,RSI_PT_72,Starke,Suwannee River Water Management District,FDEM,Risk Shelter Inventory - Special Needs - FDEM,,,Special Needs,North Central Florida,Northeast District,Northwest,2,10,6,Not Affected,Not Affected,Not Affected,Not Affected,Not Affected,Not Affected,Not Affected,Not Affected,Not Affected,Not Affected,Not Affected,Not Affected,Not Affected,Not Affected,Not Affected,Not Affected,Not Affected,Not Affected,Not Affected,Not Affected,Not Affected,580968.493,661841.4746
1903,30,Citrus HS,600 W Highland Blvd,Inverness,34452,Citrus,-82.337769,28.83481201,"-82.33776900, 28.83481201",17R LM 69488 90419,SHELTER,RISK,7,2002,21 Cafeteria,A,750 kW,0,0,0,0,0,0,132,7930,157,L,No,No,No,No, ,Yes, , , ,,,SHELTER,,Risk Shelter Inventory,Critical Community and Emergency Facilities,Regionally Significant,RSI_PT_226,Inverness,Southwest Florida Water Management District,FDEM,Risk Shelter Inventory - Special Needs - FDEM,,,Special Needs,Tampa Bay,Southwest District,Northwest,7,23,11,Not Affected,Not Affected,Not Affected,Not Affected,Not Affected,Not Affected,Not Affected,Not Affected,Not Affected,Not Affected,Not Affected,Not Affected,Not Affected,Not Affected,Not Affected,High,Medium,High,Medium,Medium,High,561898.1551,537597.4307
1904,33,Westside ES,1956 SW County Rd 252B,Lake City,32024,Columbia,-82.69953999,30.15302001,"-82.69953999, 30.15302001",17R LP 36323 36961,SHELTER,RISK,3,1999,4 Cafeteria,A, ,0,0,69,4166,0,0,69,4166,0, ,No,No,No,Yes, ,Yes, , , ,,,SHELTER,,Risk Shelter Inventory,Critical Community and Emergency Facilities,Regionally Significant,RSI_PT_272,,Suwannee River Water Management District,FDEM,Risk Shelter Inventory - Special Needs - FDEM,,,Special Needs,North Central Florida,Northeast District,Northwest,2,10,6,Not Affected,Not Affected,Not Affected,Not Affected,Not Affected,Not Affected,Not Affected,Not Affected,Not Affected,Not Affected,Not Affected,Not Affected,Not Affected,Not Affected,Not Affected,Not Affected,Not Affected,Not Affected,Not Affected,Not Affected,Not Affected,525120.3618,683526.4133
1905,34,Westside ES,1956 SW County Rd 252B,Lake City,32024,Columbia,-82.69953999,30.15302001,"-82.69953999, 30.15302001",17R LP 36323 36961,SHELTER,RISK,3,1999,2 Classroom,A, ,0,0,94,5622,0,0,94,5622,0, ,No,No,No,Yes, ,Yes, , , ,,,SHELTER,,Risk Shelter Inventory,Critical Community and Emergency Facilities,Regionally Significant,RSI_PT_272,,Suwannee River Water Management District,FDEM,Risk Shelter Inventory - Special Needs - FDEM,,,Special Needs,North Central Florida,Northeast District,Northwest,2,10,6,Not Affected,Not Affected,Not Affected,Not Affected,Not Affected,Not Affected,Not Affected,Not Affected,Not Affected,Not Affected,Not Affected,Not Affected,Not Affected,Not Affected,Not Affected,Not Affected,Not Affected,Not Affected,Not Affected,Not Affected,Not Affected,525120.3618,683526.4133
1906,35,Westside ES,1956 SW County Rd 252B,Lake City,32024,Columbia,-82.69953999,30.15302001,"-82.69953999, 30.15302001",17R LP 36323 36961,SHELTER,RISK,3,1999,5 Classroom / Art,A, ,0,0,61,3666,0,0,61,3666,0, ,No,No,No,Yes, ,Yes, , , ,,,SHELTER,,Risk Shelter Inventory,Critical Community and Emergency Facilities,Regionally Significant,RSI_PT_272,,Suwannee River Water Management District,FDEM,Risk Shelter Inventory - Special Needs - FDEM,,,Special Needs,North Central Florida,Northeast District,Northwest,2,10,6,Not Affected,Not Affected,Not Affected,Not Affected,Not Affected,Not Affected,Not Affected,Not Affected,Not Affected,Not Affected,Not Affected,Not Affected,Not Affected,Not Affected,Not Affected,Not Affected,Not Affected,Not Affected,Not Affected,Not Affected,Not Affected,525120.3618,683526.4133
1907,36,South Florida State College,2251 NE Turner Ave,Arcadia,34266,DeSoto,-81.84244999,27.22957999,"-81.84244999, 27.22957999",17R ML 16584 12144,SHELTER,RISK,6,2003,100A Main,A,400 kW,0,0,0,0,117,7041,117,7041,352, ,No,No,No,No, ,Yes, , , ,,,SHELTER,,Risk Shelter Inventory,Critical Community and Emergency Facilities,Regionally Significant,RSI_PT_290,,Southwest Florida Water Management District,FDEM,Risk Shelter Inventory - Special Needs - FDEM,,,Special Needs,Central Florida,South District,Southwest,1,76,27,Not Affected,Not Affected,Not Affected,Not Affected,Not Affected,Not Affected,Not Affected,Not Affected,Not Affected,Not Affected,Not Affected,Not Affected,Not Affected,Not Affected,Not Affected,Not Affected,Low,Low,Low,Medium,Medium,613255.7458,360107.4837
1908,37,Turner Center Exhibit Hall,2260 NE Roan St,Arcadia,34266,DeSoto,-81.83639051,27.22380332,"-81.83639051, 27.22380332",17R ML 17180 11500,SHELTER,RISK,6,0,Main,R,Unknown kW; located West of Bldg,227,13624,0,0,0,0,227,13624,140, ,No,No,No,No, ,Yes, , , ,,,SHELTER,,Risk Shelter Inventory,Critical Community and Emergency Facilities,Regionally Significant,RSI_PT_1908,,Southwest Florida Water Management District,FDEM,Risk Shelter Inventory - Special Needs - FDEM,,,Special Needs,Central Florida,South District,Southwest,1,76,27,Not Affected,Not Affected,Not Affected,Not Affected,Not Affected,Not Affected,Not Affected,Not Affected,Not Affected,Not Affected,Not Affected,Not Affected,Not Affected,Not Affected,Not Affected,Not Affected,Not Affected,Not Affected,Low,Low,Low,613865.8669,359476.648
1909,38,Dixie County HS,17924 SE Hwy 19,Cross City,32628,Dixie,-83.10721686,29.62371997,"-83.10721686, 29.62371997",17R KN 95977 78946,SHELTER,RISK,3,2017,4 Cafeteria / Band,A, ,0,0,0,0,0,0,137,8207,0, ,No,No,No,No, ,Yes, , , ,,,SHELTER,,Risk Shelter Inventory,Critical Community and Emergency Facilities,Regionally Significant,RSI_PT_297,,Suwannee River Water Management District,FDEM,Risk Shelter Inventory - Special Needs - FDEM,,,Special Needs,North Central Florida,Northeast District,Northwest,2,7,3,Not Affected,Not Affected,Not Affected,Not Affected,Not Affected,Not Affected,Not Affected,Not Affected,Not Affected,Not Affected,Not Affected,Not Affected,Not Affected,Not Affected,Not Affected,Not Affected,Not Affected,Not Affected,Not Affected,Not Affected,Not Affected,486323.0453,624419.9657
1910,39,Atlantic Coast HS,9735 R G Skinner Pkwy,Jacksonville,32256,Duval,-81.50634598,30.20280001,"-81.50634598, 30.20280001",17R MP 51263 41365,SHELTER,RISK,4,2010,2 Cafeteria / Gym,A,"Yes, unknown kW",0,0,626,37536,0,0,626,37536,250,L,No,No,No,Yes, ,Yes, , , ,,,SHELTER,,Risk Shelter Inventory,Critical Community and Emergency Facilities,Regionally Significant,RSI_PT_307,Jacksonville,St. Johns River Water Management District,FDEM,Risk Shelter Inventory - Special Needs - FDEM,,,Special Needs,Northeast Florida,Northeast District,Northeast,2,17,4,Not Affected,Not Affected,Not Affected,Not Affected,Not Affected,Not Affected,Not Affected,Not Affected,Not Affected,Not Affected,Not Affected,Not Affected,Not Affected,Not Affected,Not Affected,Not Affected,Not Affected,Not Affected,Not Affected,Not Affected,Not Affected,639796.7749,690816.6915
1911,40,Twin Lakes Academy ES (priority 5),8000 Point Meadows Dr,Jacksonville,32256,Duval,-81.51819397,30.22312398,"-81.51819397, 30.22312398",17R MP 50133 43623,SHELTER,RISK,4,1997,1 (1st floor) Main,R,500 kW,0,0,0,0,455,27276,455,27276,857, ,No,No,No,No, ,Yes, , , ,,,SHELTER,,Risk Shelter Inventory,Critical Community and Emergency Facilities,Regionally Significant,RSI_PT_310,Jacksonville,St. Johns River Water Management District,FDEM,Risk Shelter Inventory - Special Needs - FDEM,,,Special Needs,Northeast Florida,Northeast District,Northeast,2,17,4,Not Affected,Not Affected,Not Affected,Not Affected,Not Affected,Not Affected,Not Affected,Not Affected,Not Affected,Not Affected,Not Affected,Not Affected,Not Affected,Not Affected,Not Affected,Not Affected,Medium,Not Affected,Not Affected,Not Affected,Not Affected,638612.196,693049.0826
1912,41,Waterleaf ES,450 Kernan Blvd N,Jacksonville,32225,Duval,-81.49097902,30.33278899,"-81.49097902, 30.33278899",17R MP 52804 55764,SHELTER,RISK,4,2011,1C Classroom,A,475 kW for campus,0,0,157,9416,0,0,157,9416,180, ,No,No,No,Yes, ,Yes, , , ,,,SHELTER,,Risk Shelter Inventory,Critical Community and Emergency Facilities,Regionally Significant,RSI_PT_311,Jacksonville,St. Johns River Water Management District,FDEM,Risk Shelter Inventory - Special Needs - FDEM,,,Special Needs,Northeast Florida,Northeast District,Northeast,2,16,4,Not Affected,Not Affected,Not Affected,Not Affected,Not Affected,Not Affected,Not Affected,Not Affected,Not Affected,Not Affected,Not Affected,Not Affected,Not Affected,Not Affected,Not Affected,Not Affected,Not Affected,Not Affected,Not Affected,Not Affected,Not Affected,640980.7733,705271.1498
1913,42,Mandarin MS (Priority 3),5100 Hood Rd,Jacksonville,32257,Duval,-81.58747098,30.18900599,"-81.58747098, 30.18900599",17R MP 43446 39874,SHELTER,RISK,4,1989,1F Classroom,R,100 kW for campus,0,0,0,0,0,0,307,18399,496,S HB7121,No,No,No,No, ,Yes, , , ,,,SHELTER,,Risk Shelter Inventory,Critical Community and Emergency Facilities,Regionally Significant,RSI_PT_313,Jacksonville,St. Johns River Water Management District,FDEM,Risk Shelter Inventory - Special Needs - FDEM,,,Special Needs,Northeast Florida,Northeast District,Northeast,2,17,4,Not Affected,Not Affected,Not Affected,Not Affected,Not Affected,Not Affected,Not Affected,Not Affected,Not Affected,Not Affected,Not Affected,Not Affected,Not Affected,Not Affected,Not Affected,Not Affected,Not Affected,Not Affected,Not Affected,Not Affected,Not Affected,632026.5306,689130.731
1914,43,Waterleaf ES,450 Kernan Blvd N,Jacksonville,32225,Duval,-81.49097902,30.33278899,"-81.49097902, 30.33278899",17R MP 52804 55764,SHELTER,RISK,4,2011,1D Dining,A,475 kW for campus,0,0,72,4306,0,0,72,4306,219,L,No,No,No,Yes, ,Yes, , , ,,,SHELTER,,Risk Shelter Inventory,Critical Community and Emergency Facilities,Regionally Significant,RSI_PT_311,Jacksonville,St. Johns River Water Management District,FDEM,Risk Shelter Inventory - Special Needs - FDEM,,,Special Needs,Northeast Florida,Northeast District,Northeast,2,16,4,Not Affected,Not Affected,Not Affected,Not Affected,Not Affected,Not Affected,Not Affected,Not Affected,Not Affected,Not Affected,Not Affected,Not Affected,Not Affected,Not Affected,Not Affected,Not Affected,Not Affected,Not Affected,Not Affected,Not Affected,Not Affected,640980.7733,705271.1498
1915,44,"The Legends Center of 
City of Jacksonville",5130 Soutel Dr,Jacksonville,32208,Duval,-81.72721701,30.393925,"-81.72721701, 30.39392500",17R MP 30139 62661,SHELTER,RISK,4,2010,1B Auditorium,A,475 kW,0,0,162,9718,0,0,162,9718,62,"L, S, F",C,No,No,Yes, ,Yes, , , ,,,SHELTER,,Risk Shelter Inventory,Critical Community and Emergency Facilities,Regionally Significant,RSI_PT_1915,Jacksonville,St. Johns River Water Management District,FDEM,Risk Shelter Inventory - Special Needs - FDEM,,,Special Needs,Northeast Florida,Northeast District,Northeast,2,13,5,Not Affected,Not Affected,Not Affected,Not Affected,Not Affected,Not Affected,Not Affected,Not Affected,Not Affected,Not Affected,Not Affected,Not Affected,Not Affected,Not Affected,Not Affected,Not Affected,Not Affected,Not Affected,Not Affected,Not Affected,Not Affected,618168.7766,711615.1458
1916,45,Bartram Springs ES,14799 Bartram Springs Pkwy,Jacksonville,32258,Duval,-81.49528396,30.108925,"-81.49528396, 30.10892500",17R MP 52282 30958,SHELTER,RISK,4,2009,1C Classroom,A,475 kW for campus,0,0,124,7448,0,0,124,7448,0, ,No,No,No,Yes, ,Yes, , , ,,,SHELTER,,Risk Shelter Inventory,Critical Community and Emergency Facilities,Regionally Significant,RSI_PT_395,Jacksonville,St. Johns River Water Management District,FDEM,Risk Shelter Inventory - Special Needs - FDEM,,,Special Needs,Northeast Florida,Northeast District,Northeast,2,17,4,Not Affected,Not Affected,Not Affected,Not Affected,Not Affected,Not Affected,Not Affected,Not Affected,Not Affected,Not Affected,Not Affected,Not Affected,Not Affected,Not Affected,Not Affected,Not Affected,Not Affected,Not Affected,Not Affected,Not Affected,Not Affected,641072.0137,680420.5179
1917,47,Bartram Springs ES,14799 Bartram Springs Pkwy,Jacksonville,32258,Duval,-81.49528396,30.108925,"-81.49528396, 30.10892500",17R MP 52282 30958,SHELTER,RISK,4,2009,1D Cafeteria,A,475 kW for campus,0,0,75,4529,0,0,75,4529,436,L,No,No,No,Yes, ,Yes, , , ,,,SHELTER,,Risk Shelter Inventory,Critical Community and Emergency Facilities,Regionally Significant,RSI_PT_395,Jacksonville,St. Johns River Water Management District,FDEM,Risk Shelter Inventory - Special Needs - FDEM,,,Special Needs,Northeast Florida,Northeast District,Northeast,2,17,4,Not Affected,Not Affected,Not Affected,Not Affected,Not Affected,Not Affected,Not Affected,Not Affected,Not Affected,Not Affected,Not Affected,Not Affected,Not Affected,Not Affected,Not Affected,Not Affected,Not Affected,Not Affected,Not Affected,Not Affected,Not Affected,641072.0137,680420.5179
1918,48,Landmark MS (Priority 4),101 Kernan Blvd N,Jacksonville,32225,Duval,-81.48724798,30.32335101,"-81.48724798, 30.32335101",17R MP 53158 54716,SHELTER,RISK,4,1989,1E Cafeteria / Classroom,R,100 kW for campus,0,0,0,0,0,0,301,18054,496, ,No,No,No,No, ,Yes, , , ,,,SHELTER,,Risk Shelter Inventory,Critical Community and Emergency Facilities,Regionally Significant,RSI_PT_308,Jacksonville,St. Johns River Water Management District,FDEM,Risk Shelter Inventory - Special Needs - FDEM,,,Special Needs,Northeast Florida,Northeast District,Northeast,2,16,4,Not Affected,Not Affected,Not Affected,Not Affected,Not Affected,Not Affected,Not Affected,Not Affected,Not Affected,Not Affected,Not Affected,Not Affected,Not Affected,Not Affected,Not Affected,Not Affected,Not Affected,Not Affected,Not Affected,Not Affected,Not Affected,641360.4167,704231.1822
1919,49,Enterprise Learning Academy (2nd Priority),8085 Old Middleburg Rd,Jacksonville,32222,Duval,-81.82085603,30.19984798,"-81.82085603, 30.19984798",17R MP 20988 41215,SHELTER,RISK,4,1997,Main 1st Floor,R,400 kW and 150 kW,0,0,0,0,360,21600,360,21600,671, ,No,No,No,No, ,Yes, , , ,,,SHELTER,,Risk Shelter Inventory,Critical Community and Emergency Facilities,Regionally Significant,RSI_PT_1919,Jacksonville,St. Johns River Water Management District,FDEM,Risk Shelter Inventory - Special Needs - FDEM,,,Special Needs,Northeast Florida,Northeast District,Northeast,2,12,5,Not Affected,Not Affected,Not Affected,Not Affected,Not Affected,Not Affected,Not Affected,Not Affected,Not Affected,Not Affected,Not Affected,Not Affected,Not Affected,Not Affected,Not Affected,Not Affected,Not Affected,Not Affected,Not Affected,Not Affected,Not Affected,609561.771,689916.0534
1920,50,Westview K-8,5270 Connie Jean Rd,Jacksonville,32210,Duval,-81.82229302,30.252472,"-81.82229302, 30.25247200",17R MP 20891 47047,SHELTER,RISK,4,2009,1 Classroom / Music,A, ,0,0,167,10020,0,0,167,10020,167,L,No,No,No,Yes, ,Yes, , , ,,,SHELTER,,Risk Shelter Inventory,Critical Community and Emergency Facilities,Regionally Significant,RSI_PT_324,Jacksonville,St. Johns River Water Management District,FDEM,Risk Shelter Inventory - Special Needs - FDEM,,,Special Needs,Northeast Florida,Northeast District,Northeast,2,15,5,Not Affected,Not Affected,Not Affected,Not Affected,Not Affected,Not Affected,Not Affected,Not Affected,Not Affected,Not Affected,Not Affected,Not Affected,Not Affected,Not Affected,Not Affected,Not Affected,Not Affected,Not Affected,Not Affected,Not Affected,Not Affected,609320.4505,695753.5878
1921,55,Rymfire ES,1425 Rymfire Dr,Palm Coast,32164,Flagler,-81.22087001,29.50527001,"-81.22087001, 29.50527001",17R MN 78592 63987,SHELTER,RISK,4,2008,6 Classroom / Art,A, ,340,20374,0,0,0,0,340,20374,0, ,No,No,No,No, ,Yes, , , ,,,SHELTER,,Risk Shelter Inventory,Critical Community and Emergency Facilities,Regionally Significant,RSI_PT_468,Palm Coast,St. Johns River Water Management District,FDEM,Risk Shelter Inventory - Special Needs - FDEM,,,Special Needs,Northeast Florida,Northeast District,Northeast,5,19,7,Not Affected,Not Affected,Not Affected,Not Affected,Not Affected,Not Affected,Not Affected,Not Affected,Not Affected,Not Affected,Not Affected,Not Affected,Not Affected,Not Affected,Not Affected,Not Affected,Not Affected,Not Affected,Not Affected,Low,Low,668989.5591,613987.2871
1922,57,Rymfire ES,1425 Rymfire Dr,Palm Coast,32164,Flagler,-81.22087001,29.50527001,"-81.22087001, 29.50527001",17R MN 78592 63987,SHELTER,RISK,4,2008,7 Gym,A,1000 kW,268,14323,0,0,0,0,268,16052,267, ,No,No,No,No, ,Yes, , , ,,,SHELTER,,Risk Shelter Inventory,Critical Community and Emergency Facilities,Regionally Significant,RSI_PT_468,Palm Coast,St. Johns River Water Management District,FDEM,Risk Shelter Inventory - Special Needs - FDEM,,,Special Needs,Northeast Florida,Northeast District,Northeast,5,19,7,Not Affected,Not Affected,Not Affected,Not Affected,Not Affected,Not Affected,Not Affected,Not Affected,Not Affected,Not Affected,Not Affected,Not Affected,Not Affected,Not Affected,Not Affected,Not Affected,Not Affected,Not Affected,Not Affected,Low,Low,668989.5591,613987.2871
1923,58,Rymfire ES,1425 Rymfire Dr,Palm Coast,32164,Flagler,-81.22087001,29.50527001,"-81.22087001, 29.50527001",17R MN 78592 63987,SHELTER,RISK,4,2006,3 Cafeteria,A,1000 kW,0,0,123,7355,0,0,123,7355,122, ,No,No,No,Yes, ,Yes, , , ,,,SHELTER,,Risk Shelter Inventory,Critical Community and Emergency Facilities,Regionally Significant,RSI_PT_468,Palm Coast,St. Johns River Water Management District,FDEM,Risk Shelter Inventory - Special Needs - FDEM,,,Special Needs,Northeast Florida,Northeast District,Northeast,5,19,7,Not Affected,Not Affected,Not Affected,Not Affected,Not Affected,Not Affected,Not Affected,Not Affected,Not Affected,Not Affected,Not Affected,Not Affected,Not Affected,Not Affected,Not Affected,Not Affected,Not Affected,Not Affected,Not Affected,Low,Low,668989.5591,613987.2871
1924,59,Bell HS,930 S Main St,Bell,32619,Gilchrist,-82.85929998,29.75151,"-82.85929998, 29.75151000",17R LN 20213 92699,SHELTER,RISK,3,1998,20 Health,R,"Yes, unknown kW",0,0,0,0,71,4276,71,4276,71, ,No,No,No,No, ,Yes, , ,Yes,,,SHELTER,,Risk Shelter Inventory,Critical Community and Emergency Facilities,Regionally Significant,RSI_PT_499,Bell,Suwannee River Water Management District,FDEM,Risk Shelter Inventory - Special Needs - FDEM,,,Special Needs,North Central Florida,Northeast District,Northwest,2,22,6,Not Affected,Not Affected,Not Affected,Not Affected,Not Affected,Not Affected,Not Affected,Not Affected,Not Affected,Not Affected,Not Affected,Not Affected,Not Affected,Not Affected,Not Affected,Not Affected,Low,Medium,Medium,Medium,Medium,510162.2354,638804.7244
1925,60,West Glades ES,2586 Hwy 731,LaBelle,33935,Glades,-81.44293071,26.80701992,"-81.44293071, 26.80701992",17R MK 55979 65137,SHELTER,RISK,8,2004,3 Classroom,A, ,0,0,124,7455,0,0,124,7455,50, ,No,No,No,Yes, ,Yes, , , ,,,SHELTER,,Risk Shelter Inventory,Critical Community and Emergency Facilities,Regionally Significant,RSI_PT_508,,South Florida Water Management District,FDEM,Risk Shelter Inventory - Special Needs - FDEM,,,Special Needs,Southwest Florida,South District,Southwest,1,83,29,Not Affected,Not Affected,Not Affected,Not Affected,Not Affected,Not Affected,Not Affected,Not Affected,Not Affected,Not Affected,Not Affected,Not Affected,Not Affected,Not Affected,Not Affected,Low,Not Affected,Low,Low,Medium,Medium,653712.4636,313955.8261
1926,61,Hamilton County HS,5683 US Highway 129 S,Jasper,32052,Hamilton,-82.93010954,30.47547713,"-82.93010954, 30.47547713",17R LP 14722 73057,SHELTER,RISK,3,2003,8 Cafeteria,A,350 kW for campus,0,0,76,4555,0,0,76,4555,0, ,No,No,No,Yes, ,Yes, , , ,,,SHELTER,,Risk Shelter Inventory,Critical Community and Emergency Facilities,Regionally Significant,RSI_PT_516,,Suwannee River Water Management District,FDEM,Risk Shelter Inventory - Special Needs - FDEM,,,Special Needs,North Central Florida,Northeast District,Northwest,2,7,3,Not Affected,Not Affected,Not Affected,Not Affected,Not Affected,Not Affected,Not Affected,Not Affected,Not Affected,Not Affected,Not Affected,Not Affected,Not Affected,Not Affected,Not Affected,Not Affected,Not Affected,Not Affected,Not Affected,Not Affected,Not Affected,502626.8314,719100.2758
1927,62,South Florida State College,2968 US 17 N,Bowling Green,33834,Hardee,-81.82153002,27.60405002,"-81.82153002, 27.60405002",17R ML 18930 53611,SHELTER,RISK,6,2003,100A Main,A,400 kW for campus,0,0,117,7041,0,0,117,7041,110, ,No,No,No,Yes, ,Yes, , , ,,,SHELTER,,Risk Shelter Inventory,Critical Community and Emergency Facilities,Regionally Significant,RSI_PT_528,,Southwest Florida Water Management District,FDEM,Risk Shelter Inventory - Special Needs - FDEM,,,Special Needs,Central Florida,Southwest District,Southwest,1,83,27,Not Affected,Not Affected,Not Affected,Not Affected,Not Affected,Not Affected,Not Affected,Not Affected,Not Affected,Not Affected,Not Affected,Not Affected,Not Affected,Not Affected,Not Affected,Medium,Medium,Medium,Medium,Medium,Medium,614588.7374,401719.9159
1928,63,Challenger K-8,13400 Elgin Blvd,Spring Hill,34609,Hernando,-82.50182296,28.49581202,"-82.50182296, 28.49581202",17R LM 53009 53047,SHELTER,RISK,7,2004,1 (300s) Cafeteria,A, ,0,0,216,12936,0,0,216,12936,184,L,No,No,No,Yes, ,Yes, , ,Yes,,,SHELTER,,Risk Shelter Inventory,Critical Community and Emergency Facilities,Regionally Significant,RSI_PT_551,,Southwest Florida Water Management District,FDEM,Risk Shelter Inventory - Special Needs - FDEM,,,Special Needs,Tampa Bay,Southwest District,Northwest,7,53,11,Not Affected,Not Affected,Not Affected,Not Affected,Not Affected,Not Affected,Not Affected,Not Affected,Not Affected,Not Affected,Not Affected,Not Affected,Not Affected,Not Affected,Not Affected,Not Affected,Not Affected,Not Affected,Low,Medium,Medium,546377.8154,499748.0142
1929,69,McLane MS,306 N Knights Ave,Brandon,33510,Hillsborough,-82.28998603,27.94297601,"-82.28998603, 27.94297601",17R LL 73092 91555,SHELTER,RISK,7,2004,9 Gym,R,"Yes, unknown kW",0,0,0,0,400,8000,400,8000,0,S-1508-2005,No,No,No,No, ,Yes, , ,Yes,,,SHELTER,,Risk Shelter Inventory,Critical Community and Emergency Facilities,Regionally Significant,RSI_PT_644,,Southwest Florida Water Management District,FDEM,Risk Shelter Inventory - Special Needs - FDEM,,,Special Needs,Tampa Bay,Southwest District,Southwest,7,67,23,Not Affected,Not Affected,Not Affected,Not Affected,Not Affected,Not Affected,Not Affected,Not Affected,Not Affected,Not Affected,Not Affected,Not Affected,Not Affected,Not Affected,Not Affected,Not Affected,Not Affected,Not Affected,Not Affected,Not Affected,Not Affected,567925.2323,438627.202
1930,71,Strawberry Crest HS,4691 Gallagher Rd,Dover,33527,Hillsborough,-82.23659004,28.02288899,"-82.23659004, 28.02288899",17R LM 78435 00354,SHELTER,RISK,7,2006,7 Gym,A,"Yes, unknown kW",0,0,373,22383,0,0,373,22383,1500,"L, S",No,No,No,Yes, ,Yes, , ,Yes,,,SHELTER,,Risk Shelter Inventory,Critical Community and Emergency Facilities,Regionally Significant,RSI_PT_667,,Southwest Florida Water Management District,FDEM,Risk Shelter Inventory - Special Needs - FDEM,,,Special Needs,Tampa Bay,Southwest District,Southwest,7,68,23,Not Affected,Not Affected,Not Affected,Not Affected,Not Affected,Not Affected,Not Affected,Not Affected,Not Affected,Not Affected,Not Affected,Not Affected,Not Affected,Not Affected,Not Affected,Not Affected,Not Affected,Not Affected,Not Affected,Not Affected,Not Affected,573041.5192,447574.8966
1931,73,Bonifay K-8,140 Blue Devil Dr,Bonifay,32425,Holmes,-85.6796,30.793995,"-85.67960000, 30.79399500",16R FV 26328 07517,SHELTER,RISK,1,2015,1600 Cafeteria,A, ,0,0,150,8974,0,0,150,8974,6, ,No,No,No,Yes, ,Yes, , , ,,,SHELTER,,Risk Shelter Inventory,Critical Community and Emergency Facilities,Regionally Significant,RSI_PT_693,Bonifay,Northwest Florida Water Management District,FDEM,Risk Shelter Inventory - Special Needs - FDEM,,,Special Needs,Emerald Coast,Northwest District,Northwest,3,5,2,Not Affected,Not Affected,Not Affected,Not Affected,Not Affected,Not Affected,Not Affected,Not Affected,Not Affected,Not Affected,Not Affected,Not Affected,Not Affected,Not Affected,Not Affected,Not Affected,Not Affected,Not Affected,Not Affected,Not Affected,Not Affected,239372.4953,755092.463
1932,74,Bonifay K-8,140 Blue Devil Dr,Bonifay,32425,Holmes,-85.6796,30.793995,"-85.67960000, 30.79399500",16R FV 26328 07517,SHELTER,RISK,1,2015,1100 Admin,A, ,0,0,148,8870,0,0,148,8870,111, ,No,No,No,Yes, ,Yes, , , ,,,SHELTER,,Risk Shelter Inventory,Critical Community and Emergency Facilities,Regionally Significant,RSI_PT_693,Bonifay,Northwest Florida Water Management District,FDEM,Risk Shelter Inventory - Special Needs - FDEM,,,Special Needs,Emerald Coast,Northwest District,Northwest,3,5,2,Not Affected,Not Affected,Not Affected,Not Affected,Not Affected,Not Affected,Not Affected,Not Affected,Not Affected,Not Affected,Not Affected,Not Affected,Not Affected,Not Affected,Not Affected,Not Affected,Not Affected,Not Affected,Not Affected,Not Affected,Not Affected,239372.4953,755092.463
1933,75,Poplar Springs HS,3726 Atomic Dr,Graceville,32440,Holmes,-85.57764326,30.95407325,"-85.57764326, 30.95407325",16R FV 35858 25379,SHELTER,RISK,1,2003,3 Gym,A,HW 300 KW,0,0,246,14739,0,0,246,14739,38, ,No,No,No,Yes, ,Yes, , ,Yes,,,SHELTER,,Risk Shelter Inventory,Critical Community and Emergency Facilities,Regionally Significant,RSI_PT_698,,Northwest Florida Water Management District,FDEM,Risk Shelter Inventory - Special Needs - FDEM,,,Special Needs,Emerald Coast,Northwest District,Northwest,3,5,2,Not Affected,Not Affected,Not Affected,Not Affected,Not Affected,Not Affected,Not Affected,Not Affected,Not Affected,Not Affected,Not Affected,Not Affected,Not Affected,Not Affected,Not Affected,Not Affected,Not Affected,Not Affected,Not Affected,Not Affected,Not Affected,249349.7165,772721.6015
1934,77,Marianna HS,3546 Caverns Rd,Marianna,32446,Jackson,-85.19870908,30.81237621,"-85.19870908, 30.81237621",16R FV 72311 10196,SHELTER,RISK,2,2003,1B (part) Auditorium / Gym,A,600KW,0,0,33,1980,0,0,33,1980,33, ,No,No,No,Yes, ,Yes, , ,Yes,,,SHELTER,,Risk Shelter Inventory,Critical Community and Emergency Facilities,Regionally Significant,RSI_PT_736,Marianna,Northwest Florida Water Management District,FDEM,Risk Shelter Inventory - Special Needs - FDEM,,,Special Needs,Apalachee,Northwest District,Northwest,3,5,2,Not Affected,Not Affected,Not Affected,Not Affected,Not Affected,Not Affected,Not Affected,Not Affected,Not Affected,Not Affected,Not Affected,Not Affected,Not Affected,Not Affected,Not Affected,Not Affected,Not Affected,Not Affected,Not Affected,Not Affected,Not Affected,285380.2847,756594.9954
1935,79,Lafayette HS,160 NE Hornet Dr,Mayo,32066,Lafayette,-83.16836003,30.05387002,"-83.16836003, 30.05387002",17R KP 90954 26736,SHELTER,RISK,3,1991,2 Cafeteria,R,30 kW,0,0,0,0,178,10860,178,10860,278,F,No,No,No,No, ,Yes, , , ,,,SHELTER,,Risk Shelter Inventory,Critical Community and Emergency Facilities,Regionally Significant,RSI_PT_744,Mayo,Suwannee River Water Management District,FDEM,Risk Shelter Inventory - Special Needs - FDEM,,,Special Needs,North Central Florida,Northeast District,Northwest,2,7,3,Not Affected,Not Affected,Not Affected,Not Affected,Not Affected,Not Affected,Not Affected,Not Affected,Not Affected,Not Affected,Not Affected,Not Affected,Not Affected,Not Affected,Not Affected,Not Affected,Not Affected,Not Affected,Not Affected,Not Affected,Not Affected,480089.1655,672130.9974
1936,80,Lafayette HS,160 NE Hornet Dr,Mayo,32066,Lafayette,-83.16836003,30.05387002,"-83.16836003, 30.05387002",17R KP 90954 26736,SHELTER,RISK,3,1996,32 Gym,R,"Yes, unknown kW",0,0,0,0,210,12600,210,12600,0,S 1621X 09-SR-18-03-4-01-210,No,No,No,No, ,Yes, , , ,,,SHELTER,,Risk Shelter Inventory,Critical Community and Emergency Facilities,Regionally Significant,RSI_PT_744,Mayo,Suwannee River Water Management District,FDEM,Risk Shelter Inventory - Special Needs - FDEM,,,Special Needs,North Central Florida,Northeast District,Northwest,2,7,3,Not Affected,Not Affected,Not Affected,Not Affected,Not Affected,Not Affected,Not Affected,Not Affected,Not Affected,Not Affected,Not Affected,Not Affected,Not Affected,Not Affected,Not Affected,Not Affected,Not Affected,Not Affected,Not Affected,Not Affected,Not Affected,480089.1655,672130.9974
1937,81,Umatilla ES,320 N Trowell Ave,Umatilla,32784,Lake,-81.66429901,28.93057702,"-81.66429901, 28.93057702",17R MN 35253 00475,SHELTER,RISK,5,2000,3 Classroom,A,"Yes, unknown kW",0,0,91,5466,0,0,91,5466,135,L,No,No,No,Yes, ,Yes, , , ,,,SHELTER,,Risk Shelter Inventory,Critical Community and Emergency Facilities,Regionally Significant,RSI_PT_777,Umatilla,St. Johns River Water Management District,FDEM,Risk Shelter Inventory - Special Needs - FDEM,,,Special Needs,East Central Florida,Central District,Northeast,5,26,13,Not Affected,Not Affected,Not Affected,Not Affected,Not Affected,Not Affected,Not Affected,Not Affected,Not Affected,Not Affected,Not Affected,Not Affected,Not Affected,Not Affected,Not Affected,Not Affected,Not Affected,Not Affected,Not Affected,Not Affected,Not Affected,627284.7235,549293.6182
1938,82,Astatula ES,13925 Florida Ave,Astatula,34705,Lake,-81.72578697,28.71083499,"-81.72578697, 28.71083499",17R MM 29111 76164,SHELTER,RISK,5,1999,1 Admin / Media,A,"Yes, unknown kW",0,0,17,1025,0,0,17,1025,25,S-1523,No,No,No,Yes, ,Yes, , ,Yes,,,SHELTER,,Risk Shelter Inventory,Critical Community and Emergency Facilities,Regionally Significant,RSI_PT_764,Astatula,St. Johns River Water Management District,FDEM,Risk Shelter Inventory - Special Needs - FDEM,,,Special Needs,East Central Florida,Central District,Northeast,5,25,13,Not Affected,Not Affected,Not Affected,Not Affected,Not Affected,Not Affected,Not Affected,Not Affected,Not Affected,Not Affected,Not Affected,Not Affected,Not Affected,Not Affected,Not Affected,Not Affected,Not Affected,Not Affected,Not Affected,Not Affected,Not Affected,621752.0994,524783.1105
1939,83,Lost Lake ES,1901 Johns Lake Rd,Clemont,34711,Lake,-81.72159139,28.52567145,"-81.72159139, 28.52567145",17R MM 29397 55648,SHELTER,RISK,5,1999,1 Admin / Media,A,"Yes, unknown kW",0,0,15,922,0,0,15,922,51,L-School Broad,No,No,No,Yes, ,Yes, , ,Yes,,,SHELTER,,Risk Shelter Inventory,Critical Community and Emergency Facilities,Regionally Significant,RSI_PT_752,Clermont,St. Johns River Water Management District,FDEM,Risk Shelter Inventory - Special Needs - FDEM,,,Special Needs,East Central Florida,Central District,Northeast,5,25,13,Not Affected,Not Affected,Not Affected,Not Affected,Not Affected,Not Affected,Not Affected,Not Affected,Not Affected,Not Affected,Not Affected,Not Affected,Not Affected,Not Affected,Not Affected,Not Affected,Low,Not Affected,Not Affected,Not Affected,Not Affected,622541.0679,504230.8242
1940,84,Villages ES,695 Rolling Acres Rd,Lady Lake,32159,Lake,-81.93559297,28.930172,"-81.93559297, 28.93017200",17R MN 08809 00609,SHELTER,RISK,5,1999,1 Admin / Media,A,250 kW for campus,0,0,14,844,0,0,14,844,51, ,No,No,No,Yes, ,Yes, , ,Yes,,,SHELTER,,Risk Shelter Inventory,Critical Community and Emergency Facilities,Regionally Significant,RSI_PT_757,Lady Lake,St. Johns River Water Management District,FDEM,Risk Shelter Inventory - Special Needs - FDEM,,,Special Needs,East Central Florida,Central District,Northeast,5,26,13,Not Affected,Not Affected,Not Affected,Not Affected,Not Affected,Not Affected,Not Affected,Not Affected,Not Affected,Not Affected,Not Affected,Not Affected,Not Affected,Not Affected,Not Affected,Not Affected,Medium,Not Affected,Not Affected,Not Affected,Not Affected,600888.7614,548777.6537
1941,85,East Lee HS,715 Thomas Sherwin Ave,Lehigh Acres,33974,Lee,-81.60184603,26.55789999,"-81.60184603, 26.55789999",17R MK 40055 37610,SHELTER,RISK,8,2005,1 Main,A,"Yes, unknown kW",0,0,0,0,0,0,1305,118297,150, ,No,No,No,No, ,Yes, , , ,,,SHELTER,,Risk Shelter Inventory,Critical Community and Emergency Facilities,Regionally Significant,RSI_PT_804,,South Florida Water Management District,FDEM,Risk Shelter Inventory - Special Needs - FDEM,,,Special Needs,Southwest Florida,South District,Southwest,1,77,28,Not Affected,Not Affected,Not Affected,Not Affected,Not Affected,Not Affected,Not Affected,Not Affected,Not Affected,Not Affected,Not Affected,Not Affected,Not Affected,Not Affected,Not Affected,Not Affected,Not Affected,Not Affected,Not Affected,Not Affected,Not Affected,638484.7351,285988.5551
1942,86,FSU K-12 School,3000 School House Rd,Tallahassee,32311,Leon,-84.22395102,30.38406998,"-84.22395102, 30.38406998",16R GU 66757 64614,SHELTER,RISK,2,2000,8 Gym,R,HW,0,0,0,0,214,12860,214,12869,214, ,No,No,No,No, ,Yes, , , ,,,SHELTER,,Risk Shelter Inventory,Critical Community and Emergency Facilities,Regionally Significant,RSI_PT_818,Tallahassee,Northwest Florida Water Management District,FDEM,Risk Shelter Inventory - Special Needs - FDEM,,,Special Needs,Apalachee,Northwest District,Northwest,3,9,3,Not Affected,Not Affected,Not Affected,Not Affected,Not Affected,Not Affected,Not Affected,Not Affected,Not Affected,Not Affected,Not Affected,Not Affected,Not Affected,Not Affected,Not Affected,Not Affected,Not Affected,Not Affected,Not Affected,Not Affected,Not Affected,378499.3227,708530.3766
1943,87,FSU K-12 School,3000 School House Rd,Tallahassee,32311,Leon,-84.22395102,30.38406998,"-84.22395102, 30.38406998",16R GU 66757 64614,SHELTER,RISK,2,2000,3 Classroom,R,HW,0,0,0,0,248,14869,248,14869,247,HMGP,No,No,No,No, ,Yes, , , ,,,SHELTER,,Risk Shelter Inventory,Critical Community and Emergency Facilities,Regionally Significant,RSI_PT_818,Tallahassee,Northwest Florida Water Management District,FDEM,Risk Shelter Inventory - Special Needs - FDEM,,,Special Needs,Apalachee,Northwest District,Northwest,3,9,3,Not Affected,Not Affected,Not Affected,Not Affected,Not Affected,Not Affected,Not Affected,Not Affected,Not Affected,Not Affected,Not Affected,Not Affected,Not Affected,Not Affected,Not Affected,Not Affected,Not Affected,Not Affected,Not Affected,Not Affected,Not Affected,378499.3227,708530.3766
1944,88,FSU K-12 School,3000 School House Rd,Tallahassee,32311,Leon,-84.22395102,30.38406998,"-84.22395102, 30.38406998",16R GU 66757 64614,SHELTER,RISK,2,2000,4 Classroom,R,HW,0,0,0,0,245,14679,245,14679,244, ,No,No,No,No, ,Yes, , , ,,,SHELTER,,Risk Shelter Inventory,Critical Community and Emergency Facilities,Regionally Significant,RSI_PT_818,Tallahassee,Northwest Florida Water Management District,FDEM,Risk Shelter Inventory - Special Needs - FDEM,,,Special Needs,Apalachee,Northwest District,Northwest,3,9,3,Not Affected,Not Affected,Not Affected,Not Affected,Not Affected,Not Affected,Not Affected,Not Affected,Not Affected,Not Affected,Not Affected,Not Affected,Not Affected,Not Affected,Not Affected,Not Affected,Not Affected,Not Affected,Not Affected,Not Affected,Not Affected,378499.3227,708530.3766
1945,89,Bronson ES,400 Ishie Ave,Bronson,32621,Levy,-82.62903997,29.46168998,"-82.62903997, 29.46168998",17R LN 42030 60243,SHELTER,RISK,3,1999,6 Admin / Library,R,"Yes, unknown kW",0,0,0,0,27,1608,25,1510,25,S-1435A-2003,No,No,No,No, ,Yes, , , ,,,SHELTER,,Risk Shelter Inventory,Critical Community and Emergency Facilities,Regionally Significant,RSI_PT_885,Bronson,Suwannee River Water Management District,FDEM,Risk Shelter Inventory - Special Needs - FDEM,,,Special Needs,North Central Florida,Northeast District,Northwest,2,22,9,Not Affected,Not Affected,Not Affected,Not Affected,Not Affected,Not Affected,Not Affected,Not Affected,Not Affected,Not Affected,Not Affected,Not Affected,Not Affected,Not Affected,Not Affected,Not Affected,Not Affected,Not Affected,Not Affected,Not Affected,Not Affected,532756.316,606855.2198
1946,90,Bronson ES,400 Ishie Ave,Bronson,32621,Levy,-82.62903997,29.46168998,"-82.62903997, 29.46168998",17R LN 42030 60243,SHELTER,RISK,3,1999,7 Classroom,R, ,0,0,0,0,101,6084,101,6084,101,S-1435A-2003,No,No,No,No, ,Yes, , , ,,,SHELTER,,Risk Shelter Inventory,Critical Community and Emergency Facilities,Regionally Significant,RSI_PT_885,Bronson,Suwannee River Water Management District,FDEM,Risk Shelter Inventory - Special Needs - FDEM,,,Special Needs,North Central Florida,Northeast District,Northwest,2,22,9,Not Affected,Not Affected,Not Affected,Not Affected,Not Affected,Not Affected,Not Affected,Not Affected,Not Affected,Not Affected,Not Affected,Not Affected,Not Affected,Not Affected,Not Affected,Not Affected,Not Affected,Not Affected,Not Affected,Not Affected,Not Affected,532756.316,606855.2198
1947,92,Hosford ES & Jr HS,16864 NE SR 65,Hosford,32334,Liberty,-84.79835985,30.3888822,"-84.79835985, 30.38888220",16R GU 11535 63934,SHELTER,RISK,2,2008,14 Cafeteria,A,400 kW,0,0,72,4306,72,4306,72,4306,25, ,No,No,No,Yes, ,Yes, , , ,,,SHELTER,,Risk Shelter Inventory,Critical Community and Emergency Facilities,Regionally Significant,RSI_PT_896,,Northwest Florida Water Management District,FDEM,Risk Shelter Inventory - Special Needs - FDEM,,,Special Needs,Apalachee,Northwest District,Northwest,3,7,3,Not Affected,Not Affected,Not Affected,Not Affected,Not Affected,Not Affected,Not Affected,Not Affected,Not Affected,Not Affected,Not Affected,Not Affected,Not Affected,Not Affected,Not Affected,Not Affected,Not Affected,Not Affected,Not Affected,Not Affected,Not Affected,323356.4878,709293.0242
1948,93,Madison Central School,2093 US Hwy 90,Madison,32340,Madison,-83.44554999,30.47853001,"-83.44554999, 30.47853001",17R KP 65237 74354,SHELTER,RISK,3,2000, ,R, ,0,0,0,0,28,1680,28,1680,28,S-1435A-2003,No,No,No,No, ,Yes, , , ,,,SHELTER,,Risk Shelter Inventory,Critical Community and Emergency Facilities,Regionally Significant,RSI_PT_901,,Suwannee River Water Management District,FDEM,Risk Shelter Inventory - Special Needs - FDEM,,,Special Needs,North Central Florida,Northeast District,Northwest,2,9,3,Not Affected,Not Affected,Not Affected,Not Affected,Not Affected,Not Affected,Not Affected,Not Affected,Not Affected,Not Affected,Not Affected,Not Affected,Not Affected,Not Affected,Not Affected,Not Affected,Not Affected,Not Affected,Not Affected,Not Affected,Not Affected,453183.3323,719113.4261
1949,98,Belleview MS,10500 SE 36th Ave,Belleview,34420,Marion,-82.08668721,29.06757734,"-82.08668721, 29.06757734",17R LN 94222 15960,SHELTER,RISK,5,1993,4 Classroom,R,75 kW for campus,0,0,0,0,382,7833,131,7833,157, ,No,No,No,No, ,Yes, , , ,,,SHELTER,,Risk Shelter Inventory,Critical Community and Emergency Facilities,Regionally Significant,RSI_PT_937,,St. Johns River Water Management District,FDEM,Risk Shelter Inventory - Special Needs - FDEM,,,Special Needs,East Central Florida,Central District,Northwest,5,24,9,Not Affected,Not Affected,Not Affected,Not Affected,Not Affected,Not Affected,Not Affected,Not Affected,Not Affected,Not Affected,Not Affected,Not Affected,Not Affected,Not Affected,Not Affected,Not Affected,Not Affected,Not Affected,Not Affected,Not Affected,Not Affected,585950.1713,563797.3283
1950,100,West Port HS,3733 SW 80th Ave,Ocala,34482,Marion,-82.25181083,29.1528549,"-82.25181083, 29.15285490",17R LN 78248 25568,SHELTER,RISK,5,1999,1 Gym,A,1875 kW for campus,0,0,0,7320,0,0,395,23672,122, ,No,No,No,Yes, ,Yes, , , ,,,SHELTER,,Risk Shelter Inventory,Critical Community and Emergency Facilities,Regionally Significant,RSI_PT_945,Ocala,Southwest Florida Water Management District,FDEM,Risk Shelter Inventory - Special Needs - FDEM,,,Special Needs,East Central Florida,Central District,Northwest,5,24,9,Not Affected,Not Affected,Not Affected,Not Affected,Not Affected,Not Affected,Not Affected,Not Affected,Not Affected,Not Affected,Not Affected,Not Affected,Not Affected,Not Affected,Not Affected,Not Affected,Medium,Medium,High,High,High,569769.0936,573027.8194
1951,110,Booker T. Washington HS,1200 NW 6th Ave,Miami,33136,Miami-Dade,-80.20480598,25.78654701,"-80.20480598, 25.78654701",17R NJ 79726 52286,SHELTER,RISK,10,2001,14 Classroom,A,325 kW,0,0,514,30838,0,0,514,30838,1028,L,E,5,No,Yes, ,Yes, , , ,,,SHELTER,,Risk Shelter Inventory,Critical Community and Emergency Facilities,Regionally Significant,RSI_PT_1045,Miami,South Florida Water Management District,FDEM,Risk Shelter Inventory - Special Needs - FDEM,,,Special Needs,South Florida,Southeast District,Southeast,6,109,36,Not Affected,Not Affected,Not Affected,Not Affected,Not Affected,Not Affected,Not Affected,Not Affected,Not Affected,Not Affected,Not Affected,Not Affected,Not Affected,Not Affected,Low,Medium,Medium,Medium,Medium,Medium,Medium,780012.0167,203911.7164
1952,114,Florida International University,11290 SW 12th St,Miami,33199,Miami-Dade,-80.3780832,25.7575967,"-80.37808320, 25.75759670",17R NJ 62367 48986,SHELTER,RISK,10,2017,Rec Complex 2nd Floor,A,600 kW,0,0,0,0,91,5443,91,5443,91, ,E,5,AH,No, ,Yes, , , ,,,SHELTER,,Risk Shelter Inventory,Critical Community and Emergency Facilities,Regionally Significant,RSI_PT_1004,,South Florida Water Management District,FDEM,Risk Shelter Inventory - Special Needs - FDEM,,,Special Needs,South Florida,Southeast District,Southeast,6,116,40,Not Affected,Not Affected,Not Affected,Not Affected,Not Affected,Not Affected,Low,Low,Medium,Medium,High,High,High,High,High,Medium,Medium,Medium,High,High,High,762761.2428,200179.2114
1953,118,Davidson MS,6261 Old Bethel Rd,Crestview,32536,Okaloosa,-86.56203002,30.79409801,"-86.56203002, 30.79409801",16R EV 41901 06865,SHELTER,RISK,1,1997,1A Main,R,"Yes, unknown kW",0,0,0,0,82,4920,82,4920,82,S,No,No,No,No, ,Yes,Yes, , ,,,SHELTER,,Risk Shelter Inventory,Critical Community and Emergency Facilities,Regionally Significant,RSI_PT_1152,Crestview,Northwest Florida Water Management District,FDEM,Risk Shelter Inventory - Special Needs - FDEM,,,Special Needs,Emerald Coast,Northwest District,Northwest,3,4,1,Not Affected,Not Affected,Not Affected,Not Affected,Not Affected,Not Affected,Not Affected,Not Affected,Not Affected,Not Affected,Not Affected,Not Affected,Not Affected,Not Affected,Not Affected,Not Affected,Not Affected,Not Affected,Not Affected,Not Affected,Not Affected,154992.1364,756555.2469
1954,121,Freedom HS (priority 3),2500 W Taft Vineland Rd,Orlando,32837,Orange,-81.412138,28.415275,"-81.41213800, 28.41527500",17R MM 59633 43274,SHELTER,RISK,5,2003,7 Cafeteria,A,600 kW,0,0,128,7679,0,0,128,7679,134, ,No,No,No,Yes, ,Yes, , , ,,,SHELTER,,Risk Shelter Inventory,Critical Community and Emergency Facilities,Regionally Significant,RSI_PT_1176,,South Florida Water Management District,FDEM,Risk Shelter Inventory - Special Needs - FDEM,,,Special Needs,East Central Florida,Central District,Northeast,5,44,25,Not Affected,Not Affected,Not Affected,Not Affected,Not Affected,Not Affected,Not Affected,Not Affected,Not Affected,Not Affected,Not Affected,Not Affected,Not Affected,Not Affected,Not Affected,Not Affected,Not Affected,Not Affected,Not Affected,Not Affected,Not Affected,653019.6896,492569.6778
1955,123,Freedom HS (priority 3),2500 W Taft Vineland Rd,Orlando,32806,Orange,-81.412138,28.415275,"-81.41213800, 28.41527500",17R MM 59633 43274,SHELTER,RISK,5,2003,2 Classroom,A, ,0,0,202,12110,0,0,202,12110,134, ,No,No,No,Yes, ,Yes, , ,Yes,,,SHELTER,,Risk Shelter Inventory,Critical Community and Emergency Facilities,Regionally Significant,RSI_PT_1176,,South Florida Water Management District,FDEM,Risk Shelter Inventory - Special Needs - FDEM,,,Special Needs,East Central Florida,Central District,Northeast,5,44,25,Not Affected,Not Affected,Not Affected,Not Affected,Not Affected,Not Affected,Not Affected,Not Affected,Not Affected,Not Affected,Not Affected,Not Affected,Not Affected,Not Affected,Not Affected,Not Affected,Not Affected,Not Affected,Not Affected,Not Affected,Not Affected,653019.6896,492569.6778
1956,130,Palm Beach Central HS (Part),8499 Forest Hill Blvd,Wellington,33414,Palm Beach,-80.1795783,26.65251118,"-80.17957830, 26.65251118",17R NK 81648 48210,SHELTER,RISK,9,2002,8 Gym,A, ,0,0,308,18455,0,0,308,18455,308, ,No,No,No,Yes, ,Yes, , , ,,,SHELTER,,Risk Shelter Inventory,Critical Community and Emergency Facilities,Regionally Significant,RSI_PT_1129,Wellington,South Florida Water Management District,FDEM,Risk Shelter Inventory - Special Needs - FDEM,,,Special Needs,Treasure Coast,Southeast District,Southeast,4,93,26,Not Affected,Not Affected,Not Affected,Not Affected,Not Affected,Not Affected,Not Affected,Not Affected,Not Affected,Not Affected,Not Affected,Not Affected,Not Affected,Not Affected,Not Affected,Not Affected,Not Affected,Not Affected,Not Affected,Not Affected,Not Affected,779560.1726,300052.331
1957,131,Wesley Chapel HS,30651 Wells Rd,Wesley Chapel,33545,Pasco,-82.31210998,28.25603598,"-82.31210998, 28.25603598",17R LM 71289 26263,SHELTER,RISK,7,1998,3 Classoom,A,"N/A160 kW, 1600 kW, and 1000 kW for campus",0,0,0,0,0,0,347,20806,0,S-1467-2004,No,No,No,No, ,Yes, , , ,,,SHELTER,,Risk Shelter Inventory,Critical Community and Emergency Facilities,Regionally Significant,RSI_PT_1434,,Southwest Florida Water Management District,FDEM,Risk Shelter Inventory - Special Needs - FDEM,,,Special Needs,Tampa Bay,Southwest District,Southwest,7,54,23,Not Affected,Not Affected,Not Affected,Not Affected,Not Affected,Not Affected,Not Affected,Not Affected,Not Affected,Not Affected,Not Affected,Not Affected,Not Affected,Not Affected,Not Affected,Not Affected,Not Affected,Not Affected,Not Affected,Low,Low,565276.9048,473361.23
1958,132,Wiregrass Ranch Sr HS,2909 Mansfield Blvd,Wesley Chapel,33543,Pasco,-82.32674504,28.18951301,"-82.32674504, 28.18951301",17R LM 69773 18908,SHELTER,RISK,7,2006,7 Cafeteria,A,2500 kW,0,0,76,4538,0,0,76,4538,104,L,No,No,No,Yes, ,Yes, , , ,,,SHELTER,,Risk Shelter Inventory,Critical Community and Emergency Facilities,Regionally Significant,RSI_PT_1389,,Southwest Florida Water Management District,FDEM,Risk Shelter Inventory - Special Needs - FDEM,,,Special Needs,Tampa Bay,Southwest District,Southwest,7,54,23,Not Affected,Not Affected,Not Affected,Not Affected,Not Affected,Not Affected,Not Affected,Not Affected,Not Affected,Not Affected,Not Affected,Not Affected,Not Affected,Not Affected,Not Affected,Low,Medium,Low,Medium,Medium,Medium,563944.1822,465954.5526
1959,133,Wiregrass Ranch Sr HS,2909 Mansfield Blvd,Wesley Chapel,33543,Pasco,-82.32674504,28.18951301,"-82.32674504, 28.18951301",17R LM 69773 18908,SHELTER,RISK,7,2006,6 Gym,A,2500 kW,0,0,227,13635,0,0,227,13635,106,L,No,No,No,Yes, ,Yes, , , ,,,SHELTER,,Risk Shelter Inventory,Critical Community and Emergency Facilities,Regionally Significant,RSI_PT_1389,,Southwest Florida Water Management District,FDEM,Risk Shelter Inventory - Special Needs - FDEM,,,Special Needs,Tampa Bay,Southwest District,Southwest,7,54,23,Not Affected,Not Affected,Not Affected,Not Affected,Not Affected,Not Affected,Not Affected,Not Affected,Not Affected,Not Affected,Not Affected,Not Affected,Not Affected,Not Affected,Not Affected,Low,Medium,Low,Medium,Medium,Medium,563944.1822,465954.5526
1960,134,Wiregrass Ranch Sr HS,2909 Mansfield Blvd,Wesley Chapel,33543,Pasco,-82.32674504,28.18951301,"-82.32674504, 28.18951301",17R LM 69773 18908,SHELTER,RISK,7,2006,3 Classroom,A,2500 kW,0,0,376,22569,0,0,376,22569,363,L/S,No,No,No,Yes, ,Yes, , , ,,,SHELTER,,Risk Shelter Inventory,Critical Community and Emergency Facilities,Regionally Significant,RSI_PT_1389,,Southwest Florida Water Management District,FDEM,Risk Shelter Inventory - Special Needs - FDEM,,,Special Needs,Tampa Bay,Southwest District,Southwest,7,54,23,Not Affected,Not Affected,Not Affected,Not Affected,Not Affected,Not Affected,Not Affected,Not Affected,Not Affected,Not Affected,Not Affected,Not Affected,Not Affected,Not Affected,Not Affected,Low,Medium,Low,Medium,Medium,Medium,563944.1822,465954.5526
1961,135,Wesley Chapel HS,30651 Wells Rd,Wesley Chapel,33545,Pasco,-82.31210998,28.25603598,"-82.31210998, 28.25603598",17R LM 71289 26263,SHELTER,RISK,7,1998,5 Cafeteria,A,"160 kW, 1600 kW, and 1000 kW for campus",0,0,0,0,0,0,81,4850,0,S-1467-2004,No,No,No,No, ,Yes, , , ,,,SHELTER,,Risk Shelter Inventory,Critical Community and Emergency Facilities,Regionally Significant,RSI_PT_1434,,Southwest Florida Water Management District,FDEM,Risk Shelter Inventory - Special Needs - FDEM,,,Special Needs,Tampa Bay,Southwest District,Southwest,7,54,23,Not Affected,Not Affected,Not Affected,Not Affected,Not Affected,Not Affected,Not Affected,Not Affected,Not Affected,Not Affected,Not Affected,Not Affected,Not Affected,Not Affected,Not Affected,Not Affected,Not Affected,Not Affected,Not Affected,Low,Low,565276.9048,473361.23
1962,136,Wesley Chapel HS,30651 Wells Rd,Wesley Chapel,33545,Pasco,-82.31210998,28.25603598,"-82.31210998, 28.25603598",17R LM 71289 26263,SHELTER,RISK,7,1998,2 Classroom / ESE,A,"160 kW, 1600 kW, and 1000 kW for campus",0,0,0,0,0,0,321,19246,0,S-1467-2004,No,No,No,No, ,Yes, , , ,,,SHELTER,,Risk Shelter Inventory,Critical Community and Emergency Facilities,Regionally Significant,RSI_PT_1434,,Southwest Florida Water Management District,FDEM,Risk Shelter Inventory - Special Needs - FDEM,,,Special Needs,Tampa Bay,Southwest District,Southwest,7,54,23,Not Affected,Not Affected,Not Affected,Not Affected,Not Affected,Not Affected,Not Affected,Not Affected,Not Affected,Not Affected,Not Affected,Not Affected,Not Affected,Not Affected,Not Affected,Not Affected,Not Affected,Not Affected,Not Affected,Low,Low,565276.9048,473361.23
1963,138,Wiregrass Ranch Sr HS,2909 Mansfield Blvd,Wesley Chapel,33543,Pasco,-82.32674504,28.18951301,"-82.32674504, 28.18951301",17R LM 69773 18908,SHELTER,RISK,7,2006,4 Classroom / Art,A,2500 kW,0,0,395,23715,0,0,395,23715,367,L,No,No,No,Yes, ,Yes, , , ,,,SHELTER,,Risk Shelter Inventory,Critical Community and Emergency Facilities,Regionally Significant,RSI_PT_1389,,Southwest Florida Water Management District,FDEM,Risk Shelter Inventory - Special Needs - FDEM,,,Special Needs,Tampa Bay,Southwest District,Southwest,7,54,23,Not Affected,Not Affected,Not Affected,Not Affected,Not Affected,Not Affected,Not Affected,Not Affected,Not Affected,Not Affected,Not Affected,Not Affected,Not Affected,Not Affected,Not Affected,Low,Medium,Low,Medium,Medium,Medium,563944.1822,465954.5526
1964,147,Haines City Adult Day Care Center,751 Scenic Hwy,Haines City,33844,Polk,-81.62570498,28.08457204,"-81.62570498, 28.08457204",17R MM 38526 06728,SHELTER,RISK,6,1995,Center,A, ,0,0,0,0,0,0,60,3618,0, ,No,No,No,No, ,Yes, , , ,,,SHELTER,,Risk Shelter Inventory,Critical Community and Emergency Facilities,Regionally Significant,RSI_PT_1964,Haines City,Southwest Florida Water Management District,FDEM,Risk Shelter Inventory - Special Needs - FDEM,,,Special Needs,Central Florida,Southwest District,Southwest,1,51,12,Not Affected,Not Affected,Not Affected,Not Affected,Not Affected,Not Affected,Not Affected,Not Affected,Not Affected,Not Affected,Not Affected,Not Affected,Not Affected,Not Affected,Not Affected,Not Affected,Not Affected,Not Affected,Not Affected,Low,Low,632848.6704,455429.5881
1965,148,Ridge Community HS,500 Orchid Dr,Davenport,33837,Polk,-81.63157232,28.15030699,"-81.63157232, 28.15030699",17R MM 37987 14014,SHELTER,RISK,6,2004,6 Gym,A, ,0,0,275,16475,0,0,270,16175,1235,L,No,No,No,Yes, ,Yes, , , ,,,SHELTER,,Risk Shelter Inventory,Critical Community and Emergency Facilities,Regionally Significant,RSI_PT_1528,Haines City,Southwest Florida Water Management District,FDEM,Risk Shelter Inventory - Special Needs - FDEM,,,Special Needs,Central Florida,Southwest District,Southwest,1,51,12,Not Affected,Not Affected,Not Affected,Not Affected,Not Affected,Not Affected,Not Affected,Not Affected,Not Affected,Not Affected,Not Affected,Not Affected,Not Affected,Not Affected,Not Affected,Not Affected,Not Affected,Not Affected,Not Affected,Not Affected,Not Affected,632133.1242,462717.4586
1966,151,Pacetti Bay MS,245 Meadowlark Ln,St. Augustine,32092,St. Johns,-81.50250497,29.94514001,"-81.50250497, 29.94514001",17R MP 51507 12812,SHELTER,RISK,4,2006,100 Admin,R, ,0,0,0,0,52,3120,52,3120,0, ,No,No,No,No, ,Yes, , , ,,,SHELTER,,Risk Shelter Inventory,Critical Community and Emergency Facilities,Regionally Significant,RSI_PT_1402,,St. Johns River Water Management District,FDEM,Risk Shelter Inventory - Special Needs - FDEM,,,Special Needs,Northeast Florida,Northeast District,Northeast,2,18,7,Not Affected,Not Affected,Not Affected,Not Affected,Not Affected,Not Affected,Not Affected,Not Affected,Not Affected,Not Affected,Not Affected,Not Affected,Not Affected,Not Affected,Not Affected,Not Affected,Not Affected,Not Affected,Not Affected,Not Affected,Not Affected,640745.3027,662229.1347
1967,152,Pacetti Bay MS,245 Meadowlark Ln,St. Augustine,32092,St. Johns,-81.50250497,29.94514001,"-81.50250497, 29.94514001",17R MP 51507 12812,SHELTER,RISK,4,2006,500B Cafeteria,R,"Yes, unknown kW",0,0,81,4860,81,4860,81,4860,300, ,No,No,No,Yes, ,Yes, , , ,,,SHELTER,,Risk Shelter Inventory,Critical Community and Emergency Facilities,Regionally Significant,RSI_PT_1402,,St. Johns River Water Management District,FDEM,Risk Shelter Inventory - Special Needs - FDEM,,,Special Needs,Northeast Florida,Northeast District,Northeast,2,18,7,Not Affected,Not Affected,Not Affected,Not Affected,Not Affected,Not Affected,Not Affected,Not Affected,Not Affected,Not Affected,Not Affected,Not Affected,Not Affected,Not Affected,Not Affected,Not Affected,Not Affected,Not Affected,Not Affected,Not Affected,Not Affected,640745.3027,662229.1347
1968,156,Bennet C. Russel ES,3740 Excalibur Way,Milton,32583,Santa Rosa,-87.09551855,30.57301487,"-87.09551855, 30.57301487",16R DU 90840 82286,SHELTER,RISK,1,2006,1 A/C Corridors / Cafeteria,A,HW 600KW; GenSet,0,0,237,14196,0,0,237,14196,0, ,No,No,No,No, ,Yes, , ,Yes,,,SHELTER,,Risk Shelter Inventory,Critical Community and Emergency Facilities,Regionally Significant,RSI_PT_1968,,Northwest Florida Water Management District,FDEM,Risk Shelter Inventory - Special Needs - FDEM,,,Special Needs,Emerald Coast,Northwest District,Northwest,3,3,1,Not Affected,Not Affected,Not Affected,Not Affected,Not Affected,Not Affected,Not Affected,Not Affected,Not Affected,Not Affected,Not Affected,Not Affected,Not Affected,Not Affected,Not Affected,Not Affected,Not Affected,Not Affected,Not Affected,Not Affected,Not Affected,103368.4984,733202.2648
1969,157,Milton Community Center,5629 Byrom St,Milton,32570,Santa Rosa,-87.04856304,30.63950001,"-87.04856304, 30.63950001",16R DU 95346 89651,SHELTER,RISK,1,2002,Main,R,280 kW,0,0,0,0,128,7667,128,7667,24, ,No,No,No,No, ,Yes, ,Yes, ,,,SHELTER,,Risk Shelter Inventory,Critical Community and Emergency Facilities,Regionally Significant,RSI_PT_1704,Milton,Northwest Florida Water Management District,FDEM,Risk Shelter Inventory - Special Needs - FDEM,,,Special Needs,Emerald Coast,Northwest District,Northwest,3,3,1,Not Affected,Not Affected,Not Affected,Not Affected,Not Affected,Not Affected,Not Affected,Not Affected,Not Affected,Not Affected,Not Affected,Not Affected,Not Affected,Not Affected,Not Affected,Medium,Medium,Medium,Medium,Medium,Medium,108049.5058,740465.4216
1970,160,Bentley ES,2190 Oregon Ave,Sanford,32771,Seminole,-81.330956,28.79477602,"-81.33095600, 28.79477602",17R MM 67701 85293,SHELTER,RISK,5,2001,1 Main 1st Floor,R,500 kW capacity,0,0,0,0,371,22270,371,22270,100,S-1435A-2003,No,No,No,No, ,Yes,Yes, , ,,,SHELTER,,Risk Shelter Inventory,Critical Community and Emergency Facilities,Regionally Significant,RSI_PT_1733,Sanford,St. Johns River Water Management District,FDEM,Risk Shelter Inventory - Special Needs - FDEM,,,Special Needs,East Central Florida,Central District,Northeast,5,36,10,Not Affected,Not Affected,Not Affected,Not Affected,Not Affected,Not Affected,Not Affected,Not Affected,Not Affected,Not Affected,Not Affected,Not Affected,Not Affected,Not Affected,Not Affected,Not Affected,Not Affected,Not Affected,Not Affected,Not Affected,Not Affected,660043.637,534874.4927
1971,161,Highlands ES,1600 Shepard Rd,Winter Springs,32708,Seminole,-81.31767403,28.71653401,"-81.31767403, 28.71653401",17R MM 68974 76622,SHELTER,RISK,5,1995,1 Main 1st Floor,R,1000 kW for campus,0,0,0,0,373,22355,373,22355,100,S-1118A,No,No,No,No, ,Yes, , , ,,,SHELTER,,Risk Shelter Inventory,Critical Community and Emergency Facilities,Regionally Significant,RSI_PT_1739,Winter Springs,St. Johns River Water Management District,FDEM,Risk Shelter Inventory - Special Needs - FDEM,,,Special Needs,East Central Florida,Central District,Northeast,5,36,10,Not Affected,Not Affected,Not Affected,Not Affected,Not Affected,Not Affected,Not Affected,Not Affected,Not Affected,Not Affected,Not Affected,Not Affected,Not Affected,Not Affected,Not Affected,Not Affected,Not Affected,Not Affected,Not Affected,Not Affected,Not Affected,661526.4768,526215.5957
1972,164,Lake Butler MS,150 SW 6th St,Lake Butler,32054,Union,-82.33933459,30.01799097,"-82.33933459, 30.01799097",17R LP 70841 21534,SHELTER,RISK,3,2008,10 Classroom,A, ,0,0,0,0,77,4620,77,4620,0,SR,No,No,No,No, ,Yes, , , ,,,SHELTER,,Risk Shelter Inventory,Critical Community and Emergency Facilities,Regionally Significant,RSI_PT_1800,Lake Butler,Suwannee River Water Management District,FDEM,Risk Shelter Inventory - Special Needs - FDEM,,,Special Needs,North Central Florida,Northeast District,Northwest,2,10,6,Not Affected,Not Affected,Not Affected,Not Affected,Not Affected,Not Affected,Not Affected,Not Affected,Not Affected,Not Affected,Not Affected,Not Affected,Not Affected,Not Affected,Not Affected,Not Affected,Not Affected,Not Affected,Low,Low,Low,559976.5573,668955.3958
1973,167,Creekside MS,6801 Airport Rd,Port Orange,32128,Volusia,-81.04172703,29.066167,"-81.04172703, 29.06616700",17R MN 95938 15317,SHELTER,RISK,5,1999,2 Dining,A,"Yes, unknown kW",0,0,0,0,0,0,100,6008,185, ,E,No,No,No, ,Yes, , , ,,,SHELTER,,Risk Shelter Inventory,Critical Community and Emergency Facilities,Regionally Significant,RSI_PT_1818,Port Orange,St. Johns River Water Management District,FDEM,Risk Shelter Inventory - Special Needs - FDEM,,,Special Needs,East Central Florida,Central District,Northeast,5,30,8,Not Affected,Not Affected,Not Affected,Not Affected,Not Affected,Not Affected,Not Affected,Not Affected,Not Affected,Not Affected,Not Affected,Not Affected,Not Affected,Not Affected,Not Affected,Not Affected,Not Affected,Not Affected,Not Affected,Not Affected,Not Affected,687495.0006,565646.7301
1974,168,Heritage MS,1001 Parnell Court,Deltona,32738,Volusia,-81.17226201,28.891925,"-81.17226201, 28.89192500",17R MM 83204 96024,SHELTER,RISK,5,1997,2 Dining,R,"Yes, unknown kW",0,0,0,0,104,6264,104,6264,176, ,No,No,No,No, ,Yes, , , ,,,SHELTER,,Risk Shelter Inventory,Critical Community and Emergency Facilities,Regionally Significant,RSI_PT_1842,Deltona,St. Johns River Water Management District,FDEM,Risk Shelter Inventory - Special Needs - FDEM,,,Special Needs,East Central Florida,Central District,Northeast,5,29,8,Not Affected,Not Affected,Not Affected,Not Affected,Not Affected,Not Affected,Not Affected,Not Affected,Not Affected,Not Affected,Not Affected,Not Affected,Not Affected,Not Affected,Not Affected,Not Affected,Not Affected,Not Affected,Not Affected,Not Affected,Not Affected,675255.1072,546004.8208
1975,169,Palm Terrace ES,1825 Dunn Ave,Daytona Beach,32114,Volusia,-81.07428201,29.19849998,"-81.07428201, 29.19849998",17R MN 92778 29980,SHELTER,RISK,5,1991,6 Dining,R,"Yes, unknown kW",0,0,0,0,80,4799,80,4799,0, ,No,No,No,No, ,Yes, , ,Yes,,,SHELTER,,Risk Shelter Inventory,Critical Community and Emergency Facilities,Regionally Significant,RSI_PT_1811,Daytona Beach,St. Johns River Water Management District,FDEM,Risk Shelter Inventory - Special Needs - FDEM,,,Special Needs,East Central Florida,Central District,Northeast,5,28,8,Not Affected,Not Affected,Not Affected,Not Affected,Not Affected,Not Affected,Not Affected,Not Affected,Not Affected,Not Affected,Not Affected,Not Affected,Not Affected,Not Affected,Not Affected,Not Affected,Not Affected,Not Affected,Not Affected,Not Affected,Not Affected,683983.1807,580262.0207
1976,170,Hinson MS,1860 N Clyde Morris Blvd,Ormond Beach,32117,Volusia,-81.09412599,29.23996199,"-81.09412599, 29.23996199",17R MN 90853 34575,SHELTER,RISK,5,2004,2 Dining,R, ,0,0,120,7185,0,0,120,7185,250,L,No,No,No,Yes, ,Yes, , , ,,,SHELTER,,Risk Shelter Inventory,Critical Community and Emergency Facilities,Regionally Significant,RSI_PT_1810,Daytona Beach,St. Johns River Water Management District,FDEM,Risk Shelter Inventory - Special Needs - FDEM,,,Special Needs,East Central Florida,Central District,Northeast,5,28,8,Not Affected,Not Affected,Not Affected,Not Affected,Not Affected,Not Affected,Not Affected,Not Affected,Not Affected,Not Affected,Not Affected,Not Affected,Not Affected,Not Affected,Not Affected,Not Affected,Not Affected,Not Affected,Not Affected,Not Affected,Not Affected,681948.9099,584819.2364
1977,171,Freedom ES,1395 South Blue Lake Ave,DeLand,32724,Volusia,-81.27169502,28.994549,"-81.27169502, 28.99454900",17R MN 73535 07412,SHELTER,RISK,5,1999,2 Dining,A,"Yes, unknown kW",0,0,64,3820,0,0,64,3820,84, ,No,No,No,Yes, ,Yes, , , ,,,SHELTER,,Risk Shelter Inventory,Critical Community and Emergency Facilities,Regionally Significant,RSI_PT_1829,DeLand,St. Johns River Water Management District,FDEM,Risk Shelter Inventory - Special Needs - FDEM,,,Special Needs,East Central Florida,Central District,Northeast,5,29,8,Not Affected,Not Affected,Not Affected,Not Affected,Not Affected,Not Affected,Not Affected,Not Affected,Not Affected,Not Affected,Not Affected,Not Affected,Not Affected,Not Affected,Not Affected,Not Affected,Not Affected,Not Affected,Not Affected,Not Affected,Not Affected,665325.6761,557180.3523
1978,173,Roulhac MS,1535 Brickyard Rd,Chipley,32428,Washington,-85.556347,30.76465448,"-85.55634700, 30.76465448",16R FV 38164 04410,SHELTER,RISK,1,1998,12 (5th Grade wng),A,"Yes, unknown kW",0,0,146,8752,0,0,146,8752,172,EHPA,No,No,No,Yes, ,Yes, , ,Yes,,,SHELTER,,Risk Shelter Inventory,Critical Community and Emergency Facilities,Regionally Significant,RSI_PT_1682,,Northwest Florida Water Management District,FDEM,Risk Shelter Inventory - Special Needs - FDEM,,,Special Needs,Emerald Coast,Northwest District,Northwest,3,5,2,Not Affected,Not Affected,Not Affected,Not Affected,Not Affected,Not Affected,Not Affected,Not Affected,Not Affected,Not Affected,Not Affected,Not Affected,Not Affected,Not Affected,Not Affected,Not Affected,Not Affected,Not Affected,Not Affected,Not Affected,Not Affected,251117.9841,751682.7273